5.018732880 10853.0
5.062198640 11161.0
5.105664400 11560.0
5.149130160 12004.0
5.192595920 12838.0
5.236061680 12974.0
5.279527440 13878.0
5.322993200 15725.0
5.366458960 17554.0
5.409924720 19851.0
5.453390480 23753.0
5.496856240 31146.0
5.540322000 37508.0
5.583787760 44749.0
5.627253520 56040.0
5.670719280 75541.0
5.714185040 105578.0
5.757650800 142790.0
5.801116560 221710.0
5.844582320 357677.0
5.888048080 435720.0
5.931513840 385082.0
5.974979600 206682.0
6.018445360 63300.0
6.061911120 27021.0
6.105376880 19509.0
6.148842640 16658.0
6.192308400 14852.0
6.235774160 13645.0
6.279239920 12114.0
6.322705680 11287.0
6.366171440 10504.0
6.409637200 10326.0
6.453102960 9415.0
6.496568720 9339.0
6.540034480 8967.0
6.583500240 8305.0
6.626966000 8390.0
6.670431760 8123.0
6.713897520 7859.0
6.757363280 7587.0
6.800829040 7502.0
6.844294800 7102.0
6.887760560 6819.0
6.931226320 6838.0
6.974692080 6659.0
7.018157840 6358.0
7.061623600 6136.0
7.105089360 5977.0
7.148555120 5839.0
7.192020880 5731.0
7.235486640 5604.0
7.278952400 5348.0
7.322418160 5324.0
7.365883920 5392.0
7.409349680 5130.0
7.452815440 4881.0
7.496281200 4736.0
7.539746960 4664.0
7.583212720 4535.0
7.626678480 4460.0
7.670144240 4376.0
7.713610000 4350.0
7.757075760 4340.0
7.800541520 4467.0
7.844007280 4289.0
7.887473040 4251.0
7.930938800 4252.0
7.974404560 4178.0
8.017870320 4464.0
8.061336080 4463.0
8.104801840 4490.0
8.148267600 4075.0
8.191733360 4131.0
8.235199120 4098.0
8.278664880 4088.0
8.322130640 4228.0
8.365596400 4479.0
8.409062160 4634.0
8.452527920 5138.0
8.495993680 5147.0
8.539459440 5361.0
8.582925200 5075.0
8.626390960 4642.0
8.669856720 4154.0
8.713322480 3798.0
8.756788240 3765.0
8.800254000 3823.0
8.843719760 3899.0
8.887185520 3983.0
8.930651280 4375.0
8.974117040 4420.0
9.017582800 4861.0
9.061048560 5298.0
9.104514320 5929.0
9.147980080 6561.0
9.191445840 7093.0
9.234911600 7602.0
9.278377360 7711.0
9.321843120 7949.0
9.365308880 8227.0
9.408774640 7618.0
9.452240400 7053.0
9.495706160 6511.0
9.539171920 6982.0
9.582637680 7858.0
9.626103440 8912.0
9.669569200 9926.0
9.713034960 10322.0
9.756500720 10156.0
9.799966480 9095.0
9.843432240 8607.0
9.886898000 9132.0
9.930363760 10626.0
9.973829520 11423.0
10.017295280 12156.0
10.060761040 11801.0
10.104226800 9246.0
10.147692560 6650.0
10.191158320 5036.0
10.234624080 4162.0
10.278089840 4056.0
10.321555600 4421.0
10.365021360 4576.0
10.408487120 4615.0
10.451952880 4154.0
10.495418640 3909.0
10.538884400 3801.0
10.582350160 3800.0
10.625815920 3885.0
10.669281680 3880.0
10.712747440 3909.0
10.756213200 3993.0
10.799678960 4128.0
10.843144720 4535.0
10.886610480 4592.0
10.930076240 4265.0
10.973542000 4396.0
11.017007760 4217.0
11.060473520 4171.0
11.103939280 4163.0
11.147405040 4380.0
11.190870800 4591.0
11.234336560 4797.0
11.277802320 5278.0
11.321268080 5694.0
11.364733840 6774.0
11.408199600 8357.0
11.451665360 10916.0
11.495131120 16722.0
11.538596880 27645.0
11.582062640 31244.0
11.625528400 26603.0
11.668994160 29887.0
11.712459920 41612.0
11.755925680 58527.0
11.799391440 69025.0
11.842857200 54626.0
11.886322960 28492.0
11.929788720 11785.0
11.973254480 8080.0
12.016720240 7569.0
12.060186000 7928.0
12.103651760 8597.0
12.147117520 9554.0
12.190583280 10743.0
12.234049040 13347.0
12.277514800 17175.0
12.320980560 20102.0
12.364446320 21250.0
12.407912080 20107.0
12.451377840 17474.0
12.494843600 15721.0
12.538309360 12305.0
12.581775120 8894.0
12.625240880 6196.0
12.668706640 5112.0
12.712172400 4950.0
12.755638160 4906.0
12.799103920 4990.0
12.842569680 5138.0
12.886035440 5357.0
12.929501200 5771.0
12.972966960 6102.0
13.016432720 6210.0
13.059898480 6508.0
13.103364240 6506.0
13.146830000 5893.0
13.190295760 5400.0
13.233761520 4808.0
13.277227280 4361.0
13.320693040 4187.0
13.364158800 4325.0
13.407624560 4313.0
13.451090320 4342.0
13.494556080 4475.0
13.538021840 4575.0
13.581487600 4868.0
13.624953360 5459.0
13.668419120 5919.0
13.711884880 6231.0
13.755350640 6508.0
13.798816400 6720.0
13.842282160 6761.0
13.885747920 6842.0
13.929213680 7566.0
13.972679440 8339.0
14.016145200 9255.0
14.059610960 10088.0
14.103076720 10539.0
14.146542480 10814.0
14.190008240 9925.0
14.233474000 8873.0
14.276939760 7728.0
14.320405520 6557.0
14.363871280 5529.0
14.407337040 4664.0
14.450802800 4499.0
14.494268560 4353.0
14.537734320 4388.0
14.581200080 4435.0
14.624665840 4594.0
14.668131600 4751.0
14.711597360 4806.0
14.755063120 4748.0
14.798528880 4789.0
14.841994640 4775.0
14.885460400 4685.0
14.928926160 4825.0
14.972391920 4720.0
15.015857680 4697.0
15.059323440 4872.0
15.102789200 5057.0
15.146254960 5151.0
15.189720720 5332.0
15.233186480 5971.0
15.276652240 6232.0
15.320118000 6666.0
15.363583760 6670.0
15.407049520 6411.0
15.450515280 6309.0
15.493981040 5998.0
15.537446800 5658.0
15.580912560 5713.0
15.624378320 5890.0
15.667844080 5936.0
15.711309840 5810.0
15.754775600 5540.0
15.798241360 5179.0
15.841707120 5000.0
15.885172880 4717.0
15.928638640 4820.0
15.972104400 4885.0
16.015570160 5129.0
16.059035920 5378.0
16.102501680 5427.0
16.145967440 5469.0
16.189433200 5427.0
16.232898960 5390.0
16.276364720 5010.0
16.319830480 4847.0
16.363296240 4885.0
16.406762000 5098.0
16.450227760 5189.0
16.493693520 5552.0
16.537159280 5668.0
16.580625040 6166.0
16.624090800 6800.0
16.667556560 7359.0
16.711022320 7630.0
16.754488080 7851.0
16.797953840 8437.0
16.841419600 9108.0
16.884885360 10927.0
16.928351120 13370.0
16.971816880 15857.0
17.015282640 16367.0
17.058748400 15934.0
17.102214160 15276.0
17.145679920 14888.0
17.189145680 14544.0
17.232611440 13680.0
17.276077200 11980.0
17.319542960 10886.0
17.363008720 11460.0
17.406474480 13210.0
17.449940240 15490.0
17.493406000 18028.0
17.536871760 18866.0
17.580337520 18055.0
17.623803280 16235.0
17.667269040 14674.0
17.710734800 13762.0
17.754200560 13557.0
17.797666320 13781.0
17.841132080 14927.0
17.884597840 16272.0
17.928063600 17661.0
17.971529360 19072.0
18.014995120 21654.0
18.058460880 26468.0
18.101926640 33263.0
18.145392400 41044.0
18.188858160 49582.0
18.232323920 52969.0
18.275789680 46878.0
18.319255440 36610.0
18.362721200 26284.0
18.406186960 19402.0
18.449652720 14159.0
18.493118480 10927.0
18.536584240 10522.0
18.580050000 10862.0
18.623515760 11585.0
18.666981520 12385.0
18.710447280 13950.0
18.753913040 16464.0
18.797378800 19766.0
18.840844560 21975.0
18.884310320 22916.0
18.927776080 21926.0
18.971241840 20566.0
19.014707600 18700.0
19.058173360 17410.0
19.101639120 17870.0
19.145104880 18546.0
19.188570640 19264.0
19.232036400 19965.0
19.275502160 22830.0
19.318967920 25217.0
19.362433680 26855.0
19.405899440 27114.0
19.449365200 26322.0
19.492830960 24135.0
19.536296720 21103.0
19.579762480 18848.0
19.623228240 18154.0
19.666694000 19612.0
19.710159760 26684.0
19.753625520 37845.0
19.797091280 40870.0
19.840557040 35037.0
19.884022800 30901.0
19.927488560 24330.0
19.970954320 16326.0
20.014420080 11962.0
20.057885840 10497.0
20.101351600 9445.0
20.144817360 8690.0
20.188283120 8344.0
20.231748880 7837.0
20.275214640 7464.0
20.318680400 7514.0
20.362146160 7549.0
20.405611920 8409.0
20.449077680 9637.0
20.492543440 11311.0
20.536009200 13517.0
20.579474960 15663.0
20.622940720 17539.0
20.666406480 18085.0
20.709872240 16984.0
20.753338000 15794.0
20.796803760 14817.0
20.840269520 14357.0
20.883735280 15240.0
20.927201040 16309.0
20.970666800 17572.0
21.014132560 17899.0
21.057598320 17650.0
21.101064080 17080.0
21.144529840 16775.0
21.187995600 16611.0
21.231461360 15465.0
21.274927120 14136.0
21.318392880 12550.0
21.361858640 11607.0
21.405324400 11561.0
21.448790160 11925.0
21.492255920 12773.0
21.535721680 12863.0
21.579187440 13030.0
21.622653200 12902.0
21.666118960 12004.0
21.709584720 11160.0
21.753050480 10894.0
21.796516240 11552.0
21.839982000 13760.0
21.883447760 17137.0
21.926913520 19106.0
21.970379280 19926.0
22.013845040 17946.0
22.057310800 15055.0
22.100776560 11656.0
22.144242320 8623.0
22.187708080 7258.0
22.231173840 6468.0
22.274639600 6543.0
22.318105360 6315.0
22.361571120 6489.0
22.405036880 6610.0
22.448502640 6342.0
22.491968400 6468.0
22.535434160 6795.0
22.578899920 7038.0
22.622365680 7709.0
22.665831440 8029.0
22.709297200 8699.0
22.752762960 9205.0
22.796228720 9118.0
22.839694480 9114.0
22.883160240 9291.0
22.926626000 9522.0
22.970091760 9434.0
23.013557520 9481.0
23.057023280 9838.0
23.100489040 10052.0
23.143954800 9405.0
23.187420560 8790.0
23.230886320 8257.0
23.274352080 8646.0
23.317817840 9150.0
23.361283600 10187.0
23.404749360 11150.0
23.448215120 11582.0
23.491680880 11833.0
23.535146640 12034.0
23.578612400 12348.0
23.622078160 11707.0
23.665543920 10609.0
23.709009680 9798.0
23.752475440 9120.0
23.795941200 8240.0
23.839406960 7377.0
23.882872720 6623.0
23.926338480 5979.0
23.969804240 5925.0
24.013270000 5822.0
24.056735760 6011.0
24.100201520 6135.0
24.143667280 6589.0
24.187133040 6899.0
24.230598800 7309.0
24.274064560 7873.0
24.317530320 8277.0
24.360996080 8562.0
24.404461840 8516.0
24.447927600 8514.0
24.491393360 7968.0
24.534859120 7350.0
24.578324880 6706.0
24.621790640 6349.0
24.665256400 6251.0
24.708722160 6432.0
24.752187920 6887.0
24.795653680 7754.0
24.839119440 8367.0
24.882585200 8715.0
24.926050960 8624.0
24.969516720 8551.0
25.012982480 8834.0
25.056448240 9752.0
25.099914000 10267.0
25.143379760 9390.0
25.186845520 8303.0
25.230311280 7638.0
25.273777040 7501.0
25.317242800 7660.0
25.360708560 8055.0
25.404174320 8209.0
25.447640080 8119.0
25.491105840 7513.0
25.534571600 7185.0
25.578037360 6721.0
25.621503120 6228.0
25.664968880 5686.0
25.708434640 5200.0
25.751900400 4788.0
25.795366160 4754.0
25.838831920 4468.0
25.882297680 4361.0
25.925763440 4384.0
25.969229200 4578.0
26.012694960 4635.0
26.056160720 4610.0
26.099626480 4655.0
26.143092240 4801.0
26.186558000 5428.0
26.230023760 5930.0
26.273489520 6545.0
26.316955280 7256.0
26.360421040 7953.0
26.403886800 8451.0
26.447352560 8630.0
26.490818320 8721.0
26.534284080 8387.0
26.577749840 7754.0
26.621215600 6890.0
26.664681360 6178.0
26.708147120 5886.0
26.751612880 5898.0
26.795078640 6395.0
26.838544400 6799.0
26.882010160 7098.0
26.925475920 7271.0
26.968941680 7179.0
27.012407440 6730.0
27.055873200 5969.0
27.099338960 5330.0
27.142804720 4940.0
27.186270480 4611.0
27.229736240 4355.0
27.273202000 4251.0
27.316667760 4407.0
27.360133520 4354.0
27.403599280 4366.0
27.447065040 4455.0
27.490530800 4311.0
27.533996560 4109.0
27.577462320 4032.0
27.620928080 3897.0
27.664393840 3994.0
27.707859600 4081.0
27.751325360 4156.0
27.794791120 4004.0
27.838256880 4187.0
27.881722640 4196.0
27.925188400 4158.0
27.968654160 4125.0
28.012119920 4389.0
28.055585680 4383.0
28.099051440 4565.0
28.142517200 4679.0
28.185982960 4950.0
28.229448720 5141.0
28.272914480 5551.0
28.316380240 5834.0
28.359846000 5739.0
28.403311760 5449.0
28.446777520 5464.0
28.490243280 5988.0
28.533709040 5951.0
28.577174800 5549.0
28.620640560 5247.0
28.664106320 5082.0
28.707572080 5059.0
28.751037840 4939.0
28.794503600 4655.0
28.837969360 4275.0
28.881435120 4187.0
28.924900880 4215.0
28.968366640 4242.0
29.011832400 4400.0
29.055298160 4225.0
29.098763920 4405.0
29.142229680 4197.0
29.185695440 4203.0
29.229161200 4191.0
29.272626960 4208.0
29.316092720 4261.0
29.359558480 4316.0
29.403024240 4389.0
29.446490000 4539.0
29.489955760 4373.0
29.533421520 4444.0
29.576887280 4386.0
29.620353040 4406.0
29.663818800 4587.0
29.707284560 4717.0
29.750750320 5088.0
29.794216080 5214.0
29.837681840 5242.0
29.881147600 5194.0
29.924613360 4982.0
29.968079120 4861.0
30.011544880 4479.0
30.055010640 4298.0
30.098476400 4057.0
30.141942160 4185.0
30.185407920 4311.0
30.228873680 4383.0
30.272339440 4591.0
30.315805200 4471.0
30.359270960 4451.0
30.402736720 4531.0
30.446202480 4813.0
30.489668240 5225.0
30.533134000 5524.0
30.576599760 5863.0
30.620065520 5954.0
30.663531280 5935.0
30.706997040 5782.0
30.750462800 5267.0
30.793928560 5216.0
30.837394320 5099.0
30.880860080 5445.0
30.924325840 5878.0
30.967791600 5680.0
31.011257360 4848.0
31.054723120 4411.0
31.098188880 3934.0
31.141654640 3852.0
31.185120400 3698.0
31.228586160 3629.0
31.272051920 3503.0
31.315517680 3529.0
31.358983440 3419.0
31.402449200 3423.0
31.445914960 3431.0
31.489380720 3508.0
31.532846480 3501.0
31.576312240 3332.0
31.619778000 3340.0
31.663243760 3404.0
31.706709520 3299.0
31.750175280 3266.0
31.793641040 3443.0
31.837106800 3446.0
31.880572560 3347.0
31.924038320 3354.0
31.967504080 3468.0
32.010969840 3495.0
32.054435600 3594.0
32.097901360 3786.0
32.141367120 3980.0
32.184832880 4121.0
32.228298640 4175.0
32.271764400 4146.0
32.315230160 3962.0
32.358695920 3958.0
32.402161680 3926.0
32.445627440 3874.0
32.489093200 3865.0
32.532558960 3805.0
32.576024720 3881.0
32.619490480 3856.0
32.662956240 3939.0
32.706422000 3984.0
32.749887760 3984.0
32.793353520 4001.0
32.836819280 4122.0
32.880285040 4014.0
32.923750800 4146.0
32.967216560 4256.0
33.010682320 4311.0
33.054148080 4378.0
33.097613840 4194.0
33.141079600 4226.0
33.184545360 4014.0
33.228011120 3829.0
33.271476880 3715.0
33.314942640 3737.0
33.358408400 3586.0
33.401874160 3411.0
33.445339920 3502.0
33.488805680 3563.0
33.532271440 3634.0
33.575737200 3829.0
33.619202960 3713.0
33.662668720 4000.0
33.706134480 4117.0
33.749600240 4273.0
33.793066000 4717.0
33.836531760 5160.0
33.879997520 5710.0
33.923463280 6077.0
33.966929040 5939.0
34.010394800 5926.0
34.053860560 5420.0
34.097326320 4958.0
34.140792080 4377.0
34.184257840 4090.0
34.227723600 3932.0
34.271189360 3841.0
34.314655120 3879.0
34.358120880 4025.0
34.401586640 4271.0
34.445052400 4337.0
34.488518160 4391.0
34.531983920 4385.0
34.575449680 4273.0
34.618915440 4470.0
34.662381200 4796.0
34.705846960 4895.0
34.749312720 4806.0
34.792778480 4596.0
34.836244240 4632.0
34.879710000 4254.0
34.923175760 4119.0
34.966641520 3851.0
35.010107280 3654.0
35.053573040 3750.0
35.097038800 3750.0
35.140504560 3753.0
35.183970320 3729.0
35.227436080 3728.0
35.270901840 3819.0
35.314367600 4023.0
35.357833360 4059.0
35.401299120 4039.0
35.444764880 4118.0
35.488230640 4195.0
35.531696400 4382.0
35.575162160 4505.0
35.618627920 5180.0
35.662093680 5883.0
35.705559440 5805.0
35.749025200 5512.0
35.792490960 5702.0
35.835956720 5982.0
35.879422480 6516.0
35.922888240 6443.0
35.966354000 6020.0
36.009819760 5634.0
36.053285520 4895.0
36.096751280 4314.0
36.140217040 3987.0
36.183682800 3834.0
36.227148560 3655.0
36.270614320 3534.0
36.314080080 3748.0
36.357545840 3757.0
36.401011600 3622.0
36.444477360 3847.0
36.487943120 3823.0
36.531408880 3856.0
36.574874640 3999.0
36.618340400 3895.0
36.661806160 3905.0
36.705271920 3788.0
36.748737680 3774.0
36.792203440 3748.0
36.835669200 3589.0
36.879134960 3497.0
36.922600720 3570.0
36.966066480 3621.0
37.009532240 3549.0
37.052998000 3499.0
37.096463760 3553.0
37.139929520 3438.0
37.183395280 3390.0
37.226861040 3422.0
37.270326800 3613.0
37.313792560 3631.0
37.357258320 3744.0
37.400724080 3876.0
37.444189840 3786.0
37.487655600 3835.0
37.531121360 3669.0
37.574587120 3451.0
37.618052880 3605.0
37.661518640 3747.0
37.704984400 3966.0
37.748450160 4056.0
37.791915920 4209.0
37.835381680 4066.0
37.878847440 4030.0
37.922313200 4023.0
37.965778960 3865.0
38.009244720 3849.0
38.052710480 3909.0
38.096176240 3983.0
38.139642000 4151.0
38.183107760 4059.0
38.226573520 4015.0
38.270039280 3806.0
38.313505040 3643.0
38.356970800 3524.0
38.400436560 3332.0
38.443902320 3380.0
38.487368080 3307.0
38.530833840 3404.0
38.574299600 3431.0
38.617765360 3744.0
38.661231120 3890.0
38.704696880 3914.0
38.748162640 3971.0
38.791628400 3954.0
38.835094160 3949.0
38.878559920 3954.0
38.922025680 3866.0
38.965491440 3771.0
39.008957200 3724.0
39.052422960 3607.0
39.095888720 3571.0
39.139354480 3691.0
39.182820240 3669.0
39.226286000 3608.0
39.269751760 3521.0
39.313217520 3696.0
39.356683280 3825.0
39.400149040 3860.0
39.443614800 4192.0
39.487080560 4255.0
39.530546320 4157.0
39.574012080 4369.0
39.617477840 4335.0
39.660943600 4311.0
39.704409360 4514.0
39.747875120 4895.0
39.791340880 5170.0
39.834806640 5582.0
39.878272400 6445.0
39.921738160 7243.0
39.965203920 7725.0
40.008669680 7929.0
40.052135440 7655.0
40.095601200 7200.0
40.139066960 6785.0
40.182532720 6636.0
40.225998480 6600.0
40.269464240 6193.0
40.312930000 5743.0
40.356395760 5335.0
40.399861520 4837.0
40.443327280 4364.0
40.486793040 4051.0
40.530258800 4071.0
40.573724560 3971.0
40.617190320 3935.0
40.660656080 3922.0
40.704121840 4125.0
40.747587600 4169.0
40.791053360 4156.0
40.834519120 4092.0
40.877984880 4268.0
40.921450640 4400.0
40.964916400 4175.0
41.008382160 4164.0
41.051847920 4150.0
41.095313680 3997.0
41.138779440 3703.0
41.182245200 3579.0
41.225710960 3694.0
41.269176720 3458.0
41.312642480 3440.0
41.356108240 3405.0
41.399574000 3238.0
41.443039760 3403.0
41.486505520 3365.0
41.529971280 3314.0
41.573437040 3387.0
41.616902800 3295.0
41.660368560 3290.0
41.703834320 3441.0
41.747300080 3333.0
41.790765840 3468.0
41.834231600 3504.0
41.877697360 3563.0
41.921163120 3583.0
41.964628880 3594.0
42.008094640 3531.0
42.051560400 3512.0
42.095026160 3692.0
42.138491920 3620.0
42.181957680 3726.0
42.225423440 3686.0
42.268889200 3716.0
42.312354960 3687.0
42.355820720 3578.0
42.399286480 3475.0
42.442752240 3436.0
42.486218000 3462.0
42.529683760 3538.0
42.573149520 3582.0
42.616615280 3763.0
42.660081040 3791.0
42.703546800 3907.0
42.747012560 4143.0
42.790478320 4510.0
42.833944080 4684.0
42.877409840 4537.0
42.920875600 4582.0
42.964341360 4535.0
43.007807120 4374.0
43.051272880 4218.0
43.094738640 4148.0
43.138204400 4077.0
43.181670160 3811.0
43.225135920 3655.0
43.268601680 3554.0
43.312067440 3329.0
43.355533200 3342.0
43.398998960 3210.0
43.442464720 3066.0
43.485930480 3240.0
43.529396240 3071.0
43.572862000 3141.0
43.616327760 3049.0
43.659793520 3098.0
43.703259280 3007.0
43.746725040 3020.0
43.790190800 3104.0
43.833656560 2999.0
43.877122320 2847.0
43.920588080 2962.0
43.964053840 2880.0
44.007519600 2973.0
44.050985360 3024.0
44.094451120 3016.0
44.137916880 3130.0
44.181382640 3014.0
44.224848400 3076.0
44.268314160 3063.0
44.311779920 2985.0
44.355245680 3047.0
44.398711440 3057.0
44.442177200 3196.0
44.485642960 3261.0
44.529108720 3257.0
44.572574480 3248.0
44.616040240 3254.0
44.659506000 3349.0
44.702971760 3311.0
44.746437520 3417.0
44.789903280 3393.0
44.833369040 3472.0
44.876834800 3578.0
44.920300560 3573.0
44.963766320 3671.0
45.007232080 3415.0
45.050697840 3554.0
45.094163600 3580.0
45.137629360 3620.0
45.181095120 3876.0
45.224560880 3719.0
45.268026640 3771.0
45.311492400 4072.0
45.354958160 4062.0
45.398423920 3744.0
45.441889680 3741.0
45.485355440 3570.0
45.528821200 3424.0
45.572286960 3246.0
45.615752720 3173.0
45.659218480 3075.0
45.702684240 3054.0
45.746150000 3150.0
45.789615760 3129.0
45.833081520 3079.0
45.876547280 3195.0
45.920013040 3073.0
45.963478800 3355.0
46.006944560 3572.0
46.050410320 3855.0
46.093876080 4355.0
46.137341840 4744.0
46.180807600 4955.0
46.224273360 5263.0
46.267739120 5093.0
46.311204880 4939.0
46.354670640 4670.0
46.398136400 4763.0
46.441602160 4041.0
46.485067920 3665.0
46.528533680 3588.0
46.571999440 3348.0
46.615465200 3228.0
46.658930960 3270.0
46.702396720 3294.0
46.745862480 3406.0
46.789328240 3398.0
46.832794000 3306.0
46.876259760 3281.0
46.919725520 3289.0
46.963191280 3175.0
47.006657040 3174.0
47.050122800 3215.0
47.093588560 3193.0
47.137054320 3098.0
47.180520080 3133.0
47.223985840 3224.0
47.267451600 3166.0
47.310917360 3154.0
47.354383120 3147.0
47.397848880 3036.0
47.441314640 2874.0
47.484780400 2885.0
47.528246160 2929.0
47.571711920 2818.0
47.615177680 2857.0
47.658643440 2715.0
47.702109200 2786.0
47.745574960 2763.0
47.789040720 2819.0
47.832506480 2857.0
47.875972240 2778.0
47.919438000 2807.0
47.962903760 2987.0
48.006369520 2944.0
48.049835280 2793.0
48.093301040 2852.0
48.136766800 2665.0
48.180232560 2739.0
48.223698320 2869.0
48.267164080 3085.0
48.310629840 3152.0
48.354095600 3054.0
48.397561360 3093.0
48.441027120 3230.0
48.484492880 3096.0
48.527958640 2972.0
48.571424400 2906.0
48.614890160 2944.0
48.658355920 2865.0
48.701821680 2808.0
48.745287440 2669.0
48.788753200 2550.0
48.832218960 2666.0
48.875684720 2711.0
48.919150480 2603.0
48.962616240 2537.0
49.006082000 2566.0
49.049547760 2574.0
49.093013520 2554.0
49.136479280 2594.0
49.179945040 2535.0
49.223410800 2590.0
49.266876560 2509.0
49.310342320 2565.0
49.353808080 2567.0
49.397273840 2707.0
49.440739600 2545.0
49.484205360 2615.0
49.527671120 2638.0
49.571136880 2450.0
49.614602640 2404.0
49.658068400 2486.0
49.701534160 2575.0
49.744999920 2483.0
49.788465680 2615.0
49.831931440 2601.0
49.875397200 2558.0
49.918862960 2415.0
49.962328720 2523.0
50.005794480 2500.0
50.049260240 2583.0
50.092726000 2492.0
50.136191760 2685.0
50.179657520 2584.0
50.223123280 2693.0
50.266589040 2720.0
50.310054800 2612.0
50.353520560 2610.0
50.396986320 2522.0
50.440452080 2511.0
50.483917840 2524.0
50.527383600 2417.0
50.570849360 2361.0
50.614315120 2328.0
50.657780880 2325.0
50.701246640 2372.0
50.744712400 2297.0
50.788178160 2303.0
50.831643920 2309.0
50.875109680 2346.0
50.918575440 2303.0
50.962041200 2424.0
51.005506960 2476.0
51.048972720 2306.0
51.092438480 2321.0
51.135904240 2349.0
51.179370000 2280.0
51.222835760 2220.0
51.266301520 2227.0
51.309767280 2255.0
51.353233040 2183.0
51.396698800 2173.0
51.440164560 2211.0
51.483630320 2283.0
51.527096080 2197.0
51.570561840 2274.0
51.614027600 2208.0
51.657493360 2257.0
51.700959120 2311.0
51.744424880 2234.0
51.787890640 2199.0
51.831356400 2225.0
51.874822160 2286.0
51.918287920 2352.0
51.961753680 2328.0
52.005219440 2290.0
52.048685200 2360.0
52.092150960 2411.0
52.135616720 2411.0
52.179082480 2406.0
52.222548240 2383.0
52.266014000 2288.0
52.309479760 2375.0
52.352945520 2315.0
52.396411280 2355.0
52.439877040 2270.0
52.483342800 2323.0
52.526808560 2213.0
52.570274320 2133.0
52.613740080 2162.0
52.657205840 2166.0
52.700671600 2139.0
52.744137360 2313.0
52.787603120 2253.0
52.831068880 2272.0
52.874534640 2234.0
52.918000400 2267.0
52.961466160 2346.0
53.004931920 2192.0
53.048397680 2192.0
53.091863440 2201.0
53.135329200 2253.0
53.178794960 2231.0
53.222260720 2332.0
53.265726480 2361.0
53.309192240 2349.0
53.352658000 2329.0
53.396123760 2193.0
53.439589520 2182.0
53.483055280 2145.0
53.526521040 2201.0
53.569986800 2111.0
53.613452560 2100.0
53.656918320 2137.0
53.700384080 2087.0
53.743849840 2160.0
53.787315600 2155.0
53.830781360 2142.0
53.874247120 2172.0
53.917712880 2060.0
53.961178640 2052.0
54.004644400 2017.0
54.048110160 2076.0
54.091575920 1973.0
54.135041680 2109.0
54.178507440 1985.0
54.221973200 2010.0
54.265438960 1999.0
54.308904720 2017.0
54.352370480 2050.0
54.395836240 2008.0
54.439302000 2045.0
54.482767760 2121.0
54.526233520 2027.0
54.569699280 2021.0
54.613165040 2101.0
54.656630800 1959.0
54.700096560 1929.0
54.743562320 1959.0
54.787028080 1925.0
54.830493840 1880.0
54.873959600 1823.0
54.917425360 1803.0
54.960891120 1852.0
55.004356880 1775.0
55.047822640 1846.0
55.091288400 1853.0
55.134754160 1805.0
55.178219920 1859.0
55.221685680 1838.0
55.265151440 1836.0
55.308617200 1783.0
55.352082960 1948.0
55.395548720 1860.0
55.439014480 1812.0
55.482480240 1735.0
55.525946000 1821.0
55.569411760 1863.0
55.612877520 1877.0
55.656343280 1943.0
55.699809040 1895.0
55.743274800 1873.0
55.786740560 1971.0
55.830206320 2163.0
55.873672080 2092.0
55.917137840 1960.0
55.960603600 1947.0
56.004069360 2082.0
56.047535120 2046.0
56.091000880 2033.0
56.134466640 1921.0
56.177932400 1979.0
56.221398160 1903.0
56.264863920 1957.0
56.308329680 1862.0
56.351795440 1822.0
56.395261200 1807.0
56.438726960 1821.0
56.482192720 1747.0
56.525658480 1755.0
56.569124240 1758.0
56.612590000 1856.0
56.656055760 1794.0
56.699521520 1786.0
56.742987280 1854.0
56.786453040 1758.0
56.829918800 1766.0
56.873384560 1769.0
56.916850320 1760.0
56.960316080 1769.0
57.003781840 1730.0
57.047247600 1686.0
57.090713360 1659.0
57.134179120 1687.0
57.177644880 1671.0
57.221110640 1675.0
57.264576400 1660.0
57.308042160 1728.0
57.351507920 1805.0
57.394973680 1692.0
57.438439440 1603.0
57.481905200 1638.0
57.525370960 1679.0
57.568836720 1631.0
57.612302480 1773.0
57.655768240 1670.0
57.699234000 1700.0
57.742699760 1688.0
57.786165520 1714.0
57.829631280 1697.0
57.873097040 1664.0
57.916562800 1629.0
57.960028560 1660.0
58.003494320 1695.0
58.046960080 1640.0
58.090425840 1640.0
58.133891600 1658.0
58.177357360 1596.0
58.220823120 1631.0
58.264288880 1618.0
58.307754640 1660.0
58.351220400 1697.0
58.394686160 1598.0
58.438151920 1679.0
58.481617680 1601.0
58.525083440 1658.0
58.568549200 1561.0
58.612014960 1538.0
58.655480720 1630.0
58.698946480 1657.0
58.742412240 1672.0
58.785878000 1663.0
58.829343760 1676.0
58.872809520 1702.0
58.916275280 1641.0
58.959741040 1628.0
59.003206800 1653.0
59.046672560 1704.0
59.090138320 1667.0
59.133604080 1664.0
59.177069840 1770.0
59.220535600 1737.0
59.264001360 1699.0
59.307467120 1636.0
59.350932880 1706.0
59.394398640 1584.0
59.437864400 1661.0
59.481330160 1712.0
59.524795920 1604.0
59.568261680 1669.0
59.611727440 1711.0
59.655193200 1612.0
59.698658960 1611.0
59.742124720 1571.0
59.785590480 1604.0
59.829056240 1595.0
59.872522000 1582.0
59.915987760 1508.0
59.959453520 1597.0
60.002919280 1550.0
60.046385040 1493.0
60.089850800 1506.0
60.133316560 1591.0
60.176782320 1511.0
60.220248080 1535.0
60.263713840 1416.0
60.307179600 1511.0
60.350645360 1470.0
60.394111120 1493.0
60.437576880 1515.0
60.481042640 1518.0
60.524508400 1512.0
60.567974160 1554.0
60.611439920 1466.0
60.654905680 1434.0
60.698371440 1445.0
60.741837200 1432.0
60.785302960 1541.0
60.828768720 1488.0
60.872234480 1497.0
60.915700240 1426.0
60.959166000 1472.0
61.002631760 1522.0
61.046097520 1436.0
61.089563280 1437.0
61.133029040 1414.0
61.176494800 1500.0
61.219960560 1474.0
61.263426320 1490.0
61.306892080 1537.0
61.350357840 1481.0
61.393823600 1494.0
61.437289360 1466.0
61.480755120 1441.0
61.524220880 1426.0
61.567686640 1485.0
61.611152400 1490.0
61.654618160 1501.0
61.698083920 1465.0
61.741549680 1554.0
61.785015440 1578.0
61.828481200 1493.0
61.871946960 1434.0
61.915412720 1442.0
61.958878480 1525.0
62.002344240 1438.0
62.045810000 1468.0
62.089275760 1444.0
62.132741520 1454.0
62.176207280 1468.0
62.219673040 1406.0
62.263138800 1408.0
62.306604560 1433.0
62.350070320 1405.0
62.393536080 1443.0
62.437001840 1502.0
62.480467600 1435.0
62.523933360 1519.0
62.567399120 1454.0
62.610864880 1499.0
62.654330640 1477.0
62.697796400 1469.0
62.741262160 1386.0
62.784727920 1480.0
62.828193680 1471.0
62.871659440 1420.0
62.915125200 1411.0
62.958590960 1502.0
63.002056720 1431.0
63.045522480 1393.0
63.088988240 1407.0
63.132454000 1385.0
63.175919760 1338.0
63.219385520 1388.0
63.262851280 1453.0
63.306317040 1420.0
63.349782800 1417.0
63.393248560 1347.0
63.436714320 1398.0
63.480180080 1406.0
63.523645840 1411.0
63.567111600 1410.0
63.610577360 1427.0
63.654043120 1433.0
63.697508880 1401.0
63.740974640 1365.0
63.784440400 1388.0
63.827906160 1388.0
63.871371920 1375.0
63.914837680 1371.0
63.958303440 1390.0
64.001769200 1372.0
64.045234960 1408.0
64.088700720 1383.0
64.132166480 1375.0
64.175632240 1321.0
64.219098000 1442.0
64.262563760 1391.0
64.306029520 1406.0
64.349495280 1410.0
64.392961040 1480.0
64.436426800 1496.0
64.479892560 1418.0
64.523358320 1402.0
64.566824080 1404.0
64.610289840 1386.0
64.653755600 1429.0
64.697221360 1378.0
64.740687120 1392.0
64.784152880 1370.0
64.827618640 1435.0
64.871084400 1388.0
64.914550160 1381.0
64.958015920 1412.0
65.001481680 1453.0
65.044947440 1420.0
65.088413200 1395.0
65.131878960 1351.0
65.175344720 1382.0
65.218810480 1346.0
65.262276240 1333.0
65.305742000 1445.0
65.349207760 1418.0
65.392673520 1382.0
65.436139280 1381.0
65.479605040 1472.0
65.523070800 1342.0
65.566536560 1370.0
65.610002320 1374.0
65.653468080 1349.0
65.696933840 1389.0
65.740399600 1464.0
65.783865360 1315.0
65.827331120 1363.0
65.870796880 1377.0
65.914262640 1391.0
65.957728400 1368.0
66.001194160 1346.0
66.044659920 1361.0
66.088125680 1350.0
66.131591440 1418.0
66.175057200 1383.0
66.218522960 1340.0
66.261988720 1282.0
66.305454480 1382.0
66.348920240 1306.0
66.392386000 1376.0
66.435851760 1340.0
66.479317520 1286.0
66.522783280 1359.0
66.566249040 1269.0
66.609714800 1355.0
66.653180560 1267.0
66.696646320 1368.0
66.740112080 1356.0
66.783577840 1317.0
66.827043600 1398.0
66.870509360 1393.0
66.913975120 1263.0
66.957440880 1291.0
67.000906640 1333.0
67.044372400 1320.0
67.087838160 1321.0
67.131303920 1351.0
67.174769680 1334.0
67.218235440 1269.0
67.261701200 1258.0
67.305166960 1278.0
67.348632720 1315.0
67.392098480 1333.0
67.435564240 1383.0
67.479030000 1316.0
67.522495760 1350.0
67.565961520 1298.0
67.609427280 1322.0
67.652893040 1280.0
67.696358800 1316.0
67.739824560 1334.0
67.783290320 1330.0
67.826756080 1207.0
67.870221840 1292.0
67.913687600 1324.0
67.957153360 1292.0
68.000619120 1346.0
68.044084880 1233.0
68.087550640 1270.0
68.131016400 1253.0
68.174482160 1360.0
68.217947920 1304.0
68.261413680 1369.0
68.304879440 1310.0
68.348345200 1328.0
68.391810960 1342.0
68.435276720 1304.0
68.478742480 1364.0
68.522208240 1290.0
68.565674000 1294.0
68.609139760 1286.0
68.652605520 1276.0
68.696071280 1246.0
68.739537040 1351.0
68.783002800 1299.0
68.826468560 1339.0
68.869934320 1379.0
68.913400080 1247.0
68.956865840 1280.0
69.000331600 1286.0
69.043797360 1331.0
69.087263120 1363.0
69.130728880 1252.0
69.174194640 1299.0
69.217660400 1251.0
69.261126160 1191.0
69.304591920 1218.0
69.348057680 1282.0
69.391523440 1280.0
69.434989200 1258.0
69.478454960 1271.0
69.521920720 1272.0
69.565386480 1307.0
69.608852240 1224.0
69.652318000 1273.0
69.695783760 1305.0
69.739249520 1263.0
69.782715280 1321.0
69.826181040 1307.0
69.869646800 1359.0
69.913112560 1329.0
69.956578320 1285.0
