10.011433220 1629.0
10.022299660 1679.0
10.033166100 1591.0
10.044032540 1705.0
10.054898980 1673.0
10.065765420 1548.0
10.076631860 1675.0
10.087498300 1653.0
10.098364740 1667.0
10.109231180 1587.0
10.120097620 1595.0
10.130964060 1658.0
10.141830500 1675.0
10.152696940 1724.0
10.163563380 1651.0
10.174429820 1620.0
10.185296260 1701.0
10.196162700 1623.0
10.207029140 1723.0
10.217895580 1644.0
10.228762020 1682.0
10.239628460 1533.0
10.250494900 1701.0
10.261361340 1592.0
10.272227780 1613.0
10.283094220 1689.0
10.293960660 1664.0
10.304827100 1727.0
10.315693540 1646.0
10.326559980 1636.0
10.337426420 1637.0
10.348292860 1609.0
10.359159300 1731.0
10.370025740 1663.0
10.380892180 1691.0
10.391758620 1715.0
10.402625060 1588.0
10.413491500 1697.0
10.424357940 1674.0
10.435224380 1639.0
10.446090820 1634.0
10.456957260 1601.0
10.467823700 1601.0
10.478690140 1636.0
10.489556580 1608.0
10.500423020 1607.0
10.511289460 1710.0
10.522155900 1629.0
10.533022340 1697.0
10.543888780 1584.0
10.554755220 1662.0
10.565621660 1634.0
10.576488100 1676.0
10.587354540 1578.0
10.598220980 1653.0
10.609087420 1614.0
10.619953860 1669.0
10.630820300 1729.0
10.641686740 1635.0
10.652553180 1685.0
10.663419620 1691.0
10.674286060 1658.0
10.685152500 1673.0
10.696018940 1683.0
10.706885380 1632.0
10.717751820 1652.0
10.728618260 1642.0
10.739484700 1648.0
10.750351140 1636.0
10.761217580 1634.0
10.772084020 1632.0
10.782950460 1686.0
10.793816900 1635.0
10.804683340 1621.0
10.815549780 1662.0
10.826416220 1733.0
10.837282660 1713.0
10.848149100 1665.0
10.859015540 1602.0
10.869881980 1771.0
10.880748420 1625.0
10.891614860 1650.0
10.902481300 1688.0
10.913347740 1650.0
10.924214180 1714.0
10.935080620 1663.0
10.945947060 1724.0
10.956813500 1745.0
10.967679940 1665.0
10.978546380 1692.0
10.989412820 1720.0
11.000279260 1645.0
11.011145700 1610.0
11.022012140 1630.0
11.032878580 1621.0
11.043745020 1621.0
11.054611460 1710.0
11.065477900 1607.0
11.076344340 1637.0
11.087210780 1633.0
11.098077220 1686.0
11.108943660 1636.0
11.119810100 1666.0
11.130676540 1741.0
11.141542980 1667.0
11.152409420 1636.0
11.163275860 1653.0
11.174142300 1683.0
11.185008740 1656.0
11.195875180 1683.0
11.206741620 1697.0
11.217608060 1570.0
11.228474500 1626.0
11.239340940 1650.0
11.250207380 1641.0
11.261073820 1680.0
11.271940260 1629.0
11.282806700 1674.0
11.293673140 1708.0
11.304539580 1612.0
11.315406020 1664.0
11.326272460 1578.0
11.337138900 1745.0
11.348005340 1726.0
11.358871780 1728.0
11.369738220 1671.0
11.380604660 1641.0
11.391471100 1653.0
11.402337540 1622.0
11.413203980 1645.0
11.424070420 1596.0
11.434936860 1679.0
11.445803300 1567.0
11.456669740 1652.0
11.467536180 1634.0
11.478402620 1683.0
11.489269060 1696.0
11.500135500 1677.0
11.511001940 1695.0
11.521868380 1616.0
11.532734820 1684.0
11.543601260 1611.0
11.554467700 1695.0
11.565334140 1615.0
11.576200580 1657.0
11.587067020 1594.0
11.597933460 1618.0
11.608799900 1597.0
11.619666340 1716.0
11.630532780 1669.0
11.641399220 1602.0
11.652265660 1592.0
11.663132100 1659.0
11.673998540 1627.0
11.684864980 1739.0
11.695731420 1680.0
11.706597860 1633.0
11.717464300 1636.0
11.728330740 1614.0
11.739197180 1657.0
11.750063620 1612.0
11.760930060 1631.0
11.771796500 1666.0
11.782662940 1692.0
11.793529380 1659.0
11.804395820 1657.0
11.815262260 1697.0
11.826128700 1669.0
11.836995140 1654.0
11.847861580 1602.0
11.858728020 1704.0
11.869594460 1648.0
11.880460900 1668.0
11.891327340 1637.0
11.902193780 1683.0
11.913060220 1607.0
11.923926660 1674.0
11.934793100 1577.0
11.945659540 1600.0
11.956525980 1638.0
11.967392420 1638.0
11.978258860 1623.0
11.989125300 1565.0
11.999991740 1652.0
12.010858180 1641.0
12.021724620 1686.0
12.032591060 1676.0
12.043457500 1649.0
12.054323940 1600.0
12.065190380 1654.0
12.076056820 1611.0
12.086923260 1646.0
12.097789700 1579.0
12.108656140 1674.0
12.119522580 1641.0
12.130389020 1630.0
12.141255460 1593.0
12.152121900 1657.0
12.162988340 1581.0
12.173854780 1594.0
12.184721220 1610.0
12.195587660 1508.0
12.206454100 1678.0
12.217320540 1648.0
12.228186980 1563.0
12.239053420 1624.0
12.249919860 1629.0
12.260786300 1638.0
12.271652740 1538.0
12.282519180 1588.0
12.293385620 1545.0
12.304252060 1528.0
12.315118500 1563.0
12.325984940 1614.0
12.336851380 1639.0
12.347717820 1580.0
12.358584260 1623.0
12.369450700 1644.0
12.380317140 1584.0
12.391183580 1638.0
12.402050020 1565.0
12.412916460 1583.0
12.423782900 1619.0
12.434649340 1580.0
12.445515780 1584.0
12.456382220 1569.0
12.467248660 1607.0
12.478115100 1552.0
12.488981540 1511.0
12.499847980 1593.0
12.510714420 1608.0
12.521580860 1529.0
12.532447300 1529.0
12.543313740 1543.0
12.554180180 1600.0
12.565046620 1611.0
12.575913060 1474.0
12.586779500 1633.0
12.597645940 1574.0
12.608512380 1638.0
12.619378820 1525.0
12.630245260 1596.0
12.641111700 1642.0
12.651978140 1653.0
12.662844580 1561.0
12.673711020 1543.0
12.684577460 1568.0
12.695443900 1681.0
12.706310340 1539.0
12.717176780 1640.0
12.728043220 1526.0
12.738909660 1562.0
12.749776100 1533.0
12.760642540 1613.0
12.771508980 1516.0
12.782375420 1608.0
12.793241860 1579.0
12.804108300 1601.0
12.814974740 1559.0
12.825841180 1559.0
12.836707620 1557.0
12.847574060 1599.0
12.858440500 1539.0
12.869306940 1669.0
12.880173380 1478.0
12.891039820 1626.0
12.901906260 1575.0
12.912772700 1503.0
12.923639140 1582.0
12.934505580 1551.0
12.945372020 1609.0
12.956238460 1574.0
12.967104900 1619.0
12.977971340 1571.0
12.988837780 1539.0
12.999704220 1527.0
13.010570660 1535.0
13.021437100 1579.0
13.032303540 1670.0
13.043169980 1516.0
13.054036420 1526.0
13.064902860 1445.0
13.075769300 1574.0
13.086635740 1579.0
13.097502180 1607.0
13.108368620 1562.0
13.119235060 1583.0
13.130101500 1481.0
13.140967940 1599.0
13.151834380 1630.0
13.162700820 1463.0
13.173567260 1546.0
13.184433700 1597.0
13.195300140 1533.0
13.206166580 1561.0
13.217033020 1569.0
13.227899460 1572.0
13.238765900 1491.0
13.249632340 1501.0
13.260498780 1524.0
13.271365220 1574.0
13.282231660 1574.0
13.293098100 1499.0
13.303964540 1496.0
13.314830980 1513.0
13.325697420 1560.0
13.336563860 1512.0
13.347430300 1502.0
13.358296740 1521.0
13.369163180 1511.0
13.380029620 1575.0
13.390896060 1524.0
13.401762500 1565.0
13.412628940 1467.0
13.423495380 1559.0
13.434361820 1471.0
13.445228260 1459.0
13.456094700 1452.0
13.466961140 1537.0
13.477827580 1521.0
13.488694020 1609.0
13.499560460 1516.0
13.510426900 1499.0
13.521293340 1517.0
13.532159780 1436.0
13.543026220 1526.0
13.553892660 1468.0
13.564759100 1568.0
13.575625540 1470.0
13.586491980 1524.0
13.597358420 1449.0
13.608224860 1519.0
13.619091300 1525.0
13.629957740 1512.0
13.640824180 1535.0
13.651690620 1568.0
13.662557060 1561.0
13.673423500 1520.0
13.684289940 1535.0
13.695156380 1515.0
13.706022820 1576.0
13.716889260 1472.0
13.727755700 1473.0
13.738622140 1494.0
13.749488580 1455.0
13.760355020 1416.0
13.771221460 1467.0
13.782087900 1486.0
13.792954340 1517.0
13.803820780 1523.0
13.814687220 1508.0
13.825553660 1476.0
13.836420100 1438.0
13.847286540 1512.0
13.858152980 1458.0
13.869019420 1454.0
13.879885860 1458.0
13.890752300 1542.0
13.901618740 1516.0
13.912485180 1463.0
13.923351620 1505.0
13.934218060 1421.0
13.945084500 1477.0
13.955950940 1481.0
13.966817380 1508.0
13.977683820 1450.0
13.988550260 1429.0
13.999416700 1461.0
14.010283140 1468.0
14.021149580 1463.0
14.032016020 1530.0
14.042882460 1468.0
14.053748900 1452.0
14.064615340 1449.0
14.075481780 1520.0
14.086348220 1524.0
14.097214660 1559.0
14.108081100 1485.0
14.118947540 1465.0
14.129813980 1442.0
14.140680420 1514.0
14.151546860 1444.0
14.162413300 1430.0
14.173279740 1443.0
14.184146180 1471.0
14.195012620 1492.0
14.205879060 1463.0
14.216745500 1405.0
14.227611940 1396.0
14.238478380 1404.0
14.249344820 1377.0
14.260211260 1407.0
14.271077700 1390.0
14.281944140 1507.0
14.292810580 1515.0
14.303677020 1482.0
14.314543460 1407.0
14.325409900 1463.0
14.336276340 1423.0
14.347142780 1397.0
14.358009220 1380.0
14.368875660 1488.0
14.379742100 1357.0
14.390608540 1412.0
14.401474980 1400.0
14.412341420 1405.0
14.423207860 1444.0
14.434074300 1425.0
14.444940740 1402.0
14.455807180 1399.0
14.466673620 1408.0
14.477540060 1484.0
14.488406500 1387.0
14.499272940 1425.0
14.510139380 1446.0
14.521005820 1424.0
14.531872260 1489.0
14.542738700 1424.0
14.553605140 1392.0
14.564471580 1333.0
14.575338020 1379.0
14.586204460 1488.0
14.597070900 1412.0
14.607937340 1344.0
14.618803780 1327.0
14.629670220 1433.0
14.640536660 1475.0
14.651403100 1384.0
14.662269540 1429.0
14.673135980 1410.0
14.684002420 1462.0
14.694868860 1421.0
14.705735300 1508.0
14.716601740 1399.0
14.727468180 1395.0
14.738334620 1427.0
14.749201060 1435.0
14.760067500 1375.0
14.770933940 1345.0
14.781800380 1322.0
14.792666820 1337.0
14.803533260 1387.0
14.814399700 1326.0
14.825266140 1385.0
14.836132580 1313.0
14.846999020 1362.0
14.857865460 1374.0
14.868731900 1296.0
14.879598340 1332.0
14.890464780 1371.0
14.901331220 1424.0
14.912197660 1410.0
14.923064100 1389.0
14.933930540 1352.0
14.944796980 1336.0
14.955663420 1340.0
14.966529860 1375.0
14.977396300 1321.0
14.988262740 1382.0
14.999129180 1344.0
15.009995620 1451.0
15.020862060 1392.0
15.031728500 1386.0
15.042594940 1347.0
15.053461380 1386.0
15.064327820 1422.0
15.075194260 1388.0
15.086060700 1366.0
15.096927140 1321.0
15.107793580 1294.0
15.118660020 1352.0
15.129526460 1328.0
15.140392900 1348.0
15.151259340 1386.0
15.162125780 1302.0
15.172992220 1341.0
15.183858660 1273.0
15.194725100 1409.0
15.205591540 1343.0
15.216457980 1368.0
15.227324420 1336.0
15.238190860 1377.0
15.249057300 1304.0
15.259923740 1388.0
15.270790180 1408.0
15.281656620 1376.0
15.292523060 1351.0
15.303389500 1359.0
15.314255940 1384.0
15.325122380 1381.0
15.335988820 1305.0
15.346855260 1360.0
15.357721700 1391.0
15.368588140 1361.0
15.379454580 1367.0
15.390321020 1352.0
15.401187460 1321.0
15.412053900 1346.0
15.422920340 1405.0
15.433786780 1345.0
15.444653220 1354.0
15.455519660 1326.0
15.466386100 1282.0
15.477252540 1326.0
15.488118980 1283.0
15.498985420 1339.0
15.509851860 1233.0
15.520718300 1321.0
15.531584740 1313.0
15.542451180 1281.0
15.553317620 1299.0
15.564184060 1289.0
15.575050500 1317.0
15.585916940 1352.0
15.596783380 1324.0
15.607649820 1325.0
15.618516260 1323.0
15.629382700 1304.0
15.640249140 1246.0
15.651115580 1266.0
15.661982020 1322.0
15.672848460 1335.0
15.683714900 1334.0
15.694581340 1313.0
15.705447780 1317.0
15.716314220 1323.0
15.727180660 1334.0
15.738047100 1319.0
15.748913540 1305.0
15.759779980 1236.0
15.770646420 1258.0
15.781512860 1340.0
15.792379300 1279.0
15.803245740 1229.0
15.814112180 1330.0
15.824978620 1238.0
15.835845060 1260.0
15.846711500 1284.0
15.857577940 1258.0
15.868444380 1322.0
15.879310820 1275.0
15.890177260 1295.0
15.901043700 1248.0
15.911910140 1271.0
15.922776580 1333.0
15.933643020 1356.0
15.944509460 1241.0
15.955375900 1271.0
15.966242340 1310.0
15.977108780 1310.0
15.987975220 1245.0
15.998841660 1256.0
16.009708100 1303.0
16.020574540 1236.0
16.031440980 1261.0
16.042307420 1333.0
16.053173860 1305.0
16.064040300 1230.0
16.074906740 1248.0
16.085773180 1164.0
16.096639620 1261.0
16.107506060 1312.0
16.118372500 1320.0
16.129238940 1298.0
16.140105380 1292.0
16.150971820 1232.0
16.161838260 1226.0
16.172704700 1357.0
16.183571140 1202.0
16.194437580 1234.0
16.205304020 1244.0
16.216170460 1202.0
16.227036900 1273.0
16.237903340 1270.0
16.248769780 1297.0
16.259636220 1257.0
16.270502660 1243.0
16.281369100 1282.0
16.292235540 1208.0
16.303101980 1265.0
16.313968420 1269.0
16.324834860 1268.0
16.335701300 1314.0
16.346567740 1214.0
16.357434180 1325.0
16.368300620 1266.0
16.379167060 1266.0
16.390033500 1217.0
16.400899940 1255.0
16.411766380 1217.0
16.422632820 1278.0
16.433499260 1215.0
16.444365700 1340.0
16.455232140 1247.0
16.466098580 1154.0
16.476965020 1235.0
16.487831460 1209.0
16.498697900 1182.0
16.509564340 1223.0
16.520430780 1238.0
16.531297220 1225.0
16.542163660 1249.0
16.553030100 1260.0
16.563896540 1161.0
16.574762980 1230.0
16.585629420 1226.0
16.596495860 1230.0
16.607362300 1269.0
16.618228740 1338.0
16.629095180 1273.0
16.639961620 1236.0
16.650828060 1225.0
16.661694500 1251.0
16.672560940 1206.0
16.683427380 1257.0
16.694293820 1223.0
16.705160260 1236.0
16.716026700 1270.0
16.726893140 1273.0
16.737759580 1276.0
16.748626020 1179.0
16.759492460 1187.0
16.770358900 1234.0
16.781225340 1246.0
16.792091780 1189.0
16.802958220 1303.0
16.813824660 1282.0
16.824691100 1185.0
16.835557540 1182.0
16.846423980 1174.0
16.857290420 1223.0
16.868156860 1199.0
16.879023300 1228.0
16.889889740 1230.0
16.900756180 1185.0
16.911622620 1292.0
16.922489060 1208.0
16.933355500 1212.0
16.944221940 1210.0
16.955088380 1216.0
16.965954820 1218.0
16.976821260 1136.0
16.987687700 1270.0
16.998554140 1175.0
17.009420580 1229.0
17.020287020 1201.0
17.031153460 1221.0
17.042019900 1178.0
17.052886340 1145.0
17.063752780 1192.0
17.074619220 1194.0
17.085485660 1210.0
17.096352100 1241.0
17.107218540 1183.0
17.118084980 1195.0
17.128951420 1122.0
17.139817860 1103.0
17.150684300 1240.0
17.161550740 1111.0
17.172417180 1163.0
17.183283620 1157.0
17.194150060 1212.0
17.205016500 1228.0
17.215882940 1252.0
17.226749380 1110.0
17.237615820 1212.0
17.248482260 1242.0
17.259348700 1182.0
17.270215140 1241.0
17.281081580 1214.0
17.291948020 1233.0
17.302814460 1156.0
17.313680900 1124.0
17.324547340 1176.0
17.335413780 1203.0
17.346280220 1219.0
17.357146660 1143.0
17.368013100 1197.0
17.378879540 1175.0
17.389745980 1179.0
17.400612420 1182.0
17.411478860 1139.0
17.422345300 1177.0
17.433211740 1140.0
17.444078180 1191.0
17.454944620 1175.0
17.465811060 1164.0
17.476677500 1160.0
17.487543940 1163.0
17.498410380 1103.0
17.509276820 1188.0
17.520143260 1197.0
17.531009700 1174.0
17.541876140 1102.0
17.552742580 1190.0
17.563609020 1171.0
17.574475460 1163.0
17.585341900 1221.0
17.596208340 1103.0
17.607074780 1156.0
17.617941220 1143.0
17.628807660 1229.0
17.639674100 1122.0
17.650540540 1110.0
17.661406980 1184.0
17.672273420 1170.0
17.683139860 1178.0
17.694006300 1156.0
17.704872740 1187.0
17.715739180 1102.0
17.726605620 1172.0
17.737472060 1178.0
17.748338500 1131.0
17.759204940 1145.0
17.770071380 1140.0
17.780937820 1233.0
17.791804260 1082.0
17.802670700 1231.0
17.813537140 1165.0
17.824403580 1154.0
17.835270020 1163.0
17.846136460 1136.0
17.857002900 1144.0
17.867869340 1155.0
17.878735780 1194.0
17.889602220 1170.0
17.900468660 1204.0
17.911335100 1234.0
17.922201540 1153.0
17.933067980 1175.0
17.943934420 1193.0
17.954800860 1090.0
17.965667300 1164.0
17.976533740 1113.0
17.987400180 1100.0
17.998266620 1187.0
18.009133060 1193.0
18.019999500 1152.0
18.030865940 1154.0
18.041732380 1198.0
18.052598820 1191.0
18.063465260 1153.0
18.074331700 1135.0
18.085198140 1138.0
18.096064580 1156.0
18.106931020 1206.0
18.117797460 1146.0
18.128663900 1125.0
18.139530340 1116.0
18.150396780 1169.0
18.161263220 1101.0
18.172129660 1144.0
18.182996100 1073.0
18.193862540 1090.0
18.204728980 1170.0
18.215595420 1105.0
18.226461860 1201.0
18.237328300 1165.0
18.248194740 1123.0
18.259061180 1106.0
18.269927620 1121.0
18.280794060 1114.0
18.291660500 1134.0
18.302526940 1175.0
18.313393380 1171.0
18.324259820 1092.0
18.335126260 1174.0
18.345992700 1113.0
18.356859140 1115.0
18.367725580 1133.0
18.378592020 1129.0
18.389458460 1174.0
18.400324900 1136.0
18.411191340 1158.0
18.422057780 1168.0
18.432924220 1183.0
18.443790660 1153.0
18.454657100 1196.0
18.465523540 1137.0
18.476389980 1128.0
18.487256420 1134.0
18.498122860 1121.0
18.508989300 1131.0
18.519855740 1141.0
18.530722180 1116.0
18.541588620 1123.0
18.552455060 1174.0
18.563321500 1056.0
18.574187940 1082.0
18.585054380 1111.0
18.595920820 1131.0
18.606787260 1097.0
18.617653700 1156.0
18.628520140 1192.0
18.639386580 1146.0
18.650253020 1133.0
18.661119460 1131.0
18.671985900 1107.0
18.682852340 1143.0
18.693718780 1133.0
18.704585220 1199.0
18.715451660 1216.0
18.726318100 1138.0
18.737184540 1215.0
18.748050980 1178.0
18.758917420 1228.0
18.769783860 1200.0
18.780650300 1172.0
18.791516740 1229.0
18.802383180 1169.0
18.813249620 1146.0
18.824116060 1189.0
18.834982500 1189.0
18.845848940 1168.0
18.856715380 1147.0
18.867581820 1103.0
18.878448260 1206.0
18.889314700 1166.0
18.900181140 1165.0
18.911047580 1179.0
18.921914020 1225.0
18.932780460 1194.0
18.943646900 1104.0
18.954513340 1100.0
18.965379780 1114.0
18.976246220 1029.0
18.987112660 1183.0
18.997979100 1155.0
19.008845540 1115.0
19.019711980 1066.0
19.030578420 1125.0
19.041444860 1102.0
19.052311300 1083.0
19.063177740 1117.0
19.074044180 1121.0
19.084910620 1095.0
19.095777060 1173.0
19.106643500 1157.0
19.117509940 1123.0
19.128376380 1140.0
19.139242820 1074.0
19.150109260 1108.0
19.160975700 1033.0
19.171842140 1099.0
19.182708580 1114.0
19.193575020 1145.0
19.204441460 1114.0
19.215307900 1118.0
19.226174340 1104.0
19.237040780 1098.0
19.247907220 1038.0
19.258773660 1047.0
19.269640100 1133.0
19.280506540 1059.0
19.291372980 1099.0
19.302239420 1056.0
19.313105860 1175.0
19.323972300 1150.0
19.334838740 1003.0
19.345705180 1079.0
19.356571620 1059.0
19.367438060 1113.0
19.378304500 1107.0
19.389170940 1156.0
19.400037380 1133.0
19.410903820 1101.0
19.421770260 1087.0
19.432636700 1083.0
19.443503140 1155.0
19.454369580 1128.0
19.465236020 1140.0
19.476102460 1108.0
19.486968900 1126.0
19.497835340 1054.0
19.508701780 1106.0
19.519568220 1041.0
19.530434660 1080.0
19.541301100 1038.0
19.552167540 1057.0
19.563033980 1079.0
19.573900420 1098.0
19.584766860 1120.0
19.595633300 1040.0
19.606499740 1131.0
19.617366180 1140.0
19.628232620 1082.0
19.639099060 1025.0
19.649965500 1079.0
19.660831940 1092.0
19.671698380 1076.0
19.682564820 1141.0
19.693431260 1148.0
19.704297700 1131.0
19.715164140 1047.0
19.726030580 1114.0
19.736897020 1059.0
19.747763460 1027.0
19.758629900 1086.0
19.769496340 1105.0
19.780362780 1119.0
19.791229220 1101.0
19.802095660 1122.0
19.812962100 1117.0
19.823828540 1110.0
19.834694980 1126.0
19.845561420 1114.0
19.856427860 1073.0
19.867294300 1084.0
19.878160740 1078.0
19.889027180 1102.0
19.899893620 1119.0
19.910760060 1052.0
19.921626500 1150.0
19.932492940 1054.0
19.943359380 1089.0
19.954225820 1170.0
19.965092260 1152.0
19.975958700 1138.0
19.986825140 1108.0
19.997691580 1109.0
20.008558020 1129.0
20.019424460 1162.0
20.030290900 1147.0
20.041157340 1161.0
20.052023780 1188.0
20.062890220 1199.0
20.073756660 1232.0
20.084623100 1112.0
20.095489540 1224.0
20.106355980 1196.0
20.117222420 1226.0
20.128088860 1165.0
20.138955300 1322.0
20.149821740 1163.0
20.160688180 1256.0
20.171554620 1244.0
20.182421060 1226.0
20.193287500 1289.0
20.204153940 1231.0
20.215020380 1259.0
20.225886820 1375.0
20.236753260 1301.0
20.247619700 1362.0
20.258486140 1343.0
20.269352580 1365.0
20.280219020 1365.0
20.291085460 1313.0
20.301951900 1424.0
20.312818340 1482.0
20.323684780 1367.0
20.334551220 1370.0
20.345417660 1470.0
20.356284100 1451.0
20.367150540 1516.0
20.378016980 1563.0
20.388883420 1533.0
20.399749860 1511.0
20.410616300 1549.0
20.421482740 1543.0
20.432349180 1629.0
20.443215620 1695.0
20.454082060 1725.0
20.464948500 1802.0
20.475814940 1821.0
20.486681380 1996.0
20.497547820 2013.0
20.508414260 2077.0
20.519280700 2215.0
20.530147140 2336.0
20.541013580 2343.0
20.551880020 2638.0
20.562746460 2850.0
20.573612900 3099.0
20.584479340 3409.0
20.595345780 3599.0
20.606212220 4014.0
20.617078660 4526.0
20.627945100 5114.0
20.638811540 5603.0
20.649677980 6612.0
20.660544420 7642.0
20.671410860 8796.0
20.682277300 10286.0
20.693143740 11839.0
20.704010180 13509.0
20.714876620 15392.0
20.725743060 17231.0
20.736609500 18796.0
20.747475940 21016.0
20.758342380 22384.0
20.769208820 23955.0
20.780075260 25188.0
20.790941700 25202.0
20.801808140 24836.0
20.812674580 23979.0
20.823541020 22000.0
20.834407460 20740.0
20.845273900 18975.0
20.856140340 17513.0
20.867006780 16121.0
20.877873220 14431.0
20.888739660 13390.0
20.899606100 12452.0
20.910472540 11785.0
20.921338980 10969.0
20.932205420 10064.0
20.943071860 9488.0
20.953938300 9025.0
20.964804740 8138.0
20.975671180 7632.0
20.986537620 7008.0
20.997404060 6371.0
21.008270500 5947.0
21.019136940 5177.0
21.030003380 4574.0
21.040869820 3986.0
21.051736260 3831.0
21.062602700 3486.0
21.073469140 3222.0
21.084335580 2912.0
21.095202020 2786.0
21.106068460 2606.0
21.116934900 2440.0
21.127801340 2286.0
21.138667780 2220.0
21.149534220 1960.0
21.160400660 1979.0
21.171267100 1738.0
21.182133540 1721.0
21.192999980 1669.0
21.203866420 1632.0
21.214732860 1560.0
21.225599300 1563.0
21.236465740 1528.0
21.247332180 1443.0
21.258198620 1502.0
21.269065060 1530.0
21.279931500 1465.0
21.290797940 1475.0
21.301664380 1444.0
21.312530820 1398.0
21.323397260 1390.0
21.334263700 1432.0
21.345130140 1386.0
21.355996580 1370.0
21.366863020 1275.0
21.377729460 1239.0
21.388595900 1298.0
21.399462340 1278.0
21.410328780 1257.0
21.421195220 1193.0
21.432061660 1242.0
21.442928100 1189.0
21.453794540 1229.0
21.464660980 1172.0
21.475527420 1237.0
21.486393860 1168.0
21.497260300 1186.0
21.508126740 1218.0
21.518993180 1189.0
21.529859620 1155.0
21.540726060 1192.0
21.551592500 1228.0
21.562458940 1148.0
21.573325380 1220.0
21.584191820 1162.0
21.595058260 1154.0
21.605924700 1143.0
21.616791140 1175.0
21.627657580 1161.0
21.638524020 1198.0
21.649390460 1233.0
21.660256900 1183.0
21.671123340 1171.0
21.681989780 1237.0
21.692856220 1146.0
21.703722660 1205.0
21.714589100 1210.0
21.725455540 1153.0
21.736321980 1193.0
21.747188420 1210.0
21.758054860 1087.0
21.768921300 1187.0
21.779787740 1121.0
21.790654180 1138.0
21.801520620 1100.0
21.812387060 1211.0
21.823253500 1187.0
21.834119940 1195.0
21.844986380 1131.0
21.855852820 1200.0
21.866719260 1198.0
21.877585700 1174.0
21.888452140 1194.0
21.899318580 1187.0
21.910185020 1220.0
21.921051460 1222.0
21.931917900 1159.0
21.942784340 1134.0
21.953650780 1146.0
21.964517220 1223.0
21.975383660 1208.0
21.986250100 1266.0
21.997116540 1130.0
22.007982980 1154.0
22.018849420 1204.0
22.029715860 1199.0
22.040582300 1183.0
22.051448740 1143.0
22.062315180 1170.0
22.073181620 1159.0
22.084048060 1145.0
22.094914500 1156.0
22.105780940 1083.0
22.116647380 1182.0
22.127513820 1040.0
22.138380260 1127.0
22.149246700 1088.0
22.160113140 1104.0
22.170979580 1128.0
22.181846020 1050.0
22.192712460 1138.0
22.203578900 1094.0
22.214445340 1109.0
22.225311780 1183.0
22.236178220 1062.0
22.247044660 1104.0
22.257911100 1165.0
22.268777540 1063.0
22.279643980 1114.0
22.290510420 1112.0
22.301376860 1086.0
22.312243300 1093.0
22.323109740 1084.0
22.333976180 1127.0
22.344842620 1147.0
22.355709060 1085.0
22.366575500 1110.0
22.377441940 1160.0
22.388308380 1094.0
22.399174820 1123.0
22.410041260 1095.0
22.420907700 1124.0
22.431774140 1094.0
22.442640580 1136.0
22.453507020 1116.0
22.464373460 1105.0
22.475239900 1113.0
22.486106340 1080.0
22.496972780 1084.0
22.507839220 1033.0
22.518705660 1138.0
22.529572100 1130.0
22.540438540 1097.0
22.551304980 1095.0
22.562171420 1122.0
22.573037860 1109.0
22.583904300 1107.0
22.594770740 1145.0
22.605637180 1100.0
22.616503620 1123.0
22.627370060 1101.0
22.638236500 1057.0
22.649102940 1083.0
22.659969380 1065.0
22.670835820 1110.0
22.681702260 1102.0
22.692568700 1128.0
22.703435140 1060.0
22.714301580 1084.0
22.725168020 1148.0
22.736034460 1130.0
22.746900900 1082.0
22.757767340 1074.0
22.768633780 1124.0
22.779500220 1170.0
22.790366660 1115.0
22.801233100 1094.0
22.812099540 1105.0
22.822965980 1173.0
22.833832420 1155.0
22.844698860 1095.0
22.855565300 1091.0
22.866431740 1089.0
22.877298180 1132.0
22.888164620 1124.0
22.899031060 1108.0
22.909897500 1178.0
22.920763940 1084.0
22.931630380 1119.0
22.942496820 1094.0
22.953363260 1104.0
22.964229700 1141.0
22.975096140 1151.0
22.985962580 1099.0
22.996829020 1062.0
23.007695460 1127.0
23.018561900 1061.0
23.029428340 1110.0
23.040294780 1065.0
23.051161220 1112.0
23.062027660 1120.0
23.072894100 1148.0
23.083760540 1080.0
23.094626980 1074.0
23.105493420 1065.0
23.116359860 1109.0
23.127226300 1041.0
23.138092740 1090.0
23.148959180 1049.0
23.159825620 1084.0
23.170692060 1094.0
23.181558500 1143.0
23.192424940 1049.0
23.203291380 1092.0
23.214157820 1082.0
23.225024260 1063.0
23.235890700 1023.0
23.246757140 1042.0
23.257623580 1043.0
23.268490020 1077.0
23.279356460 1092.0
23.290222900 1063.0
23.301089340 1112.0
23.311955780 992.0
23.322822220 1095.0
23.333688660 1066.0
23.344555100 1039.0
23.355421540 1033.0
23.366287980 1098.0
23.377154420 1094.0
23.388020860 1105.0
23.398887300 1031.0
23.409753740 1048.0
23.420620180 1065.0
23.431486620 1023.0
23.442353060 1054.0
23.453219500 1031.0
23.464085940 1005.0
23.474952380 1081.0
23.485818820 1020.0
23.496685260 1078.0
23.507551700 1070.0
23.518418140 1040.0
23.529284580 1084.0
23.540151020 1082.0
23.551017460 1070.0
23.561883900 1042.0
23.572750340 1039.0
23.583616780 1086.0
23.594483220 1078.0
23.605349660 1082.0
23.616216100 1025.0
23.627082540 1026.0
23.637948980 1085.0
23.648815420 1100.0
23.659681860 1104.0
23.670548300 1069.0
23.681414740 1009.0
23.692281180 1125.0
23.703147620 1049.0
23.714014060 1069.0
23.724880500 1097.0
23.735746940 1074.0
23.746613380 1063.0
23.757479820 1061.0
23.768346260 1069.0
23.779212700 1050.0
23.790079140 1046.0
23.800945580 1103.0
23.811812020 1162.0
23.822678460 1167.0
23.833544900 1180.0
23.844411340 1139.0
23.855277780 1138.0
23.866144220 1258.0
23.877010660 1227.0
23.887877100 1303.0
23.898743540 1288.0
23.909609980 1267.0
23.920476420 1373.0
23.931342860 1319.0
23.942209300 1261.0
23.953075740 1342.0
23.963942180 1353.0
23.974808620 1332.0
23.985675060 1278.0
23.996541500 1289.0
24.007407940 1192.0
24.018274380 1259.0
24.029140820 1211.0
24.040007260 1149.0
24.050873700 1163.0
24.061740140 1169.0
24.072606580 1154.0
24.083473020 1127.0
24.094339460 1144.0
24.105205900 1141.0
24.116072340 1147.0
24.126938780 1114.0
24.137805220 1114.0
24.148671660 1068.0
24.159538100 1129.0
24.170404540 1056.0
24.181270980 1045.0
24.192137420 1059.0
24.203003860 1086.0
24.213870300 1069.0
24.224736740 1070.0
24.235603180 1107.0
24.246469620 1059.0
24.257336060 1115.0
24.268202500 1128.0
24.279068940 1111.0
24.289935380 1069.0
24.300801820 1049.0
24.311668260 1086.0
24.322534700 1083.0
24.333401140 1053.0
24.344267580 1104.0
24.355134020 983.0
24.366000460 1064.0
24.376866900 1012.0
24.387733340 1092.0
24.398599780 1086.0
24.409466220 1098.0
24.420332660 1076.0
24.431199100 1045.0
24.442065540 1107.0
24.452931980 1037.0
24.463798420 1117.0
24.474664860 1041.0
24.485531300 1078.0
24.496397740 1081.0
24.507264180 1058.0
24.518130620 1080.0
24.528997060 1091.0
24.539863500 1082.0
24.550729940 1043.0
24.561596380 1090.0
24.572462820 1028.0
24.583329260 1062.0
24.594195700 1029.0
24.605062140 1038.0
24.615928580 1053.0
24.626795020 1034.0
24.637661460 1101.0
24.648527900 1119.0
24.659394340 993.0
24.670260780 1036.0
24.681127220 1066.0
24.691993660 1086.0
24.702860100 1090.0
24.713726540 1099.0
24.724592980 1117.0
24.735459420 1021.0
24.746325860 1050.0
24.757192300 1022.0
24.768058740 1017.0
24.778925180 1013.0
24.789791620 1078.0
24.800658060 1044.0
24.811524500 1001.0
24.822390940 1053.0
24.833257380 1090.0
24.844123820 1101.0
24.854990260 1064.0
24.865856700 1072.0
24.876723140 1060.0
24.887589580 1035.0
24.898456020 1062.0
24.909322460 1083.0
24.920188900 1076.0
24.931055340 1077.0
24.941921780 1068.0
24.952788220 1026.0
24.963654660 986.0
24.974521100 1063.0
24.985387540 1024.0
24.996253980 1059.0
25.007120420 1044.0
25.017986860 1030.0
25.028853300 1106.0
25.039719740 1058.0
25.050586180 1081.0
25.061452620 1036.0
25.072319060 1061.0
25.083185500 1004.0
25.094051940 1122.0
25.104918380 1073.0
25.115784820 1082.0
25.126651260 1078.0
25.137517700 1063.0
25.148384140 1070.0
25.159250580 1149.0
25.170117020 1061.0
25.180983460 1059.0
25.191849900 1061.0
25.202716340 1066.0
25.213582780 1102.0
25.224449220 1075.0
25.235315660 1081.0
25.246182100 1099.0
25.257048540 1093.0
25.267914980 1111.0
25.278781420 1114.0
25.289647860 1154.0
25.300514300 1178.0
25.311380740 1154.0
25.322247180 1209.0
25.333113620 1129.0
25.343980060 1157.0
25.354846500 1131.0
25.365712940 1216.0
25.376579380 1172.0
25.387445820 1216.0
25.398312260 1231.0
25.409178700 1206.0
25.420045140 1251.0
25.430911580 1176.0
25.441778020 1159.0
25.452644460 1275.0
25.463510900 1288.0
25.474377340 1285.0
25.485243780 1264.0
25.496110220 1318.0
25.506976660 1248.0
25.517843100 1345.0
25.528709540 1277.0
25.539575980 1377.0
25.550442420 1387.0
25.561308860 1360.0
25.572175300 1442.0
25.583041740 1481.0
25.593908180 1631.0
25.604774620 1575.0
25.615641060 1632.0
25.626507500 1752.0
25.637373940 1732.0
25.648240380 1855.0
25.659106820 1933.0
25.669973260 1928.0
25.680839700 1959.0
25.691706140 1941.0
25.702572580 1953.0
25.713439020 2008.0
25.724305460 2014.0
25.735171900 1997.0
25.746038340 2122.0
25.756904780 2098.0
25.767771220 2173.0
25.778637660 2151.0
25.789504100 2077.0
25.800370540 2027.0
25.811236980 2052.0
25.822103420 2194.0
25.832969860 2110.0
25.843836300 2187.0
25.854702740 2180.0
25.865569180 2040.0
25.876435620 2106.0
25.887302060 2073.0
25.898168500 2084.0
25.909034940 2090.0
25.919901380 2074.0
25.930767820 2194.0
25.941634260 2118.0
25.952500700 2121.0
25.963367140 2163.0
25.974233580 2132.0
25.985100020 2174.0
25.995966460 2252.0
26.006832900 2224.0
26.017699340 2348.0
26.028565780 2441.0
26.039432220 2435.0
26.050298660 2482.0
26.061165100 2572.0
26.072031540 2602.0
26.082897980 2842.0
26.093764420 2881.0
26.104630860 2905.0
26.115497300 2990.0
26.126363740 3057.0
26.137230180 3217.0
26.148096620 3260.0
26.158963060 3385.0
26.169829500 3469.0
26.180695940 3750.0
26.191562380 3638.0
26.202428820 3787.0
26.213295260 3799.0
26.224161700 4030.0
26.235028140 4152.0
26.245894580 4382.0
26.256761020 4516.0
26.267627460 4760.0
26.278493900 5119.0
26.289360340 5494.0
26.300226780 6096.0
26.311093220 6459.0
26.321959660 6947.0
26.332826100 7881.0
26.343692540 8885.0
26.354558980 9735.0
26.365425420 11192.0
26.376291860 13050.0
26.387158300 15198.0
26.398024740 17498.0
26.408891180 20655.0
26.419757620 24296.0
26.430624060 29079.0
26.441490500 34632.0
26.452356940 40671.0
26.463223380 48940.0
26.474089820 58543.0
26.484956260 69782.0
26.495822700 81778.0
26.506689140 94231.0
26.517555580 108725.0
26.528422020 119515.0
26.539288460 128431.0
26.550154900 133336.0
26.561021340 135639.0
26.571887780 132804.0
26.582754220 127991.0
26.593620660 121169.0
26.604487100 114916.0
26.615353540 106931.0
26.626219980 99432.0
26.637086420 90250.0
26.647952860 81718.0
26.658819300 71871.0
26.669685740 64071.0
26.680552180 56846.0
26.691418620 50883.0
26.702285060 45985.0
26.713151500 41147.0
26.724017940 37483.0
26.734884380 33772.0
26.745750820 30350.0
26.756617260 26614.0
26.767483700 24554.0
26.778350140 21907.0
26.789216580 20410.0
26.800083020 18340.0
26.810949460 16690.0
26.821815900 15087.0
26.832682340 13165.0
26.843548780 12141.0
26.854415220 11033.0
26.865281660 10150.0
26.876148100 9325.0
26.887014540 8742.0
26.897880980 7931.0
26.908747420 7206.0
26.919613860 6456.0
26.930480300 6112.0
26.941346740 5529.0
26.952213180 5268.0
26.963079620 4808.0
26.973946060 4441.0
26.984812500 4302.0
26.995678940 4108.0
27.006545380 3844.0
27.017411820 3693.0
27.028278260 3436.0
27.039144700 3262.0
27.050011140 3048.0
27.060877580 3022.0
27.071744020 2823.0
27.082610460 2780.0
27.093476900 2545.0
27.104343340 2467.0
27.115209780 2310.0
27.126076220 2327.0
27.136942660 2153.0
27.147809100 2046.0
27.158675540 2174.0
27.169541980 2000.0
27.180408420 1964.0
27.191274860 1869.0
27.202141300 1922.0
27.213007740 1853.0
27.223874180 1810.0
27.234740620 1774.0
27.245607060 1720.0
27.256473500 1729.0
27.267339940 1682.0
27.278206380 1692.0
27.289072820 1746.0
27.299939260 1722.0
27.310805700 1658.0
27.321672140 1598.0
27.332538580 1671.0
27.343405020 1659.0
27.354271460 1640.0
27.365137900 1625.0
27.376004340 1600.0
27.386870780 1630.0
27.397737220 1616.0
27.408603660 1545.0
27.419470100 1567.0
27.430336540 1536.0
27.441202980 1588.0
27.452069420 1601.0
27.462935860 1504.0
27.473802300 1476.0
27.484668740 1501.0
27.495535180 1558.0
27.506401620 1533.0
27.517268060 1537.0
27.528134500 1485.0
27.539000940 1506.0
27.549867380 1537.0
27.560733820 1476.0
27.571600260 1448.0
27.582466700 1465.0
27.593333140 1507.0
27.604199580 1474.0
27.615066020 1457.0
27.625932460 1493.0
27.636798900 1402.0
27.647665340 1503.0
27.658531780 1471.0
27.669398220 1498.0
27.680264660 1487.0
27.691131100 1388.0
27.701997540 1458.0
27.712863980 1391.0
27.723730420 1347.0
27.734596860 1408.0
27.745463300 1440.0
27.756329740 1466.0
27.767196180 1418.0
27.778062620 1467.0
27.788929060 1435.0
27.799795500 1457.0
27.810661940 1371.0
27.821528380 1423.0
27.832394820 1368.0
27.843261260 1413.0
27.854127700 1449.0
27.864994140 1364.0
27.875860580 1349.0
27.886727020 1389.0
27.897593460 1358.0
27.908459900 1403.0
27.919326340 1381.0
27.930192780 1377.0
27.941059220 1361.0
27.951925660 1404.0
27.962792100 1410.0
27.973658540 1370.0
27.984524980 1335.0
27.995391420 1466.0
28.006257860 1399.0
28.017124300 1427.0
28.027990740 1444.0
28.038857180 1433.0
28.049723620 1416.0
28.060590060 1445.0
28.071456500 1391.0
28.082322940 1423.0
28.093189380 1409.0
28.104055820 1393.0
28.114922260 1402.0
28.125788700 1381.0
28.136655140 1390.0
28.147521580 1429.0
28.158388020 1368.0
28.169254460 1359.0
28.180120900 1338.0
28.190987340 1357.0
28.201853780 1310.0
28.212720220 1394.0
28.223586660 1273.0
28.234453100 1325.0
28.245319540 1321.0
28.256185980 1318.0
28.267052420 1297.0
28.277918860 1365.0
28.288785300 1285.0
28.299651740 1349.0
28.310518180 1335.0
28.321384620 1352.0
28.332251060 1217.0
28.343117500 1259.0
28.353983940 1271.0
28.364850380 1290.0
28.375716820 1367.0
28.386583260 1296.0
28.397449700 1309.0
28.408316140 1258.0
28.419182580 1340.0
28.430049020 1294.0
28.440915460 1290.0
28.451781900 1339.0
28.462648340 1252.0
28.473514780 1297.0
28.484381220 1255.0
28.495247660 1195.0
28.506114100 1288.0
28.516980540 1242.0
28.527846980 1273.0
28.538713420 1273.0
28.549579860 1294.0
28.560446300 1328.0
28.571312740 1329.0
28.582179180 1355.0
28.593045620 1351.0
28.603912060 1317.0
28.614778500 1311.0
28.625644940 1277.0
28.636511380 1267.0
28.647377820 1283.0
28.658244260 1324.0
28.669110700 1287.0
28.679977140 1305.0
28.690843580 1231.0
28.701710020 1262.0
28.712576460 1270.0
28.723442900 1309.0
28.734309340 1266.0
28.745175780 1287.0
28.756042220 1228.0
28.766908660 1268.0
28.777775100 1258.0
28.788641540 1230.0
28.799507980 1233.0
28.810374420 1186.0
28.821240860 1258.0
28.832107300 1248.0
28.842973740 1311.0
28.853840180 1278.0
28.864706620 1287.0
28.875573060 1262.0
28.886439500 1305.0
28.897305940 1307.0
28.908172380 1308.0
28.919038820 1317.0
28.929905260 1275.0
28.940771700 1257.0
28.951638140 1263.0
28.962504580 1288.0
28.973371020 1328.0
28.984237460 1381.0
28.995103900 1323.0
29.005970340 1359.0
29.016836780 1322.0
29.027703220 1334.0
29.038569660 1337.0
29.049436100 1323.0
29.060302540 1382.0
29.071168980 1322.0
29.082035420 1336.0
29.092901860 1363.0
29.103768300 1368.0
29.114634740 1309.0
29.125501180 1341.0
29.136367620 1347.0
29.147234060 1322.0
29.158100500 1313.0
29.168966940 1295.0
29.179833380 1336.0
29.190699820 1390.0
29.201566260 1288.0
29.212432700 1295.0
29.223299140 1309.0
29.234165580 1292.0
29.245032020 1251.0
29.255898460 1260.0
29.266764900 1277.0
29.277631340 1251.0
29.288497780 1237.0
29.299364220 1233.0
29.310230660 1241.0
29.321097100 1201.0
29.331963540 1278.0
29.342829980 1268.0
29.353696420 1191.0
29.364562860 1240.0
29.375429300 1174.0
29.386295740 1235.0
29.397162180 1164.0
29.408028620 1240.0
29.418895060 1184.0
29.429761500 1195.0
29.440627940 1213.0
29.451494380 1219.0
29.462360820 1153.0
29.473227260 1227.0
29.484093700 1182.0
29.494960140 1197.0
29.505826580 1090.0
29.516693020 1141.0
29.527559460 1158.0
29.538425900 1170.0
29.549292340 1138.0
29.560158780 1145.0
29.571025220 1143.0
29.581891660 1142.0
29.592758100 1109.0
29.603624540 1137.0
29.614490980 1096.0
29.625357420 1169.0
29.636223860 1170.0
29.647090300 1141.0
29.657956740 1128.0
29.668823180 1122.0
29.679689620 1091.0
29.690556060 1097.0
29.701422500 1138.0
29.712288940 1169.0
29.723155380 1096.0
29.734021820 1118.0
29.744888260 1099.0
29.755754700 1127.0
29.766621140 1178.0
29.777487580 1102.0
29.788354020 1206.0
29.799220460 1116.0
29.810086900 1113.0
29.820953340 1137.0
29.831819780 1134.0
29.842686220 1115.0
29.853552660 1125.0
29.864419100 1124.0
29.875285540 1122.0
29.886151980 1143.0
29.897018420 1103.0
29.907884860 1051.0
29.918751300 1078.0
29.929617740 1136.0
29.940484180 1076.0
29.951350620 1060.0
29.962217060 1077.0
29.973083500 1084.0
29.983949940 1062.0
29.994816380 1043.0
30.005682820 1062.0
30.016549260 1091.0
30.027415700 1110.0
30.038282140 1094.0
30.049148580 1092.0
30.060015020 1074.0
30.070881460 1076.0
30.081747900 1068.0
30.092614340 1067.0
30.103480780 1061.0
30.114347220 1023.0
30.125213660 1069.0
30.136080100 1074.0
30.146946540 1115.0
30.157812980 1056.0
30.168679420 1097.0
30.179545860 1059.0
30.190412300 1031.0
30.201278740 1036.0
30.212145180 1084.0
30.223011620 1032.0
30.233878060 1034.0
30.244744500 1060.0
30.255610940 1066.0
30.266477380 1097.0
30.277343820 1128.0
30.288210260 1047.0
30.299076700 1093.0
30.309943140 1064.0
30.320809580 1063.0
30.331676020 1091.0
30.342542460 1082.0
30.353408900 1081.0
30.364275340 1073.0
30.375141780 1054.0
30.386008220 1120.0
30.396874660 1006.0
30.407741100 1075.0
30.418607540 1054.0
30.429473980 1095.0
30.440340420 1108.0
30.451206860 1027.0
30.462073300 1019.0
30.472939740 1041.0
30.483806180 986.0
30.494672620 1105.0
30.505539060 1032.0
30.516405500 1021.0
30.527271940 1061.0
30.538138380 1022.0
30.549004820 1067.0
30.559871260 1017.0
30.570737700 1082.0
30.581604140 986.0
30.592470580 1057.0
30.603337020 1059.0
30.614203460 1043.0
30.625069900 1055.0
30.635936340 1044.0
30.646802780 1037.0
30.657669220 994.0
30.668535660 1044.0
30.679402100 993.0
30.690268540 1107.0
30.701134980 1017.0
30.712001420 1014.0
30.722867860 1005.0
30.733734300 1029.0
30.744600740 1044.0
30.755467180 992.0
30.766333620 1037.0
30.777200060 1027.0
30.788066500 1033.0
30.798932940 1024.0
30.809799380 1090.0
30.820665820 1019.0
30.831532260 1088.0
30.842398700 1032.0
30.853265140 1041.0
30.864131580 1043.0
30.874998020 1085.0
30.885864460 1060.0
30.896730900 1052.0
30.907597340 1044.0
30.918463780 1018.0
30.929330220 1032.0
30.940196660 1034.0
30.951063100 1081.0
30.961929540 1044.0
30.972795980 1035.0
30.983662420 1036.0
30.994528860 1042.0
31.005395300 1035.0
31.016261740 1035.0
31.027128180 993.0
31.037994620 1011.0
31.048861060 1043.0
31.059727500 1096.0
31.070593940 1067.0
31.081460380 1028.0
31.092326820 1026.0
31.103193260 981.0
31.114059700 1068.0
31.124926140 1018.0
31.135792580 940.0
31.146659020 1059.0
31.157525460 1061.0
31.168391900 1095.0
31.179258340 1012.0
31.190124780 1035.0
31.200991220 1059.0
31.211857660 1021.0
31.222724100 1108.0
31.233590540 1047.0
31.244456980 1067.0
31.255323420 1029.0
31.266189860 1038.0
31.277056300 1002.0
31.287922740 1049.0
31.298789180 1042.0
31.309655620 966.0
31.320522060 1080.0
31.331388500 987.0
31.342254940 1015.0
31.353121380 1022.0
31.363987820 1068.0
31.374854260 1023.0
31.385720700 1026.0
31.396587140 1067.0
31.407453580 1013.0
31.418320020 1057.0
31.429186460 1043.0
31.440052900 1016.0
31.450919340 1013.0
31.461785780 1062.0
31.472652220 1017.0
31.483518660 1052.0
31.494385100 1103.0
31.505251540 1154.0
31.516117980 1100.0
31.526984420 1059.0
31.537850860 1089.0
31.548717300 1101.0
31.559583740 1101.0
31.570450180 1085.0
31.581316620 1078.0
31.592183060 1092.0
31.603049500 1168.0
31.613915940 1165.0
31.624782380 1163.0
31.635648820 1145.0
31.646515260 1186.0
31.657381700 1180.0
31.668248140 1257.0
31.679114580 1206.0
31.689981020 1233.0
31.700847460 1208.0
31.711713900 1223.0
31.722580340 1197.0
31.733446780 1252.0
31.744313220 1307.0
31.755179660 1227.0
31.766046100 1426.0
31.776912540 1382.0
31.787778980 1439.0
31.798645420 1408.0
31.809511860 1550.0
31.820378300 1518.0
31.831244740 1456.0
31.842111180 1597.0
31.852977620 1575.0
31.863844060 1677.0
31.874710500 1707.0
31.885576940 1640.0
31.896443380 1720.0
31.907309820 1780.0
31.918176260 1767.0
31.929042700 1719.0
31.939909140 1690.0
31.950775580 1639.0
31.961642020 1745.0
31.972508460 1710.0
31.983374900 1668.0
31.994241340 1659.0
32.005107780 1736.0
32.015974220 1626.0
32.026840660 1638.0
32.037707100 1620.0
32.048573540 1577.0
32.059439980 1602.0
32.070306420 1589.0
32.081172860 1492.0
32.092039300 1485.0
32.102905740 1564.0
32.113772180 1542.0
32.124638620 1558.0
32.135505060 1507.0
32.146371500 1538.0
32.157237940 1574.0
32.168104380 1499.0
32.178970820 1480.0
32.189837260 1420.0
32.200703700 1370.0
32.211570140 1430.0
32.222436580 1425.0
32.233303020 1345.0
32.244169460 1337.0
32.255035900 1344.0
32.265902340 1259.0
32.276768780 1292.0
32.287635220 1302.0
32.298501660 1196.0
32.309368100 1201.0
32.320234540 1207.0
32.331100980 1194.0
32.341967420 1184.0
32.352833860 1167.0
32.363700300 1136.0
32.374566740 1186.0
32.385433180 1068.0
32.396299620 1125.0
32.407166060 1129.0
32.418032500 1111.0
32.428898940 1067.0
32.439765380 1118.0
32.450631820 1089.0
32.461498260 1046.0
32.472364700 1032.0
32.483231140 1053.0
32.494097580 999.0
32.504964020 1040.0
32.515830460 993.0
32.526696900 1020.0
32.537563340 1028.0
32.548429780 1035.0
32.559296220 1066.0
32.570162660 979.0
32.581029100 981.0
32.591895540 1029.0
32.602761980 947.0
32.613628420 984.0
32.624494860 1008.0
32.635361300 1004.0
32.646227740 1041.0
32.657094180 1025.0
32.667960620 975.0
32.678827060 1008.0
32.689693500 1048.0
32.700559940 992.0
32.711426380 987.0
32.722292820 1025.0
32.733159260 1038.0
32.744025700 958.0
32.754892140 1065.0
32.765758580 1050.0
32.776625020 1022.0
32.787491460 1113.0
32.798357900 1051.0
32.809224340 1111.0
32.820090780 1009.0
32.830957220 1063.0
32.841823660 1047.0
32.852690100 1074.0
32.863556540 1094.0
32.874422980 1141.0
32.885289420 1038.0
32.896155860 1161.0
32.907022300 1065.0
32.917888740 1186.0
32.928755180 1079.0
32.939621620 1190.0
32.950488060 1142.0
32.961354500 1212.0
32.972220940 1081.0
32.983087380 1146.0
32.993953820 1190.0
33.004820260 1251.0
33.015686700 1233.0
33.026553140 1215.0
33.037419580 1271.0
33.048286020 1273.0
33.059152460 1348.0
33.070018900 1318.0
33.080885340 1273.0
33.091751780 1263.0
33.102618220 1342.0
33.113484660 1307.0
33.124351100 1311.0
33.135217540 1311.0
33.146083980 1305.0
33.156950420 1314.0
33.167816860 1321.0
33.178683300 1232.0
33.189549740 1281.0
33.200416180 1202.0
33.211282620 1216.0
33.222149060 1253.0
33.233015500 1201.0
33.243881940 1253.0
33.254748380 1123.0
33.265614820 1212.0
33.276481260 1145.0
33.287347700 1134.0
33.298214140 1106.0
33.309080580 1052.0
33.319947020 1111.0
33.330813460 1087.0
33.341679900 1012.0
33.352546340 1108.0
33.363412780 1060.0
33.374279220 990.0
33.385145660 971.0
33.396012100 1086.0
33.406878540 1030.0
33.417744980 944.0
33.428611420 974.0
33.439477860 1008.0
33.450344300 1012.0
33.461210740 1075.0
33.472077180 930.0
33.482943620 1063.0
33.493810060 1005.0
33.504676500 891.0
33.515542940 980.0
33.526409380 958.0
33.537275820 974.0
33.548142260 943.0
33.559008700 962.0
33.569875140 943.0
33.580741580 996.0
33.591608020 949.0
33.602474460 989.0
33.613340900 957.0
33.624207340 982.0
33.635073780 1015.0
33.645940220 990.0
33.656806660 967.0
33.667673100 952.0
33.678539540 924.0
33.689405980 934.0
33.700272420 972.0
33.711138860 919.0
33.722005300 948.0
33.732871740 950.0
33.743738180 963.0
33.754604620 915.0
33.765471060 1013.0
33.776337500 904.0
33.787203940 920.0
33.798070380 942.0
33.808936820 946.0
33.819803260 962.0
33.830669700 915.0
33.841536140 985.0
33.852402580 913.0
33.863269020 922.0
33.874135460 980.0
33.885001900 988.0
33.895868340 914.0
33.906734780 920.0
33.917601220 941.0
33.928467660 1023.0
33.939334100 1023.0
33.950200540 1004.0
33.961066980 947.0
33.971933420 1037.0
33.982799860 1030.0
33.993666300 1059.0
34.004532740 1057.0
34.015399180 1022.0
34.026265620 1030.0
34.037132060 1107.0
34.047998500 1064.0
34.058864940 1071.0
34.069731380 1077.0
34.080597820 1086.0
34.091464260 1106.0
34.102330700 1072.0
34.113197140 1037.0
34.124063580 1048.0
34.134930020 1127.0
34.145796460 1049.0
34.156662900 1050.0
34.167529340 1066.0
34.178395780 1006.0
34.189262220 1018.0
34.200128660 985.0
34.210995100 1004.0
34.221861540 969.0
34.232727980 979.0
34.243594420 944.0
34.254460860 941.0
34.265327300 1000.0
34.276193740 1004.0
34.287060180 941.0
34.297926620 988.0
34.308793060 933.0
34.319659500 953.0
34.330525940 987.0
34.341392380 994.0
34.352258820 931.0
34.363125260 888.0
34.373991700 899.0
34.384858140 913.0
34.395724580 898.0
34.406591020 964.0
34.417457460 832.0
34.428323900 881.0
34.439190340 910.0
34.450056780 951.0
34.460923220 843.0
34.471789660 875.0
34.482656100 880.0
34.493522540 894.0
34.504388980 920.0
34.515255420 959.0
34.526121860 933.0
34.536988300 852.0
34.547854740 877.0
34.558721180 891.0
34.569587620 842.0
34.580454060 836.0
34.591320500 883.0
34.602186940 887.0
34.613053380 852.0
34.623919820 871.0
34.634786260 913.0
34.645652700 879.0
34.656519140 872.0
34.667385580 922.0
34.678252020 859.0
34.689118460 839.0
34.699984900 899.0
34.710851340 851.0
34.721717780 869.0
34.732584220 863.0
34.743450660 854.0
34.754317100 870.0
34.765183540 930.0
34.776049980 847.0
34.786916420 909.0
34.797782860 852.0
34.808649300 890.0
34.819515740 846.0
34.830382180 852.0
34.841248620 872.0
34.852115060 903.0
34.862981500 882.0
34.873847940 882.0
34.884714380 963.0
34.895580820 906.0
34.906447260 960.0
34.917313700 864.0
34.928180140 902.0
34.939046580 930.0
34.949913020 884.0
34.960779460 938.0
34.971645900 916.0
34.982512340 936.0
34.993378780 968.0
35.004245220 1024.0
35.015111660 998.0
35.025978100 899.0
35.036844540 1000.0
35.047710980 1054.0
35.058577420 974.0
35.069443860 1008.0
35.080310300 1011.0
35.091176740 958.0
35.102043180 1003.0
35.112909620 927.0
35.123776060 993.0
35.134642500 1049.0
35.145508940 1004.0
35.156375380 1025.0
35.167241820 959.0
35.178108260 951.0
35.188974700 984.0
35.199841140 962.0
35.210707580 994.0
35.221574020 976.0
35.232440460 972.0
35.243306900 1004.0
35.254173340 852.0
35.265039780 915.0
35.275906220 921.0
35.286772660 952.0
35.297639100 900.0
35.308505540 947.0
35.319371980 933.0
35.330238420 975.0
35.341104860 927.0
35.351971300 943.0
35.362837740 956.0
35.373704180 980.0
35.384570620 931.0
35.395437060 943.0
35.406303500 938.0
35.417169940 977.0
35.428036380 943.0
35.438902820 1010.0
35.449769260 891.0
35.460635700 978.0
35.471502140 885.0
35.482368580 1004.0
35.493235020 938.0
35.504101460 930.0
35.514967900 942.0
35.525834340 979.0
35.536700780 929.0
35.547567220 932.0
35.558433660 989.0
35.569300100 953.0
35.580166540 970.0
35.591032980 976.0
35.601899420 903.0
35.612765860 957.0
35.623632300 934.0
35.634498740 918.0
35.645365180 901.0
35.656231620 972.0
35.667098060 891.0
35.677964500 896.0
35.688830940 892.0
35.699697380 973.0
35.710563820 922.0
35.721430260 936.0
35.732296700 955.0
35.743163140 964.0
35.754029580 986.0
35.764896020 931.0
35.775762460 892.0
35.786628900 950.0
35.797495340 872.0
35.808361780 886.0
35.819228220 954.0
35.830094660 899.0
35.840961100 920.0
35.851827540 959.0
35.862693980 962.0
35.873560420 959.0
35.884426860 871.0
35.895293300 927.0
35.906159740 934.0
35.917026180 895.0
35.927892620 960.0
35.938759060 938.0
35.949625500 909.0
35.960491940 944.0
35.971358380 982.0
35.982224820 1032.0
35.993091260 984.0
36.003957700 1062.0
36.014824140 978.0
36.025690580 997.0
36.036557020 973.0
36.047423460 982.0
36.058289900 978.0
36.069156340 974.0
36.080022780 1009.0
36.090889220 1069.0
36.101755660 1095.0
36.112622100 1046.0
36.123488540 1102.0
36.134354980 1091.0
36.145221420 1152.0
36.156087860 1123.0
36.166954300 1143.0
36.177820740 1149.0
36.188687180 1257.0
36.199553620 1253.0
36.210420060 1316.0
36.221286500 1266.0
36.232152940 1399.0
36.243019380 1400.0
36.253885820 1443.0
36.264752260 1524.0
36.275618700 1712.0
36.286485140 1903.0
36.297351580 2045.0
36.308218020 2225.0
36.319084460 2576.0
36.329950900 3098.0
36.340817340 3499.0
36.351683780 4193.0
36.362550220 4962.0
36.373416660 6089.0
36.384283100 7262.0
36.395149540 8736.0
36.406015980 10446.0
36.416882420 11786.0
36.427748860 12872.0
36.438615300 13204.0
36.449481740 13591.0
36.460348180 13116.0
36.471214620 12606.0
36.482081060 12313.0
36.492947500 11674.0
36.503813940 11297.0
36.514680380 11042.0
36.525546820 10539.0
36.536413260 10038.0
36.547279700 9314.0
36.558146140 8595.0
36.569012580 7549.0
36.579879020 6931.0
36.590745460 6005.0
36.601611900 5287.0
36.612478340 4663.0
36.623344780 4064.0
36.634211220 3519.0
36.645077660 3304.0
36.655944100 2833.0
36.666810540 2735.0
36.677676980 2426.0
36.688543420 2407.0
36.699409860 2174.0
36.710276300 2057.0
36.721142740 1814.0
36.732009180 1599.0
36.742875620 1611.0
36.753742060 1534.0
36.764608500 1489.0
36.775474940 1348.0
36.786341380 1342.0
36.797207820 1329.0
36.808074260 1283.0
36.818940700 1202.0
36.829807140 1171.0
36.840673580 1188.0
36.851540020 1086.0
36.862406460 1040.0
36.873272900 1068.0
36.884139340 1015.0
36.895005780 986.0
36.905872220 1023.0
36.916738660 1012.0
36.927605100 939.0
36.938471540 968.0
36.949337980 933.0
36.960204420 972.0
36.971070860 920.0
36.981937300 961.0
36.992803740 898.0
37.003670180 913.0
37.014536620 968.0
37.025403060 913.0
37.036269500 915.0
37.047135940 884.0
37.058002380 870.0
37.068868820 844.0
37.079735260 867.0
37.090601700 883.0
37.101468140 836.0
37.112334580 895.0
37.123201020 883.0
37.134067460 899.0
37.144933900 852.0
37.155800340 876.0
37.166666780 891.0
37.177533220 905.0
37.188399660 828.0
37.199266100 892.0
37.210132540 859.0
37.220998980 835.0
37.231865420 824.0
37.242731860 863.0
37.253598300 879.0
37.264464740 841.0
37.275331180 840.0
37.286197620 781.0
37.297064060 869.0
37.307930500 841.0
37.318796940 823.0
37.329663380 817.0
37.340529820 837.0
37.351396260 793.0
37.362262700 876.0
37.373129140 850.0
37.383995580 889.0
37.394862020 861.0
37.405728460 853.0
37.416594900 852.0
37.427461340 860.0
37.438327780 809.0
37.449194220 801.0
37.460060660 863.0
37.470927100 791.0
37.481793540 813.0
37.492659980 850.0
37.503526420 852.0
37.514392860 842.0
37.525259300 787.0
37.536125740 863.0
37.546992180 810.0
37.557858620 898.0
37.568725060 812.0
37.579591500 873.0
37.590457940 846.0
37.601324380 881.0
37.612190820 862.0
37.623057260 890.0
37.633923700 827.0
37.644790140 826.0
37.655656580 840.0
37.666523020 901.0
37.677389460 843.0
37.688255900 865.0
37.699122340 863.0
37.709988780 901.0
37.720855220 842.0
37.731721660 864.0
37.742588100 902.0
37.753454540 886.0
37.764320980 838.0
37.775187420 886.0
37.786053860 784.0
37.796920300 850.0
37.807786740 812.0
37.818653180 831.0
37.829519620 826.0
37.840386060 836.0
37.851252500 868.0
37.862118940 800.0
37.872985380 868.0
37.883851820 807.0
37.894718260 890.0
37.905584700 825.0
37.916451140 818.0
37.927317580 871.0
37.938184020 871.0
37.949050460 780.0
37.959916900 849.0
37.970783340 777.0
37.981649780 885.0
37.992516220 872.0
38.003382660 839.0
38.014249100 854.0
38.025115540 882.0
38.035981980 834.0
38.046848420 841.0
38.057714860 863.0
38.068581300 902.0
38.079447740 832.0
38.090314180 903.0
38.101180620 874.0
38.112047060 871.0
38.122913500 855.0
38.133779940 848.0
38.144646380 885.0
38.155512820 866.0
38.166379260 854.0
38.177245700 793.0
38.188112140 865.0
38.198978580 806.0
38.209845020 878.0
38.220711460 850.0
38.231577900 797.0
38.242444340 883.0
38.253310780 833.0
38.264177220 837.0
38.275043660 918.0
38.285910100 878.0
38.296776540 840.0
38.307642980 788.0
38.318509420 844.0
38.329375860 798.0
38.340242300 829.0
38.351108740 902.0
38.361975180 863.0
38.372841620 838.0
38.383708060 814.0
38.394574500 841.0
38.405440940 828.0
38.416307380 834.0
38.427173820 852.0
38.438040260 832.0
38.448906700 832.0
38.459773140 871.0
38.470639580 843.0
38.481506020 841.0
38.492372460 887.0
38.503238900 853.0
38.514105340 802.0
38.524971780 809.0
38.535838220 832.0
38.546704660 820.0
38.557571100 893.0
38.568437540 852.0
38.579303980 854.0
38.590170420 808.0
38.601036860 806.0
38.611903300 862.0
38.622769740 794.0
38.633636180 853.0
38.644502620 812.0
38.655369060 841.0
38.666235500 875.0
38.677101940 784.0
38.687968380 815.0
38.698834820 835.0
38.709701260 843.0
38.720567700 812.0
38.731434140 876.0
38.742300580 805.0
38.753167020 837.0
38.764033460 877.0
38.774899900 809.0
38.785766340 868.0
38.796632780 836.0
38.807499220 883.0
38.818365660 868.0
38.829232100 833.0
38.840098540 866.0
38.850964980 904.0
38.861831420 919.0
38.872697860 926.0
38.883564300 936.0
38.894430740 912.0
38.905297180 965.0
38.916163620 952.0
38.927030060 989.0
38.937896500 902.0
38.948762940 942.0
38.959629380 929.0
38.970495820 916.0
38.981362260 919.0
38.992228700 983.0
39.003095140 1015.0
39.013961580 1016.0
39.024828020 1001.0
39.035694460 983.0
39.046560900 987.0
39.057427340 1032.0
39.068293780 1003.0
39.079160220 1037.0
39.090026660 1022.0
39.100893100 1107.0
39.111759540 1095.0
39.122625980 1140.0
39.133492420 1112.0
39.144358860 1153.0
39.155225300 1203.0
39.166091740 1245.0
39.176958180 1297.0
39.187824620 1279.0
39.198691060 1446.0
39.209557500 1477.0
39.220423940 1739.0
39.231290380 1823.0
39.242156820 2041.0
39.253023260 2284.0
39.263889700 2812.0
39.274756140 3269.0
39.285622580 3873.0
39.296489020 4567.0
39.307355460 5501.0
39.318221900 6536.0
39.329088340 7559.0
39.339954780 8525.0
39.350821220 9156.0
39.361687660 9914.0
39.372554100 9839.0
39.383420540 9551.0
39.394286980 9357.0
39.405153420 8968.0
39.416019860 8531.0
39.426886300 8167.0
39.437752740 8009.0
39.448619180 7797.0
39.459485620 7465.0
39.470352060 7330.0
39.481218500 6785.0
39.492084940 6513.0
39.502951380 5722.0
39.513817820 5243.0
39.524684260 4704.0
39.535550700 4210.0
39.546417140 3703.0
39.557283580 3299.0
39.568150020 2849.0
39.579016460 2732.0
39.589882900 2536.0
39.600749340 2268.0
39.611615780 2183.0
39.622482220 2020.0
39.633348660 2017.0
39.644215100 1832.0
39.655081540 1804.0
39.665947980 1756.0
39.676814420 1630.0
39.687680860 1501.0
39.698547300 1491.0
39.709413740 1354.0
39.720280180 1369.0
39.731146620 1278.0
39.742013060 1262.0
39.752879500 1235.0
39.763745940 1210.0
39.774612380 1181.0
39.785478820 1219.0
39.796345260 1124.0
39.807211700 1187.0
39.818078140 1162.0
39.828944580 1169.0
39.839811020 1162.0
39.850677460 1139.0
39.861543900 1102.0
39.872410340 1062.0
39.883276780 1061.0
39.894143220 1002.0
39.905009660 1163.0
39.915876100 1062.0
39.926742540 1094.0
39.937608980 1154.0
39.948475420 1145.0
39.959341860 1196.0
39.970208300 1159.0
39.981074740 1220.0
39.991941180 1284.0
40.002807620 1277.0
40.013674060 1385.0
40.024540500 1319.0
40.035406940 1395.0
40.046273380 1513.0
40.057139820 1610.0
40.068006260 1674.0
40.078872700 1939.0
40.089739140 2269.0
40.100605580 2619.0
40.111472020 3006.0
40.122338460 3692.0
40.133204900 4125.0
40.144071340 4961.0
40.154937780 5462.0
40.165804220 5945.0
40.176670660 6327.0
40.187537100 6344.0
40.198403540 6387.0
40.209269980 6254.0
40.220136420 6030.0
40.231002860 5653.0
40.241869300 5418.0
40.252735740 5304.0
40.263602180 5123.0
40.274468620 5118.0
40.285335060 4811.0
40.296201500 4616.0
40.307067940 4353.0
40.317934380 4059.0
40.328800820 3680.0
40.339667260 3356.0
40.350533700 2926.0
40.361400140 2693.0
40.372266580 2537.0
40.383133020 2326.0
40.393999460 2066.0
40.404865900 1944.0
40.415732340 1748.0
40.426598780 1720.0
40.437465220 1559.0
40.448331660 1496.0
40.459198100 1447.0
40.470064540 1336.0
40.480930980 1292.0
40.491797420 1210.0
40.502663860 1225.0
40.513530300 1186.0
40.524396740 1122.0
40.535263180 1105.0
40.546129620 982.0
40.556996060 1003.0
40.567862500 908.0
40.578728940 969.0
40.589595380 958.0
40.600461820 965.0
40.611328260 921.0
40.622194700 901.0
40.633061140 843.0
40.643927580 882.0
40.654794020 909.0
40.665660460 907.0
40.676526900 876.0
40.687393340 898.0
40.698259780 853.0
40.709126220 886.0
40.719992660 850.0
40.730859100 822.0
40.741725540 863.0
40.752591980 893.0
40.763458420 840.0
40.774324860 861.0
40.785191300 829.0
40.796057740 831.0
40.806924180 853.0
40.817790620 819.0
40.828657060 856.0
40.839523500 812.0
40.850389940 867.0
40.861256380 858.0
40.872122820 810.0
40.882989260 834.0
40.893855700 854.0
40.904722140 885.0
40.915588580 847.0
40.926455020 853.0
40.937321460 875.0
40.948187900 805.0
40.959054340 843.0
40.969920780 877.0
40.980787220 884.0
40.991653660 795.0
41.002520100 821.0
41.013386540 882.0
41.024252980 810.0
41.035119420 815.0
41.045985860 874.0
41.056852300 832.0
41.067718740 895.0
41.078585180 844.0
41.089451620 852.0
41.100318060 872.0
41.111184500 816.0
41.122050940 827.0
41.132917380 841.0
41.143783820 839.0
41.154650260 824.0
41.165516700 809.0
41.176383140 803.0
41.187249580 797.0
41.198116020 852.0
41.208982460 871.0
41.219848900 841.0
41.230715340 778.0
41.241581780 801.0
41.252448220 804.0
41.263314660 861.0
41.274181100 836.0
41.285047540 801.0
41.295913980 826.0
41.306780420 829.0
41.317646860 808.0
41.328513300 844.0
41.339379740 847.0
41.350246180 807.0
41.361112620 823.0
41.371979060 820.0
41.382845500 842.0
41.393711940 807.0
41.404578380 866.0
41.415444820 743.0
41.426311260 788.0
41.437177700 811.0
41.448044140 790.0
41.458910580 855.0
41.469777020 779.0
41.480643460 840.0
41.491509900 836.0
41.502376340 800.0
41.513242780 833.0
41.524109220 817.0
41.534975660 817.0
41.545842100 817.0
41.556708540 858.0
41.567574980 768.0
41.578441420 857.0
41.589307860 823.0
41.600174300 776.0
41.611040740 843.0
41.621907180 764.0
41.632773620 790.0
41.643640060 823.0
41.654506500 851.0
41.665372940 811.0
41.676239380 699.0
41.687105820 817.0
41.697972260 798.0
41.708838700 803.0
41.719705140 851.0
41.730571580 795.0
41.741438020 782.0
41.752304460 813.0
41.763170900 846.0
41.774037340 815.0
41.784903780 847.0
41.795770220 845.0
41.806636660 797.0
41.817503100 853.0
41.828369540 819.0
41.839235980 830.0
41.850102420 861.0
41.860968860 825.0
41.871835300 863.0
41.882701740 823.0
41.893568180 788.0
41.904434620 885.0
41.915301060 895.0
41.926167500 772.0
41.937033940 869.0
41.947900380 922.0
41.958766820 904.0
41.969633260 877.0
41.980499700 887.0
41.991366140 960.0
42.002232580 902.0
42.013099020 918.0
42.023965460 940.0
42.034831900 915.0
42.045698340 986.0
42.056564780 983.0
42.067431220 980.0
42.078297660 973.0
42.089164100 998.0
42.100030540 1032.0
42.110896980 1021.0
42.121763420 1057.0
42.132629860 1114.0
42.143496300 1090.0
42.154362740 1162.0
42.165229180 1139.0
42.176095620 1254.0
42.186962060 1305.0
42.197828500 1395.0
42.208694940 1520.0
42.219561380 1664.0
42.230427820 1989.0
42.241294260 2080.0
42.252160700 2614.0
42.263027140 3006.0
42.273893580 3712.0
42.284760020 4369.0
42.295626460 5006.0
42.306492900 5950.0
42.317359340 6549.0
42.328225780 7030.0
42.339092220 7334.0
42.349958660 7750.0
42.360825100 7740.0
42.371691540 7697.0
42.382557980 7499.0
42.393424420 7058.0
42.404290860 6511.0
42.415157300 6255.0
42.426023740 5814.0
42.436890180 5567.0
42.447756620 5692.0
42.458623060 5405.0
42.469489500 5126.0
42.480355940 4898.0
42.491222380 4601.0
42.502088820 4088.0
42.512955260 3530.0
42.523821700 3197.0
42.534688140 2652.0
42.545554580 2451.0
42.556421020 2175.0
42.567287460 2023.0
42.578153900 1903.0
42.589020340 1776.0
42.599886780 1646.0
42.610753220 1557.0
42.621619660 1431.0
42.632486100 1474.0
42.643352540 1408.0
42.654218980 1281.0
42.665085420 1248.0
42.675951860 1197.0
42.686818300 1198.0
42.697684740 1023.0
42.708551180 1057.0
42.719417620 1050.0
42.730284060 1056.0
42.741150500 980.0
42.752016940 956.0
42.762883380 947.0
42.773749820 910.0
42.784616260 864.0
42.795482700 971.0
42.806349140 946.0
42.817215580 901.0
42.828082020 901.0
42.838948460 863.0
42.849814900 835.0
42.860681340 855.0
42.871547780 843.0
42.882414220 832.0
42.893280660 849.0
42.904147100 784.0
42.915013540 799.0
42.925879980 820.0
42.936746420 827.0
42.947612860 844.0
42.958479300 800.0
42.969345740 802.0
42.980212180 879.0
42.991078620 813.0
43.001945060 836.0
43.012811500 814.0
43.023677940 832.0
43.034544380 814.0
43.045410820 838.0
43.056277260 886.0
43.067143700 864.0
43.078010140 839.0
43.088876580 814.0
43.099743020 838.0
43.110609460 859.0
43.121475900 856.0
43.132342340 813.0
43.143208780 842.0
43.154075220 875.0
43.164941660 876.0
43.175808100 880.0
43.186674540 908.0
43.197540980 798.0
43.208407420 927.0
43.219273860 880.0
43.230140300 914.0
43.241006740 863.0
43.251873180 925.0
43.262739620 902.0
43.273606060 896.0
43.284472500 842.0
43.295338940 845.0
43.306205380 865.0
43.317071820 834.0
43.327938260 810.0
43.338804700 877.0
43.349671140 841.0
43.360537580 939.0
43.371404020 831.0
43.382270460 894.0
43.393136900 854.0
43.404003340 870.0
43.414869780 807.0
43.425736220 833.0
43.436602660 813.0
43.447469100 833.0
43.458335540 747.0
43.469201980 775.0
43.480068420 754.0
43.490934860 784.0
43.501801300 774.0
43.512667740 775.0
43.523534180 746.0
43.534400620 775.0
43.545267060 783.0
43.556133500 743.0
43.566999940 808.0
43.577866380 819.0
43.588732820 787.0
43.599599260 803.0
43.610465700 779.0
43.621332140 811.0
43.632198580 831.0
43.643065020 799.0
43.653931460 782.0
43.664797900 817.0
43.675664340 749.0
43.686530780 719.0
43.697397220 771.0
43.708263660 801.0
43.719130100 709.0
43.729996540 797.0
43.740862980 788.0
43.751729420 782.0
43.762595860 804.0
43.773462300 718.0
43.784328740 814.0
43.795195180 791.0
43.806061620 778.0
43.816928060 795.0
43.827794500 825.0
43.838660940 860.0
43.849527380 803.0
43.860393820 797.0
43.871260260 753.0
43.882126700 778.0
43.892993140 784.0
43.903859580 826.0
43.914726020 740.0
43.925592460 802.0
43.936458900 774.0
43.947325340 768.0
43.958191780 824.0
43.969058220 779.0
43.979924660 776.0
43.990791100 743.0
44.001657540 776.0
44.012523980 784.0
44.023390420 783.0
44.034256860 788.0
44.045123300 753.0
44.055989740 793.0
44.066856180 779.0
44.077722620 778.0
44.088589060 744.0
44.099455500 761.0
44.110321940 766.0
44.121188380 757.0
44.132054820 747.0
44.142921260 787.0
44.153787700 783.0
44.164654140 765.0
44.175520580 759.0
44.186387020 760.0
44.197253460 721.0
44.208119900 779.0
44.218986340 742.0
44.229852780 749.0
44.240719220 763.0
44.251585660 760.0
44.262452100 713.0
44.273318540 756.0
44.284184980 710.0
44.295051420 799.0
44.305917860 804.0
44.316784300 704.0
44.327650740 720.0
44.338517180 743.0
44.349383620 749.0
44.360250060 747.0
44.371116500 744.0
44.381982940 738.0
44.392849380 781.0
44.403715820 743.0
44.414582260 743.0
44.425448700 769.0
44.436315140 766.0
44.447181580 759.0
44.458048020 766.0
44.468914460 746.0
44.479780900 817.0
44.490647340 769.0
44.501513780 775.0
44.512380220 704.0
44.523246660 731.0
44.534113100 780.0
44.544979540 745.0
44.555845980 757.0
44.566712420 699.0
44.577578860 719.0
44.588445300 770.0
44.599311740 753.0
44.610178180 769.0
44.621044620 693.0
44.631911060 765.0
44.642777500 757.0
44.653643940 777.0
44.664510380 738.0
44.675376820 761.0
44.686243260 736.0
44.697109700 774.0
44.707976140 765.0
44.718842580 722.0
44.729709020 758.0
44.740575460 744.0
44.751441900 733.0
44.762308340 753.0
44.773174780 744.0
44.784041220 706.0
44.794907660 727.0
44.805774100 802.0
44.816640540 772.0
44.827506980 762.0
44.838373420 727.0
44.849239860 760.0
44.860106300 752.0
44.870972740 744.0
44.881839180 822.0
44.892705620 812.0
44.903572060 778.0
44.914438500 799.0
44.925304940 805.0
44.936171380 871.0
44.947037820 761.0
44.957904260 799.0
44.968770700 825.0
44.979637140 903.0
44.990503580 816.0
45.001370020 764.0
45.012236460 766.0
45.023102900 751.0
45.033969340 743.0
45.044835780 757.0
45.055702220 782.0
45.066568660 742.0
45.077435100 779.0
45.088301540 724.0
45.099167980 752.0
45.110034420 760.0
45.120900860 755.0
45.131767300 753.0
45.142633740 781.0
45.153500180 804.0
45.164366620 782.0
45.175233060 775.0
45.186099500 768.0
45.196965940 815.0
45.207832380 791.0
45.218698820 782.0
45.229565260 845.0
45.240431700 785.0
45.251298140 838.0
45.262164580 848.0
45.273031020 796.0
45.283897460 831.0
45.294763900 775.0
45.305630340 837.0
45.316496780 832.0
45.327363220 839.0
45.338229660 880.0
45.349096100 819.0
45.359962540 897.0
45.370828980 890.0
45.381695420 855.0
45.392561860 854.0
45.403428300 888.0
45.414294740 894.0
45.425161180 949.0
45.436027620 897.0
45.446894060 883.0
45.457760500 966.0
45.468626940 922.0
45.479493380 914.0
45.490359820 961.0
45.501226260 999.0
45.512092700 1043.0
45.522959140 1060.0
45.533825580 1058.0
45.544692020 1189.0
45.555558460 1224.0
45.566424900 1372.0
45.577291340 1582.0
45.588157780 1612.0
45.599024220 1969.0
45.609890660 2335.0
45.620757100 2788.0
45.631623540 3411.0
45.642489980 3932.0
45.653356420 4613.0
45.664222860 5095.0
45.675089300 5608.0
45.685955740 5898.0
45.696822180 5921.0
45.707688620 5973.0
45.718555060 5728.0
45.729421500 5415.0
45.740287940 5015.0
45.751154380 4568.0
45.762020820 4508.0
45.772887260 4343.0
45.783753700 4239.0
45.794620140 4288.0
45.805486580 4174.0
45.816353020 4203.0
45.827219460 3938.0
45.838085900 3828.0
45.848952340 3513.0
45.859818780 3076.0
45.870685220 2694.0
45.881551660 2424.0
45.892418100 2164.0
45.903284540 1859.0
45.914150980 1813.0
45.925017420 1543.0
45.935883860 1554.0
45.946750300 1453.0
45.957616740 1419.0
45.968483180 1370.0
45.979349620 1197.0
45.990216060 1083.0
46.001082500 1142.0
46.011948940 1055.0
46.022815380 1000.0
46.033681820 1027.0
46.044548260 969.0
46.055414700 958.0
46.066281140 967.0
46.077147580 861.0
46.088014020 920.0
46.098880460 928.0
46.109746900 915.0
46.120613340 795.0
46.131479780 878.0
46.142346220 811.0
46.153212660 805.0
46.164079100 782.0
46.174945540 817.0
46.185811980 889.0
46.196678420 783.0
46.207544860 869.0
46.218411300 824.0
46.229277740 759.0
46.240144180 753.0
46.251010620 759.0
46.261877060 809.0
46.272743500 751.0
46.283609940 772.0
46.294476380 751.0
46.305342820 771.0
46.316209260 752.0
46.327075700 759.0
46.337942140 745.0
46.348808580 715.0
46.359675020 780.0
46.370541460 770.0
46.381407900 787.0
46.392274340 808.0
46.403140780 707.0
46.414007220 792.0
46.424873660 750.0
46.435740100 737.0
46.446606540 749.0
46.457472980 775.0
46.468339420 693.0
46.479205860 764.0
46.490072300 730.0
46.500938740 776.0
46.511805180 743.0
46.522671620 738.0
46.533538060 703.0
46.544404500 710.0
46.555270940 747.0
46.566137380 725.0
46.577003820 804.0
46.587870260 713.0
46.598736700 781.0
46.609603140 741.0
46.620469580 740.0
46.631336020 779.0
46.642202460 796.0
46.653068900 771.0
46.663935340 763.0
46.674801780 824.0
46.685668220 732.0
46.696534660 772.0
46.707401100 764.0
46.718267540 817.0
46.729133980 797.0
46.740000420 815.0
46.750866860 803.0
46.761733300 829.0
46.772599740 831.0
46.783466180 817.0
46.794332620 802.0
46.805199060 845.0
46.816065500 873.0
46.826931940 878.0
46.837798380 864.0
46.848664820 925.0
46.859531260 877.0
46.870397700 889.0
46.881264140 884.0
46.892130580 869.0
46.902997020 919.0
46.913863460 854.0
46.924729900 896.0
46.935596340 872.0
46.946462780 873.0
46.957329220 915.0
46.968195660 831.0
46.979062100 816.0
46.989928540 798.0
47.000794980 853.0
47.011661420 792.0
47.022527860 875.0
47.033394300 813.0
47.044260740 830.0
47.055127180 854.0
47.065993620 788.0
47.076860060 806.0
47.087726500 753.0
47.098592940 839.0
47.109459380 770.0
47.120325820 808.0
47.131192260 783.0
47.142058700 800.0
47.152925140 727.0
47.163791580 777.0
47.174658020 785.0
47.185524460 755.0
47.196390900 756.0
47.207257340 752.0
47.218123780 773.0
47.228990220 765.0
47.239856660 719.0
47.250723100 723.0
47.261589540 730.0
47.272455980 765.0
47.283322420 735.0
47.294188860 741.0
47.305055300 738.0
47.315921740 807.0
47.326788180 717.0
47.337654620 709.0
47.348521060 767.0
47.359387500 787.0
47.370253940 731.0
47.381120380 720.0
47.391986820 767.0
47.402853260 729.0
47.413719700 734.0
47.424586140 719.0
47.435452580 749.0
47.446319020 740.0
47.457185460 707.0
47.468051900 711.0
47.478918340 686.0
47.489784780 733.0
47.500651220 716.0
47.511517660 708.0
47.522384100 734.0
47.533250540 693.0
47.544116980 757.0
47.554983420 726.0
47.565849860 645.0
47.576716300 673.0
47.587582740 704.0
47.598449180 734.0
47.609315620 700.0
47.620182060 702.0
47.631048500 729.0
47.641914940 637.0
47.652781380 723.0
47.663647820 706.0
47.674514260 717.0
47.685380700 693.0
47.696247140 725.0
47.707113580 685.0
47.717980020 734.0
47.728846460 702.0
47.739712900 690.0
47.750579340 710.0
47.761445780 691.0
47.772312220 723.0
47.783178660 727.0
47.794045100 692.0
47.804911540 718.0
47.815777980 732.0
47.826644420 730.0
47.837510860 741.0
47.848377300 738.0
47.859243740 736.0
47.870110180 684.0
47.880976620 745.0
47.891843060 652.0
47.902709500 701.0
47.913575940 657.0
47.924442380 715.0
47.935308820 762.0
47.946175260 661.0
47.957041700 695.0
47.967908140 729.0
47.978774580 707.0
47.989641020 717.0
48.000507460 747.0
48.011373900 697.0
48.022240340 753.0
48.033106780 709.0
48.043973220 760.0
48.054839660 776.0
48.065706100 690.0
48.076572540 757.0
48.087438980 756.0
48.098305420 809.0
48.109171860 787.0
48.120038300 754.0
48.130904740 778.0
48.141771180 759.0
48.152637620 750.0
48.163504060 753.0
48.174370500 751.0
48.185236940 801.0
48.196103380 825.0
48.206969820 837.0
48.217836260 832.0
48.228702700 763.0
48.239569140 827.0
48.250435580 864.0
48.261302020 816.0
48.272168460 829.0
48.283034900 820.0
48.293901340 834.0
48.304767780 813.0
48.315634220 906.0
48.326500660 810.0
48.337367100 864.0
48.348233540 848.0
48.359099980 862.0
48.369966420 832.0
48.380832860 821.0
48.391699300 808.0
48.402565740 825.0
48.413432180 816.0
48.424298620 902.0
48.435165060 853.0
48.446031500 827.0
48.456897940 827.0
48.467764380 816.0
48.478630820 780.0
48.489497260 782.0
48.500363700 755.0
48.511230140 773.0
48.522096580 832.0
48.532963020 761.0
48.543829460 780.0
48.554695900 840.0
48.565562340 732.0
48.576428780 782.0
48.587295220 793.0
48.598161660 792.0
48.609028100 762.0
48.619894540 773.0
48.630760980 764.0
48.641627420 824.0
48.652493860 790.0
48.663360300 806.0
48.674226740 758.0
48.685093180 743.0
48.695959620 801.0
48.706826060 725.0
48.717692500 760.0
48.728558940 756.0
48.739425380 829.0
48.750291820 791.0
48.761158260 815.0
48.772024700 800.0
48.782891140 830.0
48.793757580 776.0
48.804624020 769.0
48.815490460 740.0
48.826356900 741.0
48.837223340 816.0
48.848089780 757.0
48.858956220 816.0
48.869822660 799.0
48.880689100 814.0
48.891555540 805.0
48.902421980 745.0
48.913288420 783.0
48.924154860 789.0
48.935021300 801.0
48.945887740 791.0
48.956754180 764.0
48.967620620 797.0
48.978487060 766.0
48.989353500 784.0
49.000219940 861.0
49.011086380 756.0
49.021952820 833.0
49.032819260 835.0
49.043685700 831.0
49.054552140 824.0
49.065418580 816.0
49.076285020 826.0
49.087151460 822.0
49.098017900 795.0
49.108884340 809.0
49.119750780 880.0
49.130617220 910.0
49.141483660 826.0
49.152350100 858.0
49.163216540 844.0
49.174082980 781.0
49.184949420 809.0
49.195815860 823.0
49.206682300 802.0
49.217548740 818.0
49.228415180 844.0
49.239281620 797.0
49.250148060 865.0
49.261014500 839.0
49.271880940 783.0
49.282747380 864.0
49.293613820 874.0
49.304480260 887.0
49.315346700 884.0
49.326213140 939.0
49.337079580 898.0
49.347946020 888.0
49.358812460 903.0
49.369678900 939.0
49.380545340 906.0
49.391411780 946.0
49.402278220 1018.0
49.413144660 983.0
49.424011100 985.0
49.434877540 979.0
49.445743980 1032.0
49.456610420 1039.0
49.467476860 1073.0
49.478343300 1072.0
49.489209740 1064.0
49.500076180 1023.0
49.510942620 1096.0
49.521809060 1127.0
49.532675500 1171.0
49.543541940 1085.0
49.554408380 1040.0
49.565274820 1062.0
49.576141260 1106.0
49.587007700 1135.0
49.597874140 1114.0
49.608740580 1135.0
49.619607020 1112.0
49.630473460 1180.0
49.641339900 1173.0
49.652206340 1153.0
49.663072780 1177.0
49.673939220 1235.0
49.684805660 1173.0
49.695672100 1150.0
49.706538540 1188.0
49.717404980 1221.0
49.728271420 1252.0
49.739137860 1294.0
49.750004300 1310.0
49.760870740 1391.0
49.771737180 1359.0
49.782603620 1357.0
49.793470060 1420.0
49.804336500 1466.0
49.815202940 1524.0
49.826069380 1536.0
49.836935820 1538.0
49.847802260 1618.0
49.858668700 1661.0
49.869535140 1821.0
49.880401580 1933.0
49.891268020 2133.0
49.902134460 2393.0
49.913000900 2822.0
49.923867340 3379.0
49.934733780 4123.0
49.945600220 5292.0
49.956466660 6460.0
49.967333100 8181.0
49.978199540 10357.0
49.989065980 12422.0
49.999932420 14565.0
50.010798860 16922.0
50.021665300 18513.0
50.032531740 19966.0
50.043398180 20091.0
50.054264620 20359.0
50.065131060 18962.0
50.075997500 17521.0
50.086863940 15824.0
50.097730380 14090.0
50.108596820 12812.0
50.119463260 12572.0
50.130329700 12276.0
50.141196140 13175.0
50.152062580 12934.0
50.162929020 13550.0
50.173795460 13066.0
50.184661900 12625.0
50.195528340 11734.0
50.206394780 10536.0
50.217261220 9282.0
50.228127660 7844.0
50.238994100 6511.0
50.249860540 5631.0
50.260726980 4997.0
50.271593420 4463.0
50.282459860 3869.0
50.293326300 3645.0
50.304192740 3057.0
50.315059180 2836.0
50.325925620 2610.0
50.336792060 2411.0
50.347658500 2252.0
50.358524940 2090.0
50.369391380 1970.0
50.380257820 1819.0
50.391124260 1753.0
50.401990700 1672.0
50.412857140 1593.0
50.423723580 1564.0
50.434590020 1431.0
50.445456460 1456.0
50.456322900 1403.0
50.467189340 1360.0
50.478055780 1390.0
50.488922220 1349.0
50.499788660 1309.0
50.510655100 1307.0
50.521521540 1244.0
50.532387980 1301.0
50.543254420 1158.0
50.554120860 1253.0
50.564987300 1213.0
50.575853740 1170.0
50.586720180 1167.0
50.597586620 1164.0
50.608453060 1155.0
50.619319500 1085.0
50.630185940 1154.0
50.641052380 1079.0
50.651918820 990.0
50.662785260 1111.0
50.673651700 1044.0
50.684518140 1093.0
50.695384580 1045.0
50.706251020 959.0
50.717117460 981.0
50.727983900 1005.0
50.738850340 912.0
50.749716780 969.0
50.760583220 980.0
50.771449660 928.0
50.782316100 920.0
50.793182540 944.0
50.804048980 861.0
50.814915420 861.0
50.825781860 927.0
50.836648300 913.0
50.847514740 891.0
50.858381180 829.0
50.869247620 864.0
50.880114060 827.0
50.890980500 847.0
50.901846940 921.0
50.912713380 825.0
50.923579820 805.0
50.934446260 858.0
50.945312700 841.0
50.956179140 876.0
50.967045580 874.0
50.977912020 826.0
50.988778460 838.0
50.999644900 828.0
51.010511340 812.0
51.021377780 784.0
51.032244220 830.0
51.043110660 785.0
51.053977100 808.0
51.064843540 807.0
51.075709980 801.0
51.086576420 753.0
51.097442860 776.0
51.108309300 782.0
51.119175740 777.0
51.130042180 740.0
51.140908620 741.0
51.151775060 788.0
51.162641500 774.0
51.173507940 821.0
51.184374380 795.0
51.195240820 763.0
51.206107260 753.0
51.216973700 795.0
51.227840140 766.0
51.238706580 730.0
51.249573020 764.0
51.260439460 731.0
51.271305900 739.0
51.282172340 801.0
51.293038780 730.0
51.303905220 764.0
51.314771660 758.0
51.325638100 794.0
51.336504540 737.0
51.347370980 782.0
51.358237420 760.0
51.369103860 774.0
51.379970300 748.0
51.390836740 765.0
51.401703180 735.0
51.412569620 743.0
51.423436060 748.0
51.434302500 763.0
51.445168940 776.0
51.456035380 743.0
51.466901820 769.0
51.477768260 800.0
51.488634700 765.0
51.499501140 817.0
51.510367580 777.0
51.521234020 720.0
51.532100460 771.0
51.542966900 815.0
51.553833340 781.0
51.564699780 820.0
51.575566220 769.0
51.586432660 771.0
51.597299100 781.0
51.608165540 779.0
51.619031980 833.0
51.629898420 768.0
51.640764860 766.0
51.651631300 828.0
51.662497740 758.0
51.673364180 787.0
51.684230620 743.0
51.695097060 758.0
51.705963500 847.0
51.716829940 802.0
51.727696380 780.0
51.738562820 764.0
51.749429260 745.0
51.760295700 772.0
51.771162140 765.0
51.782028580 783.0
51.792895020 788.0
51.803761460 810.0
51.814627900 721.0
51.825494340 786.0
51.836360780 759.0
51.847227220 785.0
51.858093660 747.0
51.868960100 776.0
51.879826540 721.0
51.890692980 760.0
51.901559420 702.0
51.912425860 753.0
51.923292300 702.0
51.934158740 735.0
51.945025180 712.0
51.955891620 742.0
51.966758060 841.0
51.977624500 740.0
51.988490940 738.0
51.999357380 778.0
52.010223820 700.0
52.021090260 760.0
52.031956700 781.0
52.042823140 759.0
52.053689580 714.0
52.064556020 744.0
52.075422460 720.0
52.086288900 732.0
52.097155340 773.0
52.108021780 737.0
52.118888220 766.0
52.129754660 762.0
52.140621100 738.0
52.151487540 774.0
52.162353980 726.0
52.173220420 723.0
52.184086860 752.0
52.194953300 778.0
52.205819740 767.0
52.216686180 767.0
52.227552620 753.0
52.238419060 765.0
52.249285500 794.0
52.260151940 817.0
52.271018380 830.0
52.281884820 751.0
52.292751260 799.0
52.303617700 763.0
52.314484140 749.0
52.325350580 805.0
52.336217020 780.0
52.347083460 838.0
52.357949900 792.0
52.368816340 794.0
52.379682780 781.0
52.390549220 818.0
52.401415660 834.0
52.412282100 785.0
52.423148540 807.0
52.434014980 789.0
52.444881420 781.0
52.455747860 780.0
52.466614300 812.0
52.477480740 814.0
52.488347180 795.0
52.499213620 808.0
52.510080060 754.0
52.520946500 768.0
52.531812940 727.0
52.542679380 812.0
52.553545820 804.0
52.564412260 772.0
52.575278700 738.0
52.586145140 775.0
52.597011580 772.0
52.607878020 780.0
52.618744460 763.0
52.629610900 732.0
52.640477340 762.0
52.651343780 695.0
52.662210220 746.0
52.673076660 766.0
52.683943100 761.0
52.694809540 764.0
52.705675980 769.0
52.716542420 741.0
52.727408860 744.0
52.738275300 757.0
52.749141740 747.0
52.760008180 755.0
52.770874620 765.0
52.781741060 738.0
52.792607500 710.0
52.803473940 749.0
52.814340380 668.0
52.825206820 776.0
52.836073260 778.0
52.846939700 711.0
52.857806140 802.0
52.868672580 702.0
52.879539020 733.0
52.890405460 753.0
52.901271900 857.0
52.912138340 753.0
52.923004780 787.0
52.933871220 774.0
52.944737660 805.0
52.955604100 754.0
52.966470540 785.0
52.977336980 782.0
52.988203420 775.0
52.999069860 783.0
53.009936300 793.0
53.020802740 784.0
53.031669180 846.0
53.042535620 768.0
53.053402060 879.0
53.064268500 790.0
53.075134940 806.0
53.086001380 808.0
53.096867820 786.0
53.107734260 763.0
53.118600700 775.0
53.129467140 777.0
53.140333580 813.0
53.151200020 754.0
53.162066460 768.0
53.172932900 754.0
53.183799340 738.0
53.194665780 739.0
53.205532220 778.0
53.216398660 799.0
53.227265100 771.0
53.238131540 739.0
53.248997980 750.0
53.259864420 732.0
53.270730860 771.0
53.281597300 750.0
53.292463740 758.0
53.303330180 697.0
53.314196620 705.0
53.325063060 756.0
53.335929500 717.0
53.346795940 689.0
53.357662380 693.0
53.368528820 710.0
53.379395260 732.0
53.390261700 660.0
53.401128140 691.0
53.411994580 771.0
53.422861020 718.0
53.433727460 709.0
53.444593900 724.0
53.455460340 706.0
53.466326780 715.0
53.477193220 695.0
53.488059660 677.0
53.498926100 726.0
53.509792540 711.0
53.520658980 675.0
53.531525420 677.0
53.542391860 752.0
53.553258300 712.0
53.564124740 735.0
53.574991180 752.0
53.585857620 674.0
53.596724060 755.0
53.607590500 746.0
53.618456940 690.0
53.629323380 708.0
53.640189820 746.0
53.651056260 715.0
53.661922700 685.0
53.672789140 676.0
53.683655580 675.0
53.694522020 741.0
53.705388460 631.0
53.716254900 751.0
53.727121340 699.0
53.737987780 696.0
53.748854220 686.0
53.759720660 743.0
53.770587100 700.0
53.781453540 725.0
53.792319980 680.0
53.803186420 661.0
53.814052860 633.0
53.824919300 710.0
53.835785740 666.0
53.846652180 718.0
53.857518620 673.0
53.868385060 644.0
53.879251500 687.0
53.890117940 690.0
53.900984380 653.0
53.911850820 649.0
53.922717260 724.0
53.933583700 673.0
53.944450140 688.0
53.955316580 685.0
53.966183020 670.0
53.977049460 688.0
53.987915900 715.0
53.998782340 672.0
54.009648780 693.0
54.020515220 667.0
54.031381660 724.0
54.042248100 652.0
54.053114540 681.0
54.063980980 677.0
54.074847420 687.0
54.085713860 679.0
54.096580300 631.0
54.107446740 681.0
54.118313180 719.0
54.129179620 678.0
54.140046060 690.0
54.150912500 676.0
54.161778940 712.0
54.172645380 703.0
54.183511820 665.0
54.194378260 713.0
54.205244700 687.0
54.216111140 737.0
54.226977580 690.0
54.237844020 718.0
54.248710460 757.0
54.259576900 749.0
54.270443340 712.0
54.281309780 689.0
54.292176220 735.0
54.303042660 741.0
54.313909100 768.0
54.324775540 743.0
54.335641980 733.0
54.346508420 719.0
54.357374860 791.0
54.368241300 724.0
54.379107740 750.0
54.389974180 718.0
54.400840620 767.0
54.411707060 800.0
54.422573500 775.0
54.433439940 809.0
54.444306380 834.0
54.455172820 829.0
54.466039260 818.0
54.476905700 813.0
54.487772140 841.0
54.498638580 861.0
54.509505020 801.0
54.520371460 813.0
54.531237900 820.0
54.542104340 813.0
54.552970780 834.0
54.563837220 985.0
54.574703660 911.0
54.585570100 999.0
54.596436540 906.0
54.607302980 1051.0
54.618169420 1026.0
54.629035860 1100.0
54.639902300 1210.0
54.650768740 1388.0
54.661635180 1496.0
54.672501620 1772.0
54.683368060 2209.0
54.694234500 2627.0
54.705100940 3387.0
54.715967380 3833.0
54.726833820 4666.0
54.737700260 5354.0
54.748566700 6124.0
54.759433140 6375.0
54.770299580 6706.0
54.781166020 6628.0
54.792032460 6365.0
54.802898900 5831.0
54.813765340 5265.0
54.824631780 4736.0
54.835498220 4326.0
54.846364660 4004.0
54.857231100 3988.0
54.868097540 3996.0
54.878963980 4238.0
54.889830420 4306.0
54.900696860 4742.0
54.911563300 4517.0
54.922429740 4584.0
54.933296180 4255.0
54.944162620 4016.0
54.955029060 3576.0
54.965895500 3243.0
54.976761940 2672.0
54.987628380 2494.0
54.998494820 2192.0
55.009361260 1945.0
55.020227700 1817.0
55.031094140 1783.0
55.041960580 1609.0
55.052827020 1534.0
55.063693460 1526.0
55.074559900 1399.0
55.085426340 1454.0
55.096292780 1291.0
55.107159220 1299.0
55.118025660 1266.0
55.128892100 1313.0
55.139758540 1396.0
55.150624980 1477.0
55.161491420 1639.0
55.172357860 1820.0
55.183224300 2073.0
55.194090740 2206.0
55.204957180 2443.0
55.215823620 2561.0
55.226690060 2596.0
55.237556500 2667.0
55.248422940 2699.0
55.259289380 2601.0
55.270155820 2388.0
55.281022260 2223.0
55.291888700 2098.0
55.302755140 1932.0
55.313621580 1754.0
55.324488020 1898.0
55.335354460 1786.0
55.346220900 1845.0
55.357087340 1901.0
55.367953780 1902.0
55.378820220 1951.0
55.389686660 1772.0
55.400553100 1780.0
55.411419540 1695.0
55.422285980 1542.0
55.433152420 1505.0
55.444018860 1336.0
55.454885300 1172.0
55.465751740 1080.0
55.476618180 1035.0
55.487484620 1060.0
55.498351060 960.0
55.509217500 991.0
55.520083940 882.0
55.530950380 901.0
55.541816820 879.0
55.552683260 876.0
55.563549700 842.0
55.574416140 809.0
55.585282580 796.0
55.596149020 772.0
55.607015460 778.0
55.617881900 722.0
55.628748340 753.0
55.639614780 737.0
55.650481220 705.0
55.661347660 755.0
55.672214100 693.0
55.683080540 729.0
55.693946980 712.0
55.704813420 712.0
55.715679860 691.0
55.726546300 712.0
55.737412740 704.0
55.748279180 677.0
55.759145620 675.0
55.770012060 729.0
55.780878500 722.0
55.791744940 705.0
55.802611380 737.0
55.813477820 681.0
55.824344260 629.0
55.835210700 702.0
55.846077140 707.0
55.856943580 728.0
55.867810020 662.0
55.878676460 641.0
55.889542900 651.0
55.900409340 709.0
55.911275780 686.0
55.922142220 657.0
55.933008660 717.0
55.943875100 719.0
55.954741540 645.0
55.965607980 699.0
55.976474420 701.0
55.987340860 686.0
55.998207300 724.0
56.009073740 713.0
56.019940180 695.0
56.030806620 726.0
56.041673060 713.0
56.052539500 700.0
56.063405940 676.0
56.074272380 737.0
56.085138820 692.0
56.096005260 718.0
56.106871700 637.0
56.117738140 659.0
56.128604580 717.0
56.139471020 697.0
56.150337460 688.0
56.161203900 704.0
56.172070340 746.0
56.182936780 706.0
56.193803220 659.0
56.204669660 686.0
56.215536100 692.0
56.226402540 673.0
56.237268980 704.0
56.248135420 685.0
56.259001860 682.0
56.269868300 662.0
56.280734740 678.0
56.291601180 651.0
56.302467620 653.0
56.313334060 697.0
56.324200500 709.0
56.335066940 657.0
56.345933380 690.0
56.356799820 670.0
56.367666260 681.0
56.378532700 654.0
56.389399140 674.0
56.400265580 687.0
56.411132020 652.0
56.421998460 724.0
56.432864900 644.0
56.443731340 670.0
56.454597780 663.0
56.465464220 661.0
56.476330660 686.0
56.487197100 654.0
56.498063540 604.0
56.508929980 655.0
56.519796420 641.0
56.530662860 623.0
56.541529300 669.0
56.552395740 642.0
56.563262180 670.0
56.574128620 655.0
56.584995060 634.0
56.595861500 619.0
56.606727940 639.0
56.617594380 661.0
56.628460820 610.0
56.639327260 659.0
56.650193700 601.0
56.661060140 606.0
56.671926580 607.0
56.682793020 626.0
56.693659460 640.0
56.704525900 618.0
56.715392340 674.0
56.726258780 649.0
56.737125220 628.0
56.747991660 635.0
56.758858100 631.0
56.769724540 676.0
56.780590980 604.0
56.791457420 633.0
56.802323860 653.0
56.813190300 602.0
56.824056740 618.0
56.834923180 662.0
56.845789620 676.0
56.856656060 614.0
56.867522500 616.0
56.878388940 660.0
56.889255380 695.0
56.900121820 692.0
56.910988260 651.0
56.921854700 636.0
56.932721140 604.0
56.943587580 613.0
56.954454020 646.0
56.965320460 619.0
56.976186900 625.0
56.987053340 649.0
56.997919780 665.0
57.008786220 703.0
57.019652660 664.0
57.030519100 697.0
57.041385540 727.0
57.052251980 791.0
57.063118420 802.0
57.073984860 832.0
57.084851300 952.0
57.095717740 983.0
57.106584180 956.0
57.117450620 1093.0
57.128317060 1081.0
57.139183500 1091.0
57.150049940 1046.0
57.160916380 956.0
57.171782820 968.0
57.182649260 904.0
57.193515700 904.0
57.204382140 973.0
57.215248580 862.0
57.226115020 860.0
57.236981460 916.0
57.247847900 879.0
57.258714340 893.0
57.269580780 908.0
57.280447220 922.0
57.291313660 952.0
57.302180100 877.0
57.313046540 888.0
57.323912980 874.0
57.334779420 877.0
57.345645860 812.0
57.356512300 793.0
57.367378740 799.0
57.378245180 770.0
57.389111620 732.0
57.399978060 718.0
57.410844500 790.0
57.421710940 802.0
57.432577380 741.0
57.443443820 796.0
57.454310260 743.0
57.465176700 756.0
57.476043140 687.0
57.486909580 719.0
57.497776020 732.0
57.508642460 760.0
57.519508900 727.0
57.530375340 734.0
57.541241780 680.0
57.552108220 759.0
57.562974660 734.0
57.573841100 732.0
57.584707540 703.0
57.595573980 701.0
57.606440420 696.0
57.617306860 694.0
57.628173300 733.0
57.639039740 715.0
57.649906180 705.0
57.660772620 699.0
57.671639060 696.0
57.682505500 646.0
57.693371940 650.0
57.704238380 651.0
57.715104820 650.0
57.725971260 684.0
57.736837700 663.0
57.747704140 673.0
57.758570580 662.0
57.769437020 689.0
57.780303460 683.0
57.791169900 732.0
57.802036340 700.0
57.812902780 678.0
57.823769220 694.0
57.834635660 665.0
57.845502100 600.0
57.856368540 687.0
57.867234980 683.0
57.878101420 682.0
57.888967860 656.0
57.899834300 656.0
57.910700740 612.0
57.921567180 659.0
57.932433620 616.0
57.943300060 628.0
57.954166500 652.0
57.965032940 630.0
57.975899380 609.0
57.986765820 621.0
57.997632260 618.0
58.008498700 680.0
58.019365140 608.0
58.030231580 680.0
58.041098020 643.0
58.051964460 639.0
58.062830900 639.0
58.073697340 649.0
58.084563780 626.0
58.095430220 579.0
58.106296660 652.0
58.117163100 618.0
58.128029540 666.0
58.138895980 668.0
58.149762420 618.0
58.160628860 637.0
58.171495300 606.0
58.182361740 674.0
58.193228180 579.0
58.204094620 622.0
58.214961060 615.0
58.225827500 659.0
58.236693940 654.0
58.247560380 616.0
58.258426820 655.0
58.269293260 666.0
58.280159700 624.0
58.291026140 674.0
58.301892580 602.0
58.312759020 626.0
58.323625460 627.0
58.334491900 619.0
58.345358340 660.0
58.356224780 641.0
58.367091220 677.0
58.377957660 631.0
58.388824100 621.0
58.399690540 635.0
58.410556980 653.0
58.421423420 682.0
58.432289860 696.0
58.443156300 657.0
58.454022740 708.0
58.464889180 628.0
58.475755620 675.0
58.486622060 649.0
58.497488500 630.0
58.508354940 683.0
58.519221380 637.0
58.530087820 685.0
58.540954260 645.0
58.551820700 677.0
58.562687140 721.0
58.573553580 611.0
58.584420020 643.0
58.595286460 665.0
58.606152900 670.0
58.617019340 688.0
58.627885780 643.0
58.638752220 616.0
58.649618660 602.0
58.660485100 677.0
58.671351540 634.0
58.682217980 697.0
58.693084420 673.0
58.703950860 637.0
58.714817300 609.0
58.725683740 704.0
58.736550180 655.0
58.747416620 690.0
58.758283060 634.0
58.769149500 706.0
58.780015940 620.0
58.790882380 617.0
58.801748820 637.0
58.812615260 626.0
58.823481700 632.0
58.834348140 648.0
58.845214580 624.0
58.856081020 602.0
58.866947460 614.0
58.877813900 631.0
58.888680340 627.0
58.899546780 648.0
58.910413220 667.0
58.921279660 650.0
58.932146100 660.0
58.943012540 675.0
58.953878980 668.0
58.964745420 703.0
58.975611860 673.0
58.986478300 682.0
58.997344740 640.0
59.008211180 650.0
59.019077620 625.0
59.029944060 659.0
59.040810500 647.0
59.051676940 654.0
59.062543380 643.0
59.073409820 656.0
59.084276260 649.0
59.095142700 624.0
59.106009140 683.0
59.116875580 657.0
59.127742020 653.0
59.138608460 671.0
59.149474900 662.0
59.160341340 654.0
59.171207780 692.0
59.182074220 657.0
59.192940660 639.0
59.203807100 642.0
59.214673540 658.0
59.225539980 718.0
59.236406420 720.0
59.247272860 705.0
59.258139300 682.0
59.269005740 674.0
59.279872180 684.0
59.290738620 764.0
59.301605060 708.0
59.312471500 746.0
59.323337940 737.0
59.334204380 753.0
59.345070820 721.0
59.355937260 782.0
59.366803700 787.0
59.377670140 812.0
59.388536580 779.0
59.399403020 803.0
59.410269460 780.0
59.421135900 791.0
59.432002340 758.0
59.442868780 869.0
59.453735220 785.0
59.464601660 817.0
59.475468100 861.0
59.486334540 886.0
59.497200980 924.0
59.508067420 991.0
59.518933860 993.0
59.529800300 972.0
59.540666740 959.0
59.551533180 997.0
59.562399620 991.0
59.573266060 1055.0
59.584132500 997.0
59.594998940 1055.0
59.605865380 1100.0
59.616731820 997.0
59.627598260 1134.0
59.638464700 1134.0
59.649331140 1143.0
59.660197580 1166.0
59.671064020 1182.0
59.681930460 1310.0
59.692796900 1359.0
59.703663340 1480.0
59.714529780 1583.0
59.725396220 1850.0
59.736262660 2169.0
59.747129100 2692.0
59.757995540 3243.0
59.768861980 4061.0
59.779728420 5254.0
59.790594860 6466.0
59.801461300 7874.0
59.812327740 9582.0
59.823194180 11424.0
59.834060620 12304.0
59.844927060 13425.0
59.855793500 13591.0
59.866659940 13470.0
59.877526380 12556.0
59.888392820 11737.0
59.899259260 10263.0
59.910125700 9229.0
59.920992140 8142.0
59.931858580 7355.0
59.942725020 6934.0
59.953591460 7034.0
59.964457900 7283.0
59.975324340 7466.0
59.986190780 7805.0
59.997057220 8479.0
60.007923660 8475.0
60.018790100 8398.0
60.029656540 8113.0
60.040522980 7519.0
60.051389420 7067.0
60.062255860 6109.0
60.073122300 5372.0
60.083988740 4620.0
60.094855180 4073.0
60.105721620 3585.0
60.116588060 3272.0
60.127454500 2863.0
60.138320940 2613.0
60.149187380 2216.0
60.160053820 2134.0
60.170920260 1882.0
60.181786700 1663.0
60.192653140 1609.0
60.203519580 1457.0
60.214386020 1380.0
60.225252460 1328.0
60.236118900 1208.0
60.246985340 1144.0
60.257851780 1187.0
60.268718220 1108.0
60.279584660 1130.0
60.290451100 1010.0
60.301317540 1001.0
60.312183980 976.0
60.323050420 927.0
60.333916860 950.0
60.344783300 913.0
60.355649740 852.0
60.366516180 841.0
60.377382620 869.0
60.388249060 866.0
60.399115500 809.0
60.409981940 800.0
60.420848380 811.0
60.431714820 788.0
60.442581260 746.0
60.453447700 762.0
60.464314140 760.0
60.475180580 738.0
60.486047020 772.0
60.496913460 744.0
60.507779900 753.0
60.518646340 743.0
60.529512780 662.0
60.540379220 717.0
60.551245660 703.0
60.562112100 712.0
60.572978540 693.0
60.583844980 742.0
60.594711420 678.0
60.605577860 726.0
60.616444300 688.0
60.627310740 721.0
60.638177180 663.0
60.649043620 655.0
60.659910060 661.0
60.670776500 669.0
60.681642940 658.0
60.692509380 676.0
60.703375820 717.0
60.714242260 695.0
60.725108700 703.0
60.735975140 712.0
60.746841580 726.0
60.757708020 686.0
60.768574460 673.0
60.779440900 727.0
60.790307340 691.0
60.801173780 721.0
60.812040220 705.0
60.822906660 661.0
60.833773100 672.0
60.844639540 697.0
60.855505980 701.0
60.866372420 720.0
60.877238860 653.0
60.888105300 667.0
60.898971740 695.0
60.909838180 681.0
60.920704620 684.0
60.931571060 677.0
60.942437500 682.0
60.953303940 682.0
60.964170380 684.0
60.975036820 667.0
60.985903260 659.0
60.996769700 649.0
61.007636140 682.0
61.018502580 600.0
61.029369020 694.0
61.040235460 635.0
61.051101900 644.0
61.061968340 663.0
61.072834780 660.0
61.083701220 593.0
61.094567660 602.0
61.105434100 621.0
61.116300540 636.0
61.127166980 661.0
61.138033420 673.0
61.148899860 621.0
61.159766300 613.0
61.170632740 701.0
61.181499180 608.0
61.192365620 618.0
61.203232060 644.0
61.214098500 630.0
61.224964940 634.0
61.235831380 616.0
61.246697820 658.0
61.257564260 571.0
61.268430700 616.0
61.279297140 574.0
61.290163580 636.0
