# File created = Thursday, November 9, 2023 8:25:20 AM MST
# Data set = C13_CBD_CPMAS_35kHz.fid  1  1  "C:\Users\skdav\Google Drive\Data\400NB_bruker_solids\2023_Jan_cannabinoids"
# Spectral Region:
# LEFT = 200.0 ppm. RIGHT = -5.0 ppm.
#
# SIZE = 6753 ( = number of points)
#
# In the following ordering is from the 'left' to the 'right' limits!
# Lines beginning with '#' must be considered as comment lines.
#
-9.6674432E7
-5.5398784E7
-1.3207936E7
2.1144576E7
4.147872E7
4.5831424E7
3.6717632E7
1.9990272E7
2731264.0
-9098880.0
-1.2479424E7
-8043008.0
496384.0
7954816.0
9736576.0
3618560.0
-9355136.0
-2.5166976E7
-3.8200832E7
-4.3221248E7
-3.7280704E7
-2.0900352E7
1882368.0
2.4631488E7
4.04368E7
4.4024128E7
3.3368448E7
1.0295424E7
-2.0112512E7
-5.1095616E7
-7.625792E7
-9.1404224E7
-9.5589248E7
-9.1066752E7
-8.2199616E7
-7.3735232E7
-6.9059456E7
-6.9033984E7
-7.1816576E7
-7.3718336E7
-7.0790656E7
-6.0574848E7
-4.3384704E7
-2.2637376E7
-4065600.0
5974464.0
2574400.0
-1.5954304E7
-4.72064E7
-8.503392E7
-1.21064448E8
-1.46947328E8
-1.5665248E8
-1.48113216E8
-1.23701824E8
-8.93872E7
-5.2835776E7
-2.1044416E7
1753984.0
1.5263744E7
2.3013184E7
3.1001024E7
4.5529472E7
7.091392E7
1.07790592E8
1.5256224E8
1.98167296E8
2.35950272E8
2.58075776E8
2.59764224E8
2.4068736E8
2.05117696E8
1.60801728E8
1.1690112E8
8.1608704E7
6.0120256E7
5.3513856E7
5.88032E7
7.0080576E7
8.0358272E7
8.3546048E7
7.6003456E7
5.72752E7
2.9887936E7
-1627776.0
-3.2120448E7
-5.7154752E7
-7.3922432E7
-8.1524224E7
-8.0644352E7
-7.2827968E7
-5.96784E7
-4.2273792E7
-2.0988864E7
4256448.0
3.3465152E7
6.5981888E7
1.0011104E8
1.33095424E8
1.61489856E8
1.818208E8
1.91332992E8
1.88601344E8
1.73838016E8
1.48829056E8
1.165488E8
8.0585984E7
4.4544704E7
1.1558208E7
-1.601664E7
-3.672928E7
-5.0049856E7
-5.6332928E7
-5.6766464E7
-5.328736E7
-4.8400064E7
-4.4832192E7
-4.5003712E7
-5.0372416E7
-6.0809984E7
-7.4225152E7
-8.6640448E7
-9.2839808E7
-8.7545216E7
-6.6897152E7
-2.9870272E7
2.0801408E7
7.854272E7
1.33856192E8
1.76136832E8
1.9600256E8
1.87576576E8
1.50115648E8
8.8510528E7
1.2456896E7
-6.5551296E7
-1.32934144E8
-1.79763968E8
-2.00830848E8
-1.9651136E8
-1.72236992E8
-1.36743424E8
-9.9605248E7
-6.875008E7
-4.8623936E7
-3.9475648E7
-3.7891072E7
-3.8344384E7
-3.5251136E7
-2.4887424E7
-6609792.0
1.6949248E7
4.071392E7
5.8716352E7
6.585792E7
5.9332928E7
3.930528E7
8683840.0
-2.7867072E7
-6.5312064E7
-9.9552896E7
-1.28246848E8
-1.50912512E8
-1.6835712E8
-1.81697024E8
-1.91374592E8
-1.96569344E8
-1.95250112E8
-1.848816E8
-1.63552896E8
-1.31132736E8
-9.0020352E7
-4.5175808E7
-3339648.0
2.838976E7
4.4231616E7
4.116928E7
1.9742144E7
-1.6055808E7
-5.9740864E7
-1.03881728E8
-1.41770112E8
-1.68744256E8
-1.82819584E8
-1.84509632E8
-1.7598112E8
-1.59892736E8
-1.38348352E8
-1.1233024E8
-8.1788352E7
-4.63136E7
-6102784.0
3.7195648E7
8.0138112E7
1.17858432E8
1.45118656E8
1.5774592E8
1.53995328E8
1.35362112E8
1.06506496E8
7.4225792E7
4.5712E7
2.658336E7
1.9285248E7
2.237376E7
3.095136E7
3.8173888E7
3.7412352E7
2.4426496E7
-1124416.0
-3.533408E7
-7.1024512E7
-9.9800448E7
-1.14593088E8
-1.11924544E8
-9.3175232E7
-6.4411776E7
-3.4753088E7
-1.3701952E7
-8202880.0
-2.0309184E7
-4.620096E7
-7.6922048E7
-1.00712E8
-1.06324416E8
-8.6407872E7
-3.996352E7
2.6876544E7
1.02051712E8
1.70495296E8
2.18016128E8
2.35078976E8
2.19420928E8
1.76742336E8
1.19236608E8
6.2325056E7
2.0476544E7
3261376.0
1.2739008E7
4.2921664E7
8.1479552E7
1.13228864E8
1.24442496E8
1.06785472E8
5.977728E7
-8908480.0
-8.5398144E7
-1.53283648E8
-1.97987392E8
-2.10616512E8
-1.9024608E8
-1.44013696E8
-8.5018432E7
-2.8630592E7
1.1748032E7
2.829152E7
2.0731648E7
-3810112.0
-3.3061632E7
-5.3256192E7
-5.3168448E7
-2.7404672E7
2.194944E7
8.5751744E7
1.50144384E8
2.00143424E8
2.23483712E8
2.13691904E8
1.71606528E8
1.05014272E8
2.6589376E7
-4.9234304E7
-1.0959008E8
-1.45846144E8
-1.5500416E8
-1.39614848E8
-1.06414016E8
-6.4204224E7
-2.1645184E7
1.4458688E7
4.0018816E7
5.363168E7
5.5900736E7
4.8516864E7
3.3502592E7
1.287904E7
-1.121856E7
-3.6171712E7
-5.857824E7
-7.4329536E7
-7.9216704E7
-6.9983936E7
-4.551296E7
-7695744.0
3.8421824E7
8.5450944E7
1.25342336E8
1.51544128E8
1.6100896E8
1.55390272E8
1.4094048E8
1.26982656E8
1.23260032E8
1.36852288E8
1.6955136E8
2.16534016E8
2.66856128E8
3.05794304E8
3.185216E8
2.94178752E8
2.29225024E8
1.29096192E8
7617920.0
-1.15772864E8
-2.20342208E8
-2.88810176E8
-3.11305344E8
-2.87487424E8
-2.26299328E8
-1.43449984E8
-5.7343552E7
1.5427776E7
6.3821376E7
8.4363584E7
8.1013632E7
6.3055744E7
4.1747392E7
2.6763136E7
2.3471872E7
3.1776768E7
4.6741952E7
6.0679744E7
6.5949952E7
5.7548928E7
3.4683584E7
891264.0
-3.7252608E7
-7.2342848E7
-9.8499776E7
-1.13087808E8
-1.17248448E8
-1.15112832E8
-1.12002432E8
-1.12261632E8
-1.17482752E8
-1.25742528E8
-1.32129984E8
-1.30402624E8
-1.15227392E8
-8.4249664E7
-3.927936E7
1.3846272E7
6.6734976E7
1.108208E8
1.39918528E8
1.52135104E8
1.50500032E8
1.42064192E8
1.35691136E8
1.39181824E8
1.5660192E8
1.86645888E8
2.22583936E8
2.53876992E8
2.69051328E8
2.59044352E8
2.20079808E8
1.55243392E8
7.4287936E7
-8323584.0
-7.6646784E7
-1.16932992E8
-1.20823808E8
-8.7281408E7
-2.2819072E7
5.996192E7
1.45105472E8
2.16608384E8
2.6152672E8
2.72230848E8
2.47422848E8
1.91860352E8
1.15014784E8
2.9078592E7
-5.3215872E7
-1.2057024E8
-1.64629376E8
-1.80916352E8
-1.69197632E8
-1.333328E8
-8.0670912E7
-2.1037888E7
3.4635008E7
7.5950912E7
9.4778368E7
8.680608E7
5.2592512E7
-2201600.0
-6.7587328E7
-1.3101248E8
-1.79847104E8
-2.040944E8
-1.98707776E8
-1.6492704E8
-1.10236224E8
-4.6869952E7
1.0843648E7
4.97008E7
6.0634944E7
4.0786048E7
-5883072.0
-6.9569536E7
-1.36950848E8
-1.94250368E8
-2.30277824E8
-2.38711872E8
-2.19115392E8
-1.7652512E8
-1.19832192E8
-5.9459456E7
-4980096.0
3.6730304E7
6.2424832E7
7.24064E7
6.9637888E7
5.8434752E7
4.3189824E7
2.749472E7
1.382688E7
3753152.0
-1581312.0
-989248.0
6933504.0
2.3564864E7
4.965344E7
8.4579904E7
1.25782976E8
1.68630912E8
2.06887488E8
2.33740096E8
2.43169984E8
2.313248E8
1.97531712E8
1.44671744E8
7.880576E7
8133696.0
-5.8464128E7
-1.12963968E8
-1.49479296E8
-1.65043648E8
-1.59799104E8
-1.3664192E8
-1.00491136E8
-5.7389248E7
-1.362624E7
2.499264E7
5.3694144E7
6.9122496E7
6.9606464E7
5.533248E7
2.8403136E7
-7281792.0
-4.6394432E7
-8.2835904E7
-1.10645504E8
-1.25030272E8
-1.23307584E8
-1.05527872E8
-7.4584256E7
-3.5726464E7
4454720.0
3.9363136E7
6.3740608E7
7.4692224E7
7.2139712E7
5.859808E7
3.834976E7
1.6254592E7
-3474176.0
-1.8198208E7
-2.7248448E7
-3.171456E7
-3.3730176E7
-3.5501696E7
-3.8390144E7
-4.2328768E7
-4.5743936E7
-4.5989056E7
-4.0145472E7
-2.593696E7
-2481920.0
2.9334976E7
6.6967488E7
1.06737024E8
1.44616704E8
1.770336E8
2.0147072E8
2.16725824E8
2.22805632E8
2.20549376E8
2.11149504E8
1.95753536E8
1.75277312E8
1.50469824E8
1.22161536E8
9.1555072E7
6.0394048E7
3.088672E7
5351168.0
-1.4340224E7
-2.7348416E7
-3.4279104E7
-3.7237184E7
-3.9438336E7
-4.4423104E7
-5.5052352E7
-7.2553344E7
-9.5905472E7
-1.21785088E8
-1.4515552E8
-1.60409664E8
-1.62811456E8
-1.49872704E8
-1.22287232E8
-8.4129152E7
-4.2194432E7
-4580352.0
2.1194048E7
3.0082176E7
2.0932608E7
-2953344.0
-3.4338496E7
-6.3584512E7
-8.08928E7
-7.8739456E7
-5.3910272E7
-8608768.0
4.969056E7
1.09677696E8
1.58643904E8
1.85373056E8
1.82800384E8
1.4977952E8
9.1499072E7
1.84064E7
-5.6131648E7
-1.18880256E8
-1.59754688E8
-1.74057664E8
-1.63370944E8
-1.34878784E8
-9.9300672E7
-6.7975168E7
-4.9861312E7
-4.9246848E7
-6.4763072E7
-8.9957056E7
-1.15246144E8
-1.30706752E8
-1.2892064E8
-1.07089984E8
-6.7841216E7
-1.8504512E7
3.0914432E7
7.0488E7
9.3061056E7
9.6129344E7
8.2378752E7
5.875264E7
3.4332928E7
1.7656704E7
1.4241152E7
2.5017984E7
4.6105792E7
6.9958272E7
8.7532736E7
9.084448E7
7.5180928E7
4.0375488E7
-9171712.0
-6.566784E7
-1.1990464E8
-1.63450432E8
-1.90448192E8
-1.98579136E8
-1.89032384E8
-1.65627136E8
-1.33468352E8
-9.7602432E7
-6.2073536E7
-2.9580096E7
-1688576.0
2.0645632E7
3.6589696E7
4.5268864E7
4.6047296E7
3.9152064E7
2.6347456E7
1.1291264E7
-731200.0
-3792768.0
7137216.0
3.4517376E7
7.6955648E7
1.2882016E8
1.81001216E8
2.22757248E8
2.44223488E8
2.38921984E8
2.05554304E8
1.4852192E8
7.696448E7
2533568.0
-6.3503936E7
-1.13024064E8
-1.42882176E8
-1.55305472E8
-1.56743744E8
-1.55534272E8
-1.59094336E8
-1.71489536E8
-1.921104E8
-2.15845056E8
-2.34681472E8
-2.40234432E8
-2.26419136E8
-1.91455616E8
-1.38606272E8
-7.5442112E7
-1.188576E7
4.2357504E7
8.0203136E7
9.87248E7
9.9421504E7
8.721792E7
6.8593344E7
4.9487296E7
3.3659136E7
2.1993472E7
1.289824E7
3567808.0
-8404224.0
-2.368032E7
-4.0602688E7
-5.5605632E7
-6.4472E7
-6.3984768E7
-5.3372352E7
-3.5003008E7
-1.4032064E7
2941056.0
9809984.0
2879552.0
-1.7853504E7
-4.8485888E7
-8.2145472E7
-1.10804288E8
-1.27407424E8
-1.2767008E8
-1.11009152E8
-8.0372608E7
-4.108704E7
837504.0
4.0353472E7
7.4425664E7
1.02181056E8
1.24189824E8
1.41234816E8
1.53117696E8
1.58035008E8
1.52849792E8
1.34236224E8
1.00326144E8
5.2250176E7
-5062080.0
-6.3254848E7
-1.1214944E8
-1.42215808E8
-1.47210432E8
-1.26162496E8
-8.4028288E7
-3.0710016E7
2.1372736E7
6.051136E7
7.8810816E7
7.4251456E7
5.1081536E7
1.8409984E7
-1.2586496E7
-3.2003712E7
-3.4088064E7
-1.8791744E7
8445952.0
3.8584832E7
6.1911296E7
7.1064064E7
6.3197056E7
4.061024E7
9686720.0
-2.1471104E7
-4.588832E7
-6.0069376E7
-6.5050432E7
-6.5776384E7
-6.8996416E7
-8.038112E7
-1.0184832E8
-1.30050816E8
-1.5662592E8
-1.70246272E8
-1.5992224E8
-1.18569664E8
-4.5731328E7
5.144736E7
1.59377536E8
2.61074496E8
3.40270272E8
3.8543232E8
3.92544448E8
3.65859712E8
3.16429568E8
2.58858496E8
2.0724064E8
1.71451072E8
1.54826304E8
1.53833856E8
1.59728384E8
1.61611264E8
1.49931264E8
1.19379136E8
7.0366464E7
8742272.0
-5.605824E7
-1.1378272E8
-1.56174528E8
-1.7900288E8
-1.82781952E8
-1.72088704E8
-1.53816768E8
-1.34995008E8
-1.20868544E8
-1.13785664E8
-1.13119488E8
-1.16101184E8
-1.19162048E8
-1.19267072E8
-1.14794816E8
-1.05735744E8
-9.3256512E7
-7.8904832E7
-6.3839232E7
-4.8410496E7
-3.2251264E7
-1.479584E7
4035648.0
2.333248E7
4.114336E7
5.4973568E7
6.2686272E7
6.3477248E7
5.8519424E7
5.0962944E7
4.5185536E7
4.5466624E7
5.4491648E7
7.2196736E7
9.5398272E7
1.18415232E8
1.34572288E8
1.38161728E8
1.26260672E8
9.9804224E7
6.3526016E7
2.4724928E7
-8808896.0
-3.1086336E7
-3.9717568E7
-3.6636224E7
-2.74928E7
-1.9877696E7
-2.090752E7
-3.4919808E7
-6.20016E7
-9.7824448E7
-1.34857472E8
-1.6459712E8
-1.80137408E8
-1.78293376E8
-1.60628992E8
-1.33079424E8
-1.04287296E8
-8.3162816E7
-7.6400256E7
-8.6679552E7
-1.1205248E8
-1.46638336E8
-1.82360512E8
-2.11158016E8
-2.27006336E8
-2.27185984E8
-2.12518208E8
-1.8662656E8
-1.54580608E8
-1.21428416E8
-9.109312E7
-6.591744E7
-4.6866944E7
-3.4150976E7
-2.7883968E7
-2.8430656E7
-3.6248256E7
-5.128608E7
-7.222624E7
-9.5967424E7
-1.17702656E8
-1.31740992E8
-1.32936576E8
-1.18321536E8
-8.8392576E7
-4.7542912E7
-3362240.0
3.5122944E7
5.9831808E7
6.595456E7
5.349824E7
2.7526976E7
-3055168.0
-2.7883968E7
-3.8007168E7
-2.8406848E7
591488.0
4.3457344E7
9.1106816E7
1.33566592E8
1.62832512E8
1.75044352E8
1.71315904E8
1.56985856E8
1.39557312E8
1.26014016E8
1.20395264E8
1.22429504E8
1.2767584E8
1.29135104E8
1.19807616E8
9.5361088E7
5.6026432E7
7078464.0
-4.2293376E7
-8.1407872E7
-1.01075072E8
-9.6228544E7
-6.7400064E7
-2.0592576E7
3.4395776E7
8.667008E7
1.27128576E8
1.50682432E8
1.57175616E8
1.50805568E8
1.3831968E8
1.26634176E8
1.20666624E8
1.22063552E8
1.29166208E8
1.38125696E8
1.44694848E8
1.4600768E8
1.41694976E8
1.33938816E8
1.26463616E8
1.2285088E8
1.24814912E8
1.31103424E8
1.37476672E8
1.37846464E8
1.26242624E8
9.8971712E7
5.6232576E7
2606912.0
-5.3807488E7
-1.03412544E8
-1.37688192E8
-1.51548864E8
-1.44749312E8
-1.21896576E8
-9.1061184E7
-6.1412416E7
-4.0602496E7
-3.26928E7
-3.7232E7
-4.9725184E7
-6.3294016E7
-7.0968192E7
-6.786912E7
-5.261952E7
-2.758208E7
2073344.0
3.0104384E7
5.1126656E7
6.2108992E7
6.298656E7
5.6268992E7
4.5863936E7
3.559104E7
2.7930688E7
2.3432256E7
2.093728E7
1.8461888E7
1.4340416E7
8145216.0
997696.0
-4868608.0
-7129792.0
-4571584.0
2032064.0
9765568.0
1.429024E7
1.1253824E7
-2069760.0
-2.5500416E7
-5.5539456E7
-8.6064128E7
-1.09995072E8
-1.21449344E8
-1.17689088E8
-1.0019712E8
-7.4465728E7
-4.8487936E7
-3.0376576E7
-2.5842432E7
-3.6342976E7
-5.8526144E7
-8.5189312E7
-1.07489472E8
-1.17719808E8
-1.1176736E8
-9.044864E7
-5.9269888E7
-2.666496E7
-1268352.0
1.0892672E7
8357888.0
-5319744.0
-2.2818688E7
-3.5599744E7
-3.6936512E7
-2.4414144E7
-1038848.0
2.5465088E7
4.5000832E7
4.836544E7
3.039104E7
-8081536.0
-6.0088704E7
-1.1439296E8
-1.58765184E8
-1.83686336E8
-1.8529184E8
-1.66593536E8
-1.36546688E8
-1.07210304E8
-8.9870464E7
-9.1350784E7
-1.1170144E8
-1.44044736E8
-1.76680256E8
-1.96830464E8
-1.94864768E8
-1.67658048E8
-1.19975488E8
-6.3373952E7
-1.2879168E7
1.7593152E7
1.9684544E7
-6480320.0
-5.1842432E7
-1.00657024E8
-1.34849664E8
-1.39239872E8
-1.06109632E8
-3.7765952E7
5.3681344E7
1.49297216E8
2.28230208E8
2.73175936E8
2.74873024E8
2.34404928E8
1.62724736E8
7.7612352E7
-1017088.0
-5.6117376E7
-7.746944E7
-6.3606784E7
-2.1348032E7
3.6728704E7
9.5987776E7
1.43478848E8
1.706896E8
1.74671872E8
1.57460672E8
1.24230656E8
8.0972544E7
3.2531264E7
-1.8374272E7
-7.0938688E7
-1.2510112E8
-1.80001344E8
-2.32755712E8
-2.78123264E8
-3.09299136E8
-3.19660608E8
-3.04933056E8
-2.65061056E8
-2.05121728E8
-1.34884416E8
-6.702336E7
-1.4392128E7
1.2941184E7
1.011648E7
-2.1278592E7
-7.3473856E7
-1.34206144E8
-1.8939488E8
-2.26129152E8
-2.35261632E8
-2.13045888E8
-1.61535808E8
-8.7787456E7
-2173120.0
8.3717632E7
1.59103616E8
2.15575616E8
2.47993664E8
2.5470176E8
2.3719168E8
1.99422144E8
1.46998592E8
8.6365312E7
2.4088384E7
-3.3751616E7
-8.2063808E7
-1.17151424E8
-1.36997056E8
-1.41387648E8
-1.31840256E8
-1.11313152E8
-8.3730944E7
-5.3396416E7
-2.4392576E7
-73408.0
1.7281856E7
2.6626368E7
2.8131776E7
2.3051072E7
1.3502528E7
2205504.0
-7834048.0
-1.3699776E7
-1.3008512E7
-4387136.0
1.210304E7
3.4718464E7
6.009504E7
8.3703744E7
1.00690432E8
1.0696512E8
1.00298496E8
8.1124928E7
5.2782208E7
2.1035456E7
-7081216.0
-2.486848E7
-2.7622976E7
-1.3908608E7
1.3936E7
5.024E7
8.7323328E7
1.17379584E8
1.34428736E8
1.35813376E8
1.22830016E8
1.0032512E8
7.5372288E7
5.5406208E7
4.6332544E7
5.1125376E7
6.9268736E7
9.7137472E7
1.29142272E8
1.59249472E8
1.82409984E8
1.95498752E8
1.97555904E8
1.89365248E8
1.72620864E8
1.49046016E8
1.19812416E8
8.5462784E7
4.6327552E7
3226560.0
-4.1881088E7
-8.5624448E7
-1.23522816E8
-1.50846208E8
-1.63800256E8
-1.60654784E8
-1.42423296E8
-1.1282016E8
-7.7452096E7
-4.2450816E7
-1.2949504E7
8129664.0
2.0599744E7
2.668544E7
2.9974464E7
3.4002816E7
4.0964928E7
5.0993344E7
6.2261248E7
7.1871232E7
7.7211328E7
7.7276096E7
7.3441984E7
6.9349312E7
6.984928E7
7.9301248E7
9.9766016E7
1.2972416E8
1.63826752E8
1.93887104E8
2.10926848E8
2.0773664E8
1.81201472E8
1.33656512E8
7.2791872E7
1.0029312E7
-4.2249024E7
-7.3885888E7
-7.9659008E7
-6.0740224E7
-2.4461056E7
1.7582144E7
5.258336E7
6.9912512E7
6.3912576E7
3.5357696E7
-8799232.0
-5.7285632E7
-9.7439296E7
-1.18404672E8
-1.13753408E8
-8.2888256E7
-3.0947456E7
3.2656256E7
9.6581248E7
1.50119808E8
1.853264E8
1.98246912E8
1.8908192E8
1.61419648E8
1.2089728E8
7.3736576E7
2.5544704E7
-1.9389696E7
-5.8272896E7
-8.9590784E7
-1.12725952E8
-1.27618112E8
-1.34594048E8
-1.3437248E8
-1.2815232E8
-1.1764512E8
-1.04947456E8
-9.2222528E7
-8.1263168E7
-7.307616E7
-6.7646784E7
-6.3992704E7
-6.0521664E7
-5.5602304E7
-4.8179456E7
-3.8241536E7
-2.6993472E7
-1.667776E7
-1.0093184E7
-9946944.0
-1.8213568E7
-3.5652544E7
-6.157696E7
-9.3885888E7
-1.2930912E8
-1.63788672E8
-1.92929856E8
-2.12489536E8
-2.18899904E8
-2.0982656E8
-1.84723648E8
-1.45288512E8
-9.5656448E7
-4.2165568E7
7428352.0
4.5271808E7
6.5074816E7
6.375328E7
4.259008E7
7488128.0
-3.1932224E7
-6.4344128E7
-7.9444992E7
-7.0748416E7
-3.7659392E7
1.3836672E7
7.2216256E7
1.23070144E8
1.52766016E8
1.52168E8
1.19364544E8
6.0560064E7
-1.12416E7
-7.9519552E7
-1.28656128E8
-1.48292736E8
-1.36375744E8
-9.9966912E7
-5.3500736E7
-1.4893568E7
-541248.0
-2.0593024E7
-7.584192E7
-1.57142208E8
-2.47554752E8
-3.26652736E8
-3.75801472E8
-3.82955712E8
-3.45659008E8
-2.71455168E8
-1.75663296E8
-7.7212544E7
6243584.0
6.2556864E7
8.752736E7
8.500288E7
6.478016E7
3.908704E7
1.878624E7
1.0444544E7
1.5064896E7
2.870432E7
4.4598976E7
5.596544E7
5.8491904E7
5.170496E7
3.882336E7
2.5249216E7
1.6302656E7
1.5045568E7
2.0979136E7
3.007808E7
3.6148416E7
3.3039104E7
1.694432E7
-1.199456E7
-4.9342592E7
-8.7411968E7
-1.17368704E8
-1.3173536E8
-1.26504384E8
-1.02220096E8
-6.3730496E7
-1.8744192E7
2.4302208E7
5.8374656E7
7.932512E7
8.6341248E7
8.1346176E7
6.7685568E7
4.8647936E7
2.6372352E7
1501696.0
-2.637024E7
-5.7728E7
-9.2102976E7
-1.27459904E8
-1.60301632E8
-1.86494656E8
-2.02520704E8
-2.06668608E8
-1.99677632E8
-1.84537856E8
-1.65466944E8
-1.46411072E8
-1.29627008E8
-1.14908352E8
-9.980832E7
-8.0846976E7
-5.5308608E7
-2.2963392E7
1.2986688E7
4.6219392E7
6.8916864E7
7.4279296E7
5.912608E7
2.5657984E7
-1.8351488E7
-6.1202944E7
-9.0415488E7
-9.6493056E7
-7.6140544E7
-3.3838336E7
1.8871168E7
6.6347008E7
9.3294592E7
8.9408128E7
5.278432E7
-9012416.0
-8.0675008E7
-1.43262784E8
-1.79537216E8
-1.78945728E8
-1.40739264E8
-7.4245248E7
3828288.0
7.4269376E7
1.20949952E8
1.35422336E8
1.19115776E8
8.2464064E7
4.125088E7
1.1328512E7
3380928.0
1.9390016E7
5.1929792E7
8.652352E7
1.06326848E8
9.7667264E7
5.4688256E7
-1.8373376E7
-1.08010752E8
-1.9513472E8
-2.60496768E8
-2.9018304E8
-2.7950432E8
-2.34116288E8
-1.68078336E8
-9.9502016E7
-4.51744E7
-1.5818816E7
-1.341568E7
-3.1321984E7
-5.7032384E7
-7.660512E7
-7.9289728E7
-6.0887296E7
-2.4832512E7
1.9243264E7
5.8897728E7
8.3032192E7
8.54448E7
6.6655168E7
3.3487232E7
-3353792.0
-3.2832576E7
-4.7053888E7
-4.3529344E7
-2.556832E7
-775104.0
2.173504E7
3.4392256E7
3.3459008E7
1.9829248E7
-1825216.0
-2.5136064E7
-4.4511168E7
-5.7065728E7
-6.3319168E7
-6.6454848E7
-7.0491584E7
-7.8126784E7
-8.9141504E7
-1.00044032E8
-1.05165632E8
-9.885856E7
-7.8006528E7
-4.3890432E7
-2633664.0
3.607168E7
6.1654208E7
6.5936064E7
4.590944E7
5042624.0
-4.7395264E7
-9.8860864E7
-1.37154816E8
-1.53994688E8
-1.47393536E8
-1.22074624E8
-8.7793984E7
-5.6132352E7
-3.682112E7
-3.4816384E7
-4.9064576E7
-7.3324416E7
-9.8696064E7
-1.16929728E8
-1.2332448E8
-1.18190784E8
-1.06374592E8
-9.5046016E7
-9.0596224E7
-9.5826176E7
-1.08528768E8
-1.22073792E8
-1.2787648E8
-1.1891296E8
-9.300448E7
-5.459424E7
-1.4206848E7
1.443424E7
1.8813952E7
-7864768.0
-6.3632768E7
-1.3733728E8
-2.11207232E8
-2.65762368E8
-2.85607296E8
-2.642768E8
-2.0652032E8
-1.27182976E8
-4.6918208E7
1.3995776E7
4.1810688E7
3.3468608E7
-2588160.0
-4.9254976E7
-8.6361344E7
-9.7235072E7
-7.4108608E7
-2.06128E7
4.9445632E7
1.16600896E8
1.62023232E8
1.73492544E8
1.49062464E8
9.722592E7
3.3588992E7
-2.4729728E7
-6.497248E7
-8.2787648E7
-8.299904E7
-7.682144E7
-7.6550464E7
-8.9720128E7
-1.14997056E8
-1.41534144E8
-1.52302848E8
-1.30453184E8
-6.6536576E7
3.6087232E7
1.59915328E8
2.77021824E8
3.5708608E8
3.7735936E8
3.31273344E8
2.32535936E8
1.12807808E8
1.3081536E7
-2.8947456E7
8371456.0
1.221088E8
2.8379232E8
4.4721248E8
5.63420288E8
5.98820288E8
5.5082528E8
4.5571104E8
3.85186432E8
4.31298688E8
6.82777344E8
1.198739904E9
1.98696576E9
2.99320416E9
4.105352128E9
5.172479808E9
6.034661184E9
6.556532544E9
6.656319296E9
6.323115712E9
5.618200128E9
4.660284992E9
3.59870112E9
2.581457792E9
1.726129536E9
1.100366336E9
7.1591936E8
5.36288192E8
4.94545408E8
5.1554912E8
5.36201728E8
5.18682304E8
4.5416032E8
3.57524032E8
2.56195776E8
1.7743648E8
1.38364288E8
1.41442496E8
1.76003456E8
2.24267136E8
2.68965696E8
2.99489216E8
3.1439328E8
3.19735488E8
3.2439712E8
3.34671104E8
3.50564096E8
3.65440832E8
3.69173952E8
3.53438144E8
3.16800512E8
2.6722336E8
2.20552192E8
1.95183104E8
2.04785536E8
2.52029248E8
3.26262592E8
4.06893888E8
4.7218464E8
5.10937344E8
5.32979264E8
5.74042624E8
6.91910848E8
9.53270912E8
1.413853376E9
2.09715712E9
2.978381504E9
3.97953344E9
4.97903392E9
5.835155328E9
6.418389056E9
6.64465568E9
6.500189696E9
6.050447424E9
5.429238976E9
4.80950848E9
4.362335808E9
4.214330496E9
4.41452896E9
4.919809344E9
5.603191488E9
6.283415744E9
6.76852544E9
6.902393216E9
6.602302016E9
5.878061696E9
4.82806592E9
3.61380896E9
2.419994688E9
1.410955648E9
6.94699712E8
3.03435136E8
1.94637248E8
2.71026624E8
4.12818432E8
5.1265632E8
5.03494592E8
3.72262528E8
1.56588544E8
-7.3157504E7
-2.40182272E8
-2.87573376E8
-1.96689088E8
7540160.0
2.65475648E8
5.02644928E8
6.5434368E8
6.8748256E8
6.13204992E8
4.86606656E8
3.93633152E8
4.28800704E8
6.69810176E8
1.155779456E9
1.874645568E9
2.762704064E9
3.716055936E9
4.610811456E9
5.327000768E9
5.770659008E9
5.889468928E9
5.679273024E9
5.181091456E9
4.4703776E9
3.641621376E9
2.791860352E9
2.006237696E9
1.34773696E9
8.51998144E8
5.27026112E8
3.56850752E8
3.07853952E8
3.36462208E8
3.97059136E8
4.49179776E8
4.63210496E8
4.2396224E8
3.31665856E8
2.002256E8
5.2991168E7
-8.3197888E7
-1.84496E8
-2.35634176E8
-2.33280832E8
-1.86337536E8
-1.13083712E8
-3.5933056E7
2.4757952E7
5.6091968E7
5.5710592E7
3.1688384E7
-680832.0
-2.4187456E7
-2.5446912E7
705920.0
4.9530048E7
1.07904832E8
1.5856512E8
1.85679808E8
1.79990656E8
1.41872E8
8.1342784E7
1.5039936E7
-3.886848E7
-6.62E7
-6.0952064E7
-2.686336E7
2.4109184E7
7.5852608E7
1.1334528E8
1.2737696E8
1.17227264E8
9.04816E7
6.0107392E7
3.9813056E7
3.9252736E7
6.0672256E7
9.808768E7
1.39242368E8
1.69662656E8
1.77452352E8
1.57234944E8
1.11956672E8
5.1984384E7
-8166720.0
-5.4362368E7
-7.7123776E7
-7.4246208E7
-5.0932096E7
-1.745824E7
1.4776256E7
3.7434304E7
4.8202112E7
5.1495808E7
5.6654784E7
7.42224E7
1.11581568E8
1.6945408E8
2.40515968E8
3.10699328E8
3.62875584E8
3.81823744E8
3.5894496E8
2.95232E8
2.01528E8
9.5942464E7
-830976.0
-7.0908416E7
-1.03731456E8
-9.8404864E7
-6.3241216E7
-1.2757376E7
3.6872576E7
7.24832E7
8.7304768E7
8.2145792E7
6.4173056E7
4.3854464E7
3.1170176E7
3.2361984E7
4.8232192E7
7.4434624E7
1.03511488E8
1.27857856E8
1.42519872E8
1.46841216E8
1.44407168E8
1.4135104E8
1.43659968E8
1.54467904E8
1.72326784E8
1.91111744E8
2.01661312E8
1.94659072E8
1.63834688E8
1.08433152E8
3.4118912E7
-4.8032512E7
-1.24204672E8
-1.81396672E8
-2.10821376E8
-2.10143936E8
-1.83920704E8
-1.4213728E8
-9.7310464E7
-6.102176E7
-4.088544E7
-3.8785856E7
-5.0815296E7
-6.88304E7
-8.3091648E7
-8.5174464E7
-7.0323008E7
-3.863424E7
5160704.0
5.3144576E7
9.6394624E7
1.27251264E8
1.41074688E8
1.37097408E8
1.18262208E8
9.0212032E7
5.9782208E7
3.3408E7
1.58096E7
9180608.0
1.2957952E7
2.4118656E7
3.7877056E7
4.8628224E7
5.0993536E7
4.083968E7
1.6148992E7
-2.2386944E7
-7.1172672E7
-1.24012928E8
-1.729456E8
-2.09523904E8
-2.26348288E8
-2.185488E8
-1.8487904E8
-1.28138304E8
-5.4777472E7
2.6262528E7
1.0523232E8
1.73391808E8
2.24545728E8
2.55960256E8
2.6849568E8
2.66006784E8
2.54241792E8
2.39577344E8
2.27916416E8
2.23976128E8
2.31033344E8
2.51051584E8
2.85024128E8
3.33364096E8
3.96241216E8
4.73858304E8
5.6673504E8
6.7605632E8
8.04073472E8
9.54409856E8
1.132015744E9
1.342491904E9
1.590613184E9
1.878129152E9
2.201237824E9
2.548416896E9
2.8994272E9
3.226192256E9
3.495879552E9
3.675931904E9
3.740176896E9
3.674661184E9
3.4816992E9
3.180882176E9
2.806452416E9
2.40134688E9
2.00912864E9
1.665671232E9
1.392637952E9
1.19441056E9
1.059254272E9
9.64374144E8
8.83451968E8
7.94557824E8
6.862304E8
5.60056512E8
4.29113408E8
3.12865728E8
2.30165184E8
1.92563136E8
2.00038592E8
2.40482368E8
2.93103872E8
3.34684608E8
3.46696256E8
3.21001856E8
2.62291584E8
1.86420352E8
1.15123008E8
6.875392E7
5.9371712E7
8.6428416E7
1.36538752E8
1.87527232E8
2.15576064E8
2.03261632E8
1.45907968E8
5.4132992E7
-4.8398656E7
-1.3152064E8
-1.67540928E8
-1.39952384E8
-4.9172288E7
8.6568128E7
2.35628736E8
3.61504448E8
4.33061824E8
4.3345728E8
3.65062272E8
2.48875392E8
1.1853248E8
1.0641472E7
-4.571584E7
-3.7207488E7
3.0245184E7
1.33722112E8
2.40632192E8
3.18903552E8
3.46953536E8
3.20409024E8
2.53508864E8
1.74709888E8
1.17765504E8
1.10934016E8
1.67591424E8
2.81185856E8
4.26265088E8
5.65582912E8
6.61523712E8
6.88784576E8
6.44775808E8
5.54677248E8
4.69397376E8
4.56465216E8
5.85678528E8
9.1268448E8
1.46423776E9
2.228561728E9
3.153122112E9
4.150499776E9
5.111321984E9
5.92174816E9
6.482130944E9
6.72331744E9
6.617613248E9
6.182543168E9
5.476948096E9
4.590378176E9
3.627912832E9
2.693266624E9
1.8732192E9
1.226035904E9
7.75706752E8
5.12681408E8
4.00530816E8
3.8685376E8
4.159776E8
4.40742656E8
4.30968448E8
3.77030464E8
2.88146688E8
1.86234304E8
9.723072E7
4.233344E7
3.1531904E7
6.10944E7
1.15516416E8
1.7313472E8
2.13545344E8
2.2443424E8
2.05619712E8
1.6896704E8
1.3413696E8
1.21473728E8
1.44312256E8
2.0326656E8
2.8452992E8
3.63008128E8
4.0956704E8
4.00294656E8
3.24889984E8
1.91397568E8
2.5510016E7
-1.35706304E8
-2.54036032E8
-3.01312064E8
-2.68136128E8
-1.67267136E8
-3.0367296E7
1.01172224E8
1.8869568E8
2.08238592E8
1.58173248E8
5.9943104E7
-4.860448E7
-1.25412032E8
-1.38151424E8
-7.5353792E7
4.9195392E7
2.0076352E8
3.3593536E8
4.19419392E8
4.4020096E8
4.21581568E8
4.21072E8
5.18895424E8
7.97250624E8
1.315477952E9
2.087951744E9
3.071304576E9
4.165439552E9
5.22923296E9
6.107838784E9
6.665202304E9
6.8137376E9
6.533636032E9
5.87685312E9
4.954775104E9
3.912812096E9
2.898514432E9
2.031331648E9
1.381433088E9
9.62300416E8
7.37895488E8
6.41233152E8
5.98273984E8
5.50005312E8
4.66635328E8
3.50602048E8
2.28712384E8
1.37066752E8
1.04483392E8
1.40323008E8
2.3091424E8
3.45753024E8
4.5127552E8
5.2733728E8
5.8042656E8
6.48459904E8
7.94518656E8
1.090341504E9
1.593736256E9
2.326291968E9
3.258153728E9
4.305002752E9
5.339203264E9
6.21320672E9
6.789856512E9
6.972188992E9
6.725260736E9
6.084482624E9
5.148359232E9
4.057486592E9
2.965066752E9
2.006165888E9
1.272980736E9
8.01544256E8
5.7216672E8
5.22347968E8
5.67890624E8
6.26245504E8
6.36094784E8
5.68723904E8
4.2930112E8
2.490256E8
7.1407936E7
-6.2849024E7
-1.2803808E8
-1.19679872E8
-5.3784896E7
3.979744E7
1.27324992E8
1.81147648E8
1.86827968E8
1.45651264E8
7.231488E7
-1.097792E7
-8.1877952E7
-1.24367872E8
-1.32549248E8
-1.10934848E8
-7.15824E7
-2.932832E7
3187776.0
1.913408E7
1.8761728E7
8207936.0
-3507456.0
-8114368.0
-1078336.0
1.7010944E7
4.100288E7
6.3379712E7
7.7240832E7
7.9011136E7
6.9945408E7
5.5923008E7
4.5600512E7
4.7522048E7
6.7115008E7
1.0453632E8
1.54071168E8
2.05316544E8
2.45846784E8
2.6461824E8
2.55146624E8
2.1754656E8
1.5883744E8
9.1394944E7
2.9940416E7
-1.2136576E7
-2.6141952E7
-1.0219968E7
3.0307968E7
8.4513152E7
1.38928512E8
1.81294016E8
2.0395648E8
2.0597472E8
1.93317312E8
1.77061376E8
1.7007904E8
1.83177088E8
2.21898304E8
2.8511328E8
3.66116928E8
4.5627488E8
5.50497664E8
6.5314912E8
7.82618944E8
9.72845568E8
1.270601408E9
1.728278784E9
2.393038784E9
3.294248192E9
4.431857024E9
5.768532224E9
7.227872064E9
8.699930496E9
1.005380064E10
1.1155451968E10
1.1887759296E10
1.2169009408E10
1.1966297792E10
1.1301149184E10
1.0246203968E10
8.913599808E9
7.437323904E9
5.952958784E9
4.578640384E9
3.400616832E9
2.465668096E9
1.781102656E9
1.321456512E9
1.039743424E9
8.8041696E8
7.91204992E8
7.31612096E8
6.76939328E8
6.17852992E8
5.56544832E8
5.01142592E8
4.60150144E8
4.38354688E8
4.3498304E8
4.44142464E8
4.56941376E8
4.64321408E8
4.5959616E8
4.39952832E8
4.06607552E8
3.6376896E8
3.16914048E8
2.71021312E8
2.29333056E8
1.9296544E8
1.61363712E8
1.33311488E8
1.08039808E8
8.5985216E7
6.8900736E7
5.9273152E7
5.9255936E7
6.9503744E7
8.8347264E7
1.11645952E8
1.33452992E8
1.47365696E8
1.48212352E8
1.33594688E8
1.0482016E8
6.6898944E7
2.7531904E7
-4709696.0
-2.2575744E7
-2.2137088E7
-4049984.0
2.6292736E7
5.9831168E7
8.5922304E7
9.4959232E7
8.0886848E7
4.2968256E7
-1.3681792E7
-7.8987968E7
-1.40070592E8
-1.84181312E8
-2.0171456E8
-1.88554688E8
-1.47156032E8
-8.6065792E7
-1.7979456E7
4.3201152E7
8.5583616E7
1.0197184E8
9.1359232E7
5.8874816E7
1.4231744E7
-3.0877504E7
-6.5729024E7
-8.3075456E7
-8.0577536E7
-6.0841664E7
-3.014944E7
3670272.0
3.3550784E7
5.4985984E7
6.6817856E7
7.0852416E7
7.0524096E7
6.9130432E7
6.8285696E7
6.7153856E7
6.274656E7
5.1200192E7
2.9593472E7
-2340928.0
-4.1256512E7
-8.0407168E7
-1.11089728E8
-1.24954432E8
-1.16516864E8
-8.509376E7
-3.5517888E7
2.266336E7
7.7356032E7
1.16879552E8
1.32897536E8
1.22487552E8
8.8766464E7
3.9914176E7
-1.3091584E7
-5.934496E7
-9.0642368E7
-1.03139648E8
-9.7628544E7
-7.8471232E7
-5.1650048E7
-2.2637952E7
5190080.0
3.1117568E7
5.6514816E7
8.3444224E7
1.13038976E8
1.44324288E8
1.7397728E8
1.97166464E8
2.09194112E8
2.07346432E8
1.92234176E8
1.68055296E8
1.41569472E8
1.20034176E8
1.0874976E8
1.09055616E8
1.17525632E8
1.2675136E8
1.27579456E8
1.12158784E8
7.6829568E7
2.3869376E7
-3.857344E7
-9.847104E7
-1.4331136E8
-1.63887808E8
-1.57281856E8
-1.2803648E8
-8.7051264E7
-4.84448E7
-2.5298432E7
-2.5594112E7
-4.9656512E7
-8.9974976E7
-1.33552128E8
-1.66114432E8
-1.76891328E8
-1.6243328E8
-1.28182528E8
-8.7178624E7
-5.6172224E7
-5.0264064E7
-7.7705664E7
-1.36523008E8
-2.14126016E8
-2.90185472E8
-3.42059776E8
-3.51240896E8
-3.0892416E8
-2.19010048E8
-9.7574016E7
3.1131136E7
1.41038336E8
2.11182016E8
2.31174208E8
2.03666816E8
1.43114816E8
7.1251456E7
1.0649088E7
-2.171072E7
-1.8972224E7
1.423904E7
6.3945472E7
1.11679168E8
1.405216E8
1.40442176E8
1.113232E8
6.2801024E7
1.1054912E7
-2.6396096E7
-3.6238784E7
-1.3540928E7
3.6691904E7
1.00994944E8
1.6143264E8
2.00825984E8
2.07610368E8
1.78887488E8
1.20842624E8
4.653216E7
-2.8153664E7
-8.9034368E7
-1.27296E8
-1.4122784E8
-1.35672576E8
-1.19567552E8
-1.02532096E8
-9.1692544E7
-8.9764096E7
-9.4913984E7
-1.0228256E8
-1.0647392E8
-1.0402112E8
-9.4895296E7
-8.2510208E7
-7.2250624E7
-6.9105984E7
-7.53264E7
-8.9028864E7
-1.0434272E8
-1.1313728E8
-1.0778752E8
-8.403104E7
-4.2885824E7
9123456.0
6.16304E7
1.03533056E8
1.26573696E8
1.28203328E8
1.12722368E8
9.0205312E7
7.3428416E7
7.3682944E7
9.6766592E7
1.40450496E8
1.94313344E8
2.42128064E8
2.6619936E8
2.52431296E8
1.94635776E8
9.6788096E7
-2.7485504E7
-1.58091904E8
-2.73444736E8
-3.558208E8
-3.95586752E8
-3.9312288E8
-3.57960704E8
-3.0546624E8
-2.52106752E8
-2.10721344E8
-1.87168256E8
-1.7927008E8
-1.78265664E8
-1.72230272E8
-1.5035744E8
-1.06782016E8
-4.2807808E7
3.3087296E7
1.07413184E8
1.65312384E8
1.9459456E8
1.8900416E8
1.49832576E8
8.5499776E7
9321984.0
-6.383328E7
-1.2104384E8
-1.54056512E8
-1.60604288E8
-1.44122752E8
-1.12121408E8
-7.3793472E7
-3.7576896E7
-9293696.0
8749248.0
1.762816E7
2.0844928E7
2.292736E7
2.8001408E7
3.8672E7
5.5396352E7
7.6384768E7
9.7951488E7
1.15188224E8
1.22837504E8
1.16260608E8
9.2407552E7
5.0673728E7
-6507712.0
-7.3518528E7
-1.42014016E8
-2.02058368E8
-2.4384448E8
-2.597184E8
-2.46064E8
-2.04539776E8
-1.42242816E8
-7.0596672E7
-3092992.0
4.7650304E7
7.2803072E7
6.9439744E7
4.1247232E7
-2433408.0
-4.903488E7
-8.6037056E7
-1.04201152E8
-9.9861888E7
-7.563136E7
-3.9319232E7
-1399872.0
2.8208896E7
4.3082112E7
4.2045376E7
2.9226176E7
1.2395136E7
131904.0
-1272000.0
9829568.0
2.9607296E7
4.9762304E7
6.0100032E7
5.1893888E7
2.0987776E7
-3.0361344E7
-9.35344E7
-1.55558144E8
-2.02527168E8
-2.23454016E8
-2.13407232E8
-1.74993152E8
-1.17721664E8
-5.5424512E7
-2475520.0
3.0083904E7
3.7384E7
2.171904E7
-8559872.0
-4.1879936E7
-6.712416E7
-7.7034688E7
-7.0324736E7
-5.1892416E7
-3.1112192E7
-1.875616E7
-2.3500544E7
-4.907424E7
-9.2893184E7
-1.46563392E8
-1.98072512E8
-2.34999872E8
-2.4780032E8
-2.32228672E8
-1.90262528E8
-1.29339136E8
-6.0218176E7
5850304.0
5.9821568E7
9.668864E7
1.16035712E8
1.213008E8
1.18109248E8
1.12270464E8
1.08057664E8
1.07230336E8
1.0897728E8
1.10653184E8
1.08961856E8
1.01155072E8
8.588288E7
6.3513088E7
3.5941056E7
6078720.0
-2.2729664E7
-4.7164544E7
-6.4186368E7
-7.1155328E7
-6.5968192E7
-4.7356608E7
-1.5390464E7
2.7927552E7
7.8227008E7
1.28797504E8
1.71306688E8
1.97234112E8
1.99789696E8
1.75844736E8
1.27291392E8
6.1316288E7
-1.0672064E7
-7.5341184E7
-1.20443136E8
-1.37750592E8
-1.250816E8
-8.6786304E7
-3.2491392E7
2.5581632E7
7.595744E7
1.10906176E8
1.28176704E8
1.30918272E8
1.25824256E8
1.20126592E8
1.18487616E8
1.20922176E8
1.22582464E8
1.15633408E8
9.2706624E7
5.079712E7
-5820160.0
-6.4902592E7
-1.0839904E8
-1.17165504E8
-7.70208E7
1.5690176E7
1.50948544E8
3.05707968E8
4.4866496E8
5.48196416E8
5.81384896E8
5.41467968E8
4.41243328E8
3.10963328E8
1.9082432E8
1.19872192E8
1.24468096E8
2.0995136E8
3.58537472E8
5.34876224E8
6.98448512E8
8.19719488E8
8.9537216E8
9.5758368E8
1.073406016E9
1.332730752E9
1.82646496E9
2.619609024E9
3.726004032E9
5.091927168E9
6.594174016E9
8.055032704E9
9.27235712E9
1.0058858176E10
1.0281858112E10
9.893961088E9
8.94672E9
7.583156608E9
6.010030784E9
4.455806848E9
3.124000704E9
2.152989696E9
1.591975872E9
1.39888832E9
1.460539392E9
1.629705856E9
1.769451456E9
1.79310784E9
1.68941632E9
1.526160896E9
1.431215488E9
1.55584096E9
2.029754624E9
2.919721216E9
4.202599872E9
5.760132224E9
7.397237632E9
8.87962528E9
9.981700352E9
1.0533248E10
1.045384416E10
9.767171968E9
8.592530496E9
7.116424384E9
5.551794112E9
4.094994368E9
2.890533568E9
2.010977984E9
1.45513568E9
1.162880768E9
1.04101504E9
9.92394048E8
9.40588736E8
8.44431168E8
7.00168192E8
5.32589248E8
3.7936896E8
2.74244288E8
2.34271488E8
2.54550848E8
3.11146688E8
3.70318336E8
4.00396416E8
3.82150336E8
3.14344384E8
2.12998016E8
1.05017984E8
1.8650688E7
-2.5919296E7
-2.2748928E7
1.875264E7
7.7870208E7
1.30176896E8
1.5598336E8
1.46787776E8
1.07656256E8
5.4891776E7
9935488.0
-8337408.0
9704640.0
6.101888E7
1.30795072E8
1.97331008E8
2.39204992E8
2.42341952E8
2.04649472E8
1.36726784E8
5.8458112E7
-7355968.0
-4.2229632E7
-3.7737536E7
2054080.0
6.2203264E7
1.2196544E8
1.61629824E8
1.68882816E8
1.42650816E8
9.3216896E7
3.8628352E7
-1397248.0
-1.206976E7
1.1505216E7
6.257344E7
1.24733888E8
1.77038784E8
2.00560576E8
1.84357312E8
1.28989888E8
4.6535232E7
-4.285376E7
-1.16731392E8
-1.56692544E8
-1.53356416E8
-1.08580992E8
-3.438976E7
5.0893376E7
1.2799136E8
1.8183264E8
2.0502464E8
1.98775104E8
1.71249344E8
1.34146752E8
9.8763264E7
7.2843008E7
5.9126656E7
5.5844544E7
5.8710336E7
6.3491008E7
6.8105984E7
7.3473536E7
8.2851136E7
1.00014208E8
1.27062528E8
1.627792E8
2.02248832E8
2.37958592E8
2.62036544E8
2.68835008E8
2.56909184E8
2.29634496E8
1.94178752E8
1.59139392E8
1.316496E8
1.1497632E8
1.07490496E8
1.03423616E8
9.5199296E7
7.6550528E7
4.531936E7
4896896.0
-3.630688E7
-6.7307712E7
-7.8176512E7
-6.3667904E7
-2.5595712E7
2.6946304E7
7.9741696E7
1.17434112E8
1.28153664E8
1.07336384E8
5.9486592E7
-2765504.0
-6.2125312E7
-1.01632448E8
-1.09712064E8
-8.3745536E7
-3.1055424E7
3.3026176E7
8.9454784E7
1.2087488E8
1.16537024E8
7.5304256E7
5905728.0
-7.5572416E7
-1.5016256E8
-2.0111424E8
-2.1815232E8
-1.99749824E8
-1.5291168E8
-9.0721408E7
-2.8524352E7
2.0062848E7
4.6199488E7
4.7210816E7
2.618624E7
-9799424.0
-5.20768E7
-9.2568896E7
-1.25189952E8
-1.46266496E8
-1.54194368E8
-1.48793344E8
-1.30842048E8
-1.02065728E8
-6.5523776E7
-2.60448E7
9778432.0
3.4413248E7
4.1086784E7
2.6002624E7
-9637184.0
-5.8636288E7
-1.08474368E8
-1.43815744E8
-1.5040352E8
-1.19336704E8
-5.0435712E7
4.648256E7
1.53078976E8
2.46580672E8
3.05522048E8
3.15579584E8
2.73794176E8
1.89844288E8
8.3847424E7
-1.8819584E7
-9.4275136E7
-1.26538432E8
-1.11715328E8
-5.8718464E7
1.3702144E7
8.2734208E7
1.28343936E8
1.39118336E8
1.15347776E8
6.8438912E7
1.6886464E7
-1.9904448E7
-2.7987712E7
-3428928.0
4.6387392E7
1.05100288E8
1.5261792E8
1.71606592E8
1.53177088E8
9.9978688E7
2.572832E7
-4.867872E7
-1.01272064E8
-1.1544032E8
-8.4741376E7
-1.4660288E7
7.9139328E7
1.7544288E8
2.53497088E8
2.98543616E8
3.05234432E8
2.7802592E8
2.28636416E8
1.71580544E8
1.1934816E8
7.8825792E7
5.0056768E7
2.7595968E7
3817088.0
-2.7116672E7
-6.6099072E7
-1.07902272E8
-1.42420224E8
-1.57916992E8
-1.45163264E8
-1.01020992E8
-3.0214656E7
5.5365184E7
1.39654848E8
2.06763584E8
2.45285888E8
2.51205312E8
2.2849728E8
1.87305024E8
1.40363584E8
9.8906176E7
6.9424064E7
5.2315904E7
4.2785856E7
3.3560256E7
1.83664E7
-5130944.0
-3.4026752E7
-6.0998912E7
-7.6973376E7
-7.4672768E7
-5.174176E7
-1.2265216E7
3.3964992E7
7.4291904E7
9.724512E7
9.6441792E7
7.2974144E7
3.5396928E7
-2780800.0
-2.73392E7
-2.7956224E7
-1644672.0
4.6160256E7
1.03277056E8
1.54703936E8
1.87511744E8
1.95067904E8
1.79149056E8
1.4919648E8
1.18925056E8
1.0141728E8
1.04377984E8
1.2722112E8
1.61073728E8
1.91807168E8
2.05155264E8
1.92210112E8
1.53370944E8
9.9254208E7
4.8032192E7
1.9861504E7
3.0087808E7
8.3437568E7
1.71215232E8
2.72662976E8
3.6034528E8
4.08103168E8
3.99207808E8
3.3213664E8
2.22008704E8
9.6978048E7
-9561152.0
-6.8744832E7
-6.502752E7
-1173760.0
1.02351936E8
2.13782912E8
3.006672E8
3.417552E8
3.36637056E8
3.10030208E8
3.08956032E8
3.92943104E8
6.19334464E8
1.027225216E9
1.624108672E9
2.378801408E9
3.222774336E9
4.060012352E9
4.783476544E9
5.294658688E9
5.521996288E9
5.434196352E9
5.045715712E9
4.413423232E9
3.6254048E9
2.784491264E9
1.990059392E9
1.321796416E9
8.28464832E8
5.23455616E8
3.87400512E8
3.76660928E8
4.3542976E8
5.0865312E8
5.53066944E8
5.44276736E8
4.7881312E8
3.71248064E8
2.47513088E8
1.36306176E8
6.0779456E7
3.249888E7
4.9025024E7
9.5522432E7
1.49774592E8
1.89121408E8
1.97341504E8
1.69530176E8
1.13569984E8
4.7740864E7
-4878656.0
-2.3605248E7
3200576.0
7.4094336E7
1.74472832E8
2.80667776E8
3.67122112E8
4.14536576E8
4.16439744E8
3.81974912E8
3.3376992E8
3.01272384E8
3.11446528E8
3.79766528E8
5.04613504E8
6.67369984E8
8.3886304E8
9.9078624E8
1.1089232E9
1.20399744E9
1.316169984E9
1.51065152E9
1.864272576E9
2.445530496E9
3.29283904E9
4.396763776E9
5.691534208E9
7.059114688E9
8.346067328E9
9.390130752E9
1.0050784896E10
1.0236811072E10
9.924384576E9
9.161437824E9
8.057352576E9
6.760579776E9
5.429624448E9
4.204212096E9
3.183057152E9
2.412641664E9
1.888397696E9
1.566523904E9
1.382223232E9
1.269031488E9
1.174326784E9
1.06780224E9
9.42066624E8
8.06840576E8
6.7978176E8
5.77415424E8
5.08958528E8
4.7436576E8
4.66262144E8
4.74135488E8
4.88658816E8
5.04374912E8
5.19996032E8
5.36779328E8
5.56347584E8
5.79552832E8
6.07440576E8
6.44273088E8
7.01354304E8
7.995904E8
9.68700544E8
1.241886528E9
1.646342656E9
2.191734976E9
2.86006976E9
3.600674432E9
4.333083456E9
4.958617536E9
5.378903936E9
5.517264704E9
5.337569344E9
4.8552976E9
4.13727456E9
3.289401792E9
2.434942528E9
1.688577472E9
1.132736832E9
8.02204864E8
6.807968E8
7.10626112E8
8.11062208E8
9.01905344E8
9.24328128E8
8.54012672E8
7.033728E8
5.1302304E8
3.3576704E8
2.18391936E8
1.86912832E8
2.39544064E8
3.49071104E8
4.73285504E8
5.6968544E8
6.0947488E8
5.8634688E8
5.17408448E8
4.36259648E8
3.80803584E8
3.80006016E8
4.44048896E8
5.61079936E8
7.01498432E8
8.28191872E8
9.091872E8
9.28434624E8
8.91126976E8
8.21834688E8
7.56154752E8
7.28741248E8
7.61772608E8
8.57733632E8
9.98923008E8
1.153822336E9
1.288150144E9
1.37684928E9
1.412928768E9
1.410131136E9
1.39845952E9
1.41399776E9
1.486393856E9
1.62819392E9
1.82964608E9
2.060805056E9
2.280358912E9
2.448348352E9
2.538627392E9
2.546942208E9
2.491913856E9
2.408529408E9
2.336226048E9
2.305472256E9
2.327304704E9
2.389361408E9
2.459848192E9
2.498264704E9
2.469444352E9
2.35628576E9
2.166879424E9
1.933481344E9
1.70341056E9
1.524622528E9
1.430550592E9
1.429220928E9
1.500444544E9
1.602435904E9
1.68624352E9
1.713823168E9
1.674253248E9
1.592908928E9
1.530309312E9
1.570273408E9
1.800092416E9
2.287744064E9
3.062059328E9
4.100974912E9
5.330830016E9
6.63676256E9
7.881497536E9
8.927962112E9
9.660681344E9
1.0001808768E10
9.919533056E9
9.428784768E9
8.585955776E9
7.480209792E9
6.223780544E9
4.942649344E9
3.767702208E9
2.825495808E9
2.227561984E9
2.057904E9
2.359722368E9
3.123920192E9
4.28289792E9
5.713032512E9
7.247825216E9
8.701249408E9
9.897954624E9
1.0704550848E10
1.1055022144E10
1.0963907776E10
1.0523268096E10
9.883106816E9
9.218938752E9
8.69350176E9
8.421279232E9
8.444037056E9
8.723039872E9
9.149636288E9
9.571512384E9
9.8282304E9
9.787632704E9
9.374760512E9
8.587038336E9
7.492977664E9
6.215624896E9
4.905399744E9
3.709041152E9
2.74171008E9
2.067962496E9
1.69480448E9
1.57709376E9
1.632911808E9
1.764757696E9
1.881774528E9
1.91865184E9
1.848050048E9
1.684947456E9
1.482833024E9
1.322899072E9
1.298235776E9
1.495522112E9
1.976937216E9
2.765037184E9
3.833143488E9
5.103287872E9
6.452865792E9
7.729853504E9
8.7748592E9
9.446696512E9
9.646981632E9
9.338862144E9
8.555656448E9
7.396925888E9
6.01204416E9
4.574099136E9
3.24928832E9
2.168199872E9
1.405113792E9
9.69691456E8
8.1254144E8
8.4285728E8
9.53481984E8
1.047103744E9
1.0572688E9
9.5950016E8
7.70589952E8
5.37300672E8
3.18412864E8
1.65555392E8
1.08190976E8
1.4658048E8
2.54025152E8
3.86944896E8
4.9919296E8
5.56027008E8
5.43572736E8
4.7124352E8
3.66856896E8
2.66412224E8
2.02000576E8
1.9168032E8
2.34336128E8
3.1084128E8
3.9083488E8
4.42734208E8
4.4373088E8
3.86690112E8
2.81985408E8
1.53952128E8
3.3306112E7
-5.1970048E7
-8.44528E7
-6.1552576E7
4798272.0
9.2628096E7
1.76928896E8
2.368976E8
2.61249472E8
2.5021312E8
2.13957632E8
1.68321344E8
1.294496E8
1.09111232E8
1.12038656E8
1.35825344E8
1.73013952E8
2.14332416E8
2.5179168E8
2.80592576E8
2.99371712E8
3.09014784E8
3.10805952E8
3.04879936E8
2.89736704E8
2.63067712E8
2.23538496E8
1.7270944E8
1.1614784E8
6.3039232E7
2.4164864E7
8763264.0
2.1296192E7
5.9294784E7
1.1318912E8
1.68403904E8
2.09235392E8
2.23374464E8
2.05646656E8
1.59716288E8
9.7111808E7
3.378368E7
-1.4778432E7
-3.833408E7
-3.5041024E7
-1.1913856E7
1.7602816E7
3.8203456E7
3.7970432E7
1.25936E7
-3.285024E7
-8.5196928E7
-1.27221248E8
-1.43148288E8
-1.23901376E8
-7.0395968E7
6212032.0
8.7460416E7
1.5282272E8
1.85655872E8
1.78018432E8
1.32883072E8
6.3085952E7
-1.2622784E7
-7.516512E7
-1.10610816E8
-1.13867776E8
-8.9515968E7
-4.9640064E7
-9471360.0
1.7684544E7
2.4582272E7
1.1942912E7
-1.23824E7
-3.6593088E7
-4.9297984E7
-4.354144E7
-1.9135872E7
1.7442496E7
5.5490432E7
8.3946176E7
9.5308864E7
8.8227072E7
6.7849664E7
4.381664E7
2.6593984E7
2.34448E7
3.5475008E7
5.6843008E7
7.6494912E7
8.1918272E7
6.3694464E7
1.9311168E7
-4.510816E7
-1.1585664E8
-1.752736E8
-2.06898176E8
-2.00557696E8
-1.55775168E8
-8.237248E7
1996288.0
7.6688E7
1.23849984E8
1.33392448E8
1.05657856E8
5.099936E7
-1.356128E7
-6.9531072E7
-1.02377664E8
-1.05536768E8
-8.1811008E7
-4.1821312E7
-103488.0
2.9828672E7
3.98416E7
2.957248E7
6135040.0
-1.8695296E7
-3.2830976E7
-2.8285952E7
-4174784.0
3.2702784E7
6.9902208E7
9.334656E7
9.2018752E7
6.1813504E7
7291776.0
-5.9255936E7
-1.21184768E8
-1.6228672E8
-1.71537792E8
-1.46358336E8
-9.3406144E7
-2.6688384E7
3.6410304E7
7.9969408E7
9.3798656E7
7.5904064E7
3.2509504E7
-2.4249216E7
-8.0148224E7
-1.2299136E8
-1.45772416E8
-1.48005056E8
-1.34956928E8
-1.15198912E8
-9.7378432E7
-8.7316864E7
-8.6352576E7
-9.1391744E7
-9.6533568E7
-9.5623104E7
-8.479776E7
-6.413696E7
-3.7856256E7
-1.3002176E7
2885376.0
4331264.0
-1.0174528E7
-3.7579584E7
-7.118048E7
-1.02741248E8
-1.25115392E8
-1.34502656E8
-1.31594944E8
-1.2123104E8
-1.10671168E8
-1.07054272E8
-1.14868928E8
-1.34271232E8
-1.60811968E8
-1.86689408E8
-2.03156352E8
-2.03343744E8
-1.84620096E8
-1.49746176E8
-1.0644096E8
-6.5456E7
-3.7698752E7
-3.1224576E7
-4.8950208E7
-8.7727232E7
-1.39015744E8
-1.90951872E8
-2.31220544E8
-2.49957504E8
-2.41932864E8
-2.07507648E8
-1.52215616E8
-8.5195264E7
-1.697408E7
4.2779712E7
8.699328E7
1.12074112E8
1.17888448E8
1.07019456E8
8.3657088E7
5.2492032E7
1.7900672E7
-1.6461376E7
-4.7705024E7
-7.3561088E7
-9.2243584E7
-1.0246592E8
-1.03643072E8
-9.6189824E7
-8.1750272E7
-6.3182976E7
-4.4199872E7
-2.8676608E7
-1.97824E7
-1.9165184E7
-2.6444992E7
-3.9197824E7
-5.3480064E7
-6.4782912E7
-6.9175104E7
-6.432416E7
-5.0107968E7
-2.86416E7
-3702912.0
2.0288384E7
3.9453248E7
5.1464704E7
5.6099328E7
5.516608E7
5.1820992E7
4.9453632E7
5.0451392E7
5.519712E7
6.1602816E7
6.5353088E7
6.0847488E7
4.2651968E7
7118400.0
-4.6227584E7
-1.13903872E8
-1.88543936E8
-2.59888832E8
-3.1655136E8
-3.48218112E8
-3.47833152E8
-3.13285952E8
-2.48203776E8
-1.6162656E8
-6.6572416E7
2.2259968E7
9.1208128E7
1.30233024E8
1.3483872E8
1.06911488E8
5.4289344E7
-1.0864064E7
-7.4550592E7
-1.23776256E8
-1.49149056E8
-1.4669408E8
-1.18519808E8
-7.2211648E7
-1.9102016E7
2.8201984E7
5.8504896E7
6.4364928E7
4.3618496E7
-202048.0
-5.861696E7
-1.1993504E8
-1.71614848E8
-2.02773376E8
-2.063568E8
-1.80560064E8
-1.29233728E8
-6.1204032E7
1.1367616E7
7.528896E7
1.1888096E8
1.34288576E8
1.19109056E8
7.69984E7
1.7090944E7
-4.7710144E7
-1.03286336E8
-1.37222848E8
-1.4150304E8
-1.14388736E8
-6.1033088E7
7383872.0
7.5886464E7
1.28869952E8
1.53525632E8
1.42748416E8
9.6828224E7
2.3486592E7
-6.3796352E7
-1.48804416E8
-2.16250048E8
-2.55195584E8
-2.61389312E8
-2.37939648E8
-1.94171008E8
-1.42979008E8
-9.7395968E7
-6.7284224E7
-5.7032448E7
-6.4849536E7
-8.3801088E7
-1.04244928E8
-1.1693344E8
-1.1586752E8
-1.00071488E8
-7.3780736E7
-4.5006208E7
-2.2918144E7
-1.4846784E7
-2.3807104E7
-4.7306496E7
-7.7812288E7
-1.0476352E8
-1.17553664E8
-1.08619264E8
-7.5732288E7
-2.282528E7
4.0896704E7
1.03306112E8
1.52493376E8
1.79808448E8
1.81953664E8
1.6156736E8
1.26181824E8
8.590848E7
5.0552256E7
2.699712E7
1.7588672E7
1.9919872E7
2.7999296E7
3.4379008E7
3.2565312E7
1.8989248E7
-6009536.0
-3.8406272E7
-7.1769536E7
-9.9140416E7
-1.14915968E8
-1.16189888E8
-1.03219968E8
-7.8990592E7
-4.8124352E7
-1.5569024E7
1.4494016E7
3.9211904E7
5.701792E7
6.714816E7
6.9046144E7
6.2004928E7
4.5280832E7
1.8692032E7
-1.651808E7
-5.6937856E7
-9.677408E7
-1.2844224E8
-1.439808E8
-1.37008128E8
-1.04707264E8
-4.9225984E7
2.2018624E7
9.737504E7
1.63201536E8
2.0683072E8
2.19519168E8
1.98607616E8
1.4829184E8
7.8760576E7
3889408.0
-6.193376E7
-1.07043648E8
-1.24975424E8
-1.15584E8
-8.458048E7
-4.1686144E7
2032576.0
3.690208E7
5.6728192E7
5.973984E7
4.8245952E7
2.7236736E7
2436416.0
-2.1566976E7
-4.2570688E7
-6.1067136E7
-7.9612096E7
-1.01533056E8
-1.29444544E8
-1.6406656E8
-2.03712256E8
-2.44582912E8
-2.81744512E8
-3.10454528E8
-3.27414464E8
-3.31569152E8
-3.24232448E8
-3.08540928E8
-2.88439936E8
-2.6754304E8
-2.48218432E8
-2.31167168E8
-2.15583616E8
-1.99800768E8
-1.8217344E8
-1.61889344E8
-1.3943776E8
-1.16583744E8
-9.5865088E7
-7.977856E7
-6.9918208E7
-6.6341376E7
-6.73616E7
-6.9841216E7
-6.9908032E7
-6.3901248E7
-4.929664E7
-2.5372864E7
6539456.0
4.3271232E7
8.0419712E7
1.13189248E8
1.37272192E8
1.4959168E8
1.48776576E8
1.3531488E8
1.11397696E8
8.0517696E7
4.691008E7
1.4926208E7
-1.1577024E7
-2.9766656E7
-3.8221312E7
-3.7130688E7
-2.8265344E7
-1.4698304E7
-292672.0
1.098688E7
1.5831936E7
1.2278656E7
177856.0
-1.8674112E7
-4.0803008E7
-6.1693952E7
-7.668448E7
-8.1928192E7
-7.5219584E7
-5.6491584E7
-2.7871808E7
6718720.0
4.2332096E7
7.3950592E7
9.7421952E7
1.10171712E8
1.11556608E8
1.02811456E8
8.6641024E7
6.6582464E7
4.6301312E7
2.89792E7
1.6903616E7
1.1305344E7
1.2421184E7
1.9708096E7
3.2114432E7
4.8324928E7
6.6924992E7
8.6475072E7
1.05521856E8
1.225904E8
1.36206528E8
1.44973632E8
1.4770656E8
1.43594304E8
1.32352256E8
1.14319488E8
9.0475456E7
6.236832E7
3.1971008E7
1495104.0
-2.6806784E7
-5.0823616E7
-6.8744576E7
-7.9195392E7
-8.1358976E7
-7.5082176E7
-6.0955648E7
-4.0338688E7
-1.5289024E7
1.1634624E7
3.7711552E7
6.0508992E7
7.8375424E7
9.0865024E7
9.8970304E7
1.0505472E8
1.12433408E8
1.24628032E8
1.44419584E8
1.7289952E8
2.0875968E8
2.4804832E8
2.8453792E8
3.10720192E8
3.19286656E8
3.04809216E8
2.65242112E8
2.02860416E8
1.24337536E8
3.9842304E7
-3.8739264E7
-1.001248E8
-1.36003328E8
-1.42898752E8
-1.2305568E8
-8.4080064E7
-3.7353856E7
4453632.0
3.0216192E7
3.2848512E7
1.0859584E7
-3.1439808E7
-8.5138432E7
-1.3904288E8
-1.8252352E8
-2.0815104E8
-2.1343392E8
-2.011984E8
-1.7851712E8
-1.54489024E8
-1.37493696E8
-1.326976E8
-1.40526912E8
-1.5655744E8
-1.72871296E8
-1.80510528E8
-1.72331648E8
-1.45434688E8
-1.02442304E8
-5.1220608E7
-3070912.0
3.01376E7
3.911232E7
1.96832E7
-2.5969408E7
-8.9760512E7
-1.59703744E8
-2.22921984E8
-2.68828864E8
-2.91607168E8
-2.91320192E8
-2.73393344E8
-2.46675776E8
-2.20692864E8
-2.02921408E8
-1.96876544E8
-2.0153632E8
-2.12200128E8
-2.22435712E8
-2.26442304E8
-2.21042944E8
-2.06662848E8
-1.86989504E8
-1.67452736E8
-1.53055936E8
-1.46313088E8
-1.46024128E8
-1.47357056E8
-1.43280448E8
-1.26937408E8
-9.4219008E7
-4.5685952E7
1.2844352E7
7.1341888E7
1.18030016E8
1.42609728E8
1.3930592E8
1.08806464E8
5.8463104E7
613568.0
-5.0554944E7
-8.2740992E7
-8.879872E7
-6.8597568E7
-2.8922048E7
1.857152E7
6.0753152E7
8.6783744E7
9.114688E7
7.5062848E7
4.5877696E7
1.462272E7
-7515648.0
-1.2748736E7
813696.0
2.8476544E7
6.030848E7
8.413728E7
8.9305984E7
7.007072E7
2.7615872E7
-2.9937088E7
-8.9563072E7
-1.36847552E8
-1.59982464E8
-1.5309856E8
-1.1797504E8
-6.3630656E7
-3904512.0
4.6293568E7
7.5012224E7
7.6440832E7
5.2372352E7
1.1559616E7
-3.2827776E7
-6.6917568E7
-7.9979776E7
-6.7352448E7
-3.1671296E7
1.7890368E7
6.8116608E7
1.05266048E8
1.18649536E8
1.03329088E8
6.126848E7
707584.0
-6.59952E7
-1.25422848E8
-1.66241408E8
-1.81636288E8
-1.7049632E8
-1.37159744E8
-8.9915264E7
-3.8747776E7
7043904.0
4.0767744E7
5.9391168E7
6.3591936E7
5.6939584E7
4.4539392E7
3.1558464E7
2.2010496E7
1.8047744E7
1.9833408E7
2.5901248E7
3.3805376E7
4.082912E7
4.4564608E7
4.3261568E7
3.59424E7
2.235392E7
2860736.0
-2.1634816E7
-4.9705472E7
-7.9366464E7
-1.08065088E8
-1.32772736E8
-1.50238272E8
-1.57409856E8
-1.519712E8
-1.32883392E8
-1.0079936E8
-5.8228672E7
-9375040.0
4.0361792E7
8.51536E7
1.19650688E8
1.39864832E8
1.43860096E8
1.32116736E8
1.07493568E8
7.4784256E7
3.9938752E7
9079936.0
-1.2515456E7
-2.1296512E7
-1.6021632E7
2056320.0
2.9442496E7
6.104576E7
9.110528E7
1.14227456E8
1.26341056E8
1.253872E8
1.1161152E8
8.7403904E7
5.6721088E7
2.4217856E7
-5726592.0
-2.9875328E7
-4.670528E7
-5.656096E7
-6.1365504E7
-6.3963776E7
-6.726432E7
-7.339168E7
-8.3062208E7
-9.5341312E7
-1.078496E8
-1.17370496E8
-1.20714048E8
-1.15618752E8
-1.0145952E8
-7.957056E7
-5.3079872E7
-2.6273984E7
-3627776.0
1.1274048E7
1.665856E7
1.3091904E7
3457152.0
-7641920.0
-1.4939584E7
-1.3794368E7
-1406272.0
2.2336704E7
5.4604224E7
9.005376E7
1.21878336E8
1.43252416E8
1.48857792E8
1.36137024E8
1.05980032E8
6.2671744E7
1.3099712E7
-3.4609792E7
-7.2726208E7
-9.545632E7
-1.00060096E8
-8.7307264E7
-6.1202368E7
-2.8069568E7
4769088.0
3.0418944E7
4.3636992E7
4.1630912E7
2.432448E7
-5882624.0
-4.4731456E7
-8.6908608E7
-1.268592E8
-1.59473728E8
-1.80593984E8
-1.87344E8
-1.78335296E8
-1.5378784E8
-1.15576512E8
-6.7166976E7
-1.337408E7
4.0117056E7
8.7474432E7
1.23613312E8
1.4509952E8
1.50843584E8
1.42370304E8
1.23526592E8
9.9624192E7
7.6177408E7
5.7533312E7
4.5758976E7
4.011264E7
3.7289344E7
3.242048E7
2.0583936E7
-1584960.0
-3.465152E7
-7.5895872E7
-1.19773952E8
-1.59241216E8
-1.87597504E8
-2.00337664E8
-1.96468224E8
-1.78885248E8
-1.53669632E8
-1.28472576E8
-1.10436672E8
-1.04246272E8
-1.10876224E8
-1.27407168E8
-1.47967744E8
-1.65523264E8
-1.73980032E8
-1.69974528E8
-1.53815424E8
-1.29302272E8
-1.02493952E8
-7.9820224E7
-6.6134464E7
-6.3317824E7
-6.986752E7
-8.1586816E7
-9.3136832E7
-9.9931648E7
-9.9743552E7
-9.3475968E7
-8.4829248E7
-7.8951104E7
-8.050176E7
-9.1776192E7
-1.11525824E8
-1.34918528E8
-1.54716288E8
-1.63356416E8
-1.55313984E8
-1.29005824E8
-8.7609216E7
-3.8487552E7
8661632.0
4.4419072E7
6.2248128E7
6.0306624E7
4.190496E7
1.4453696E7
-1.2798336E7
-3.1561216E7
-3.699296E7
-2.9123776E7
-1.2778752E7
3982784.0
1.244192E7
6028992.0
-1.748032E7
-5.5046272E7
-9.8995456E7
-1.39008512E8
-1.64867968E8
-1.69154496E8
-1.49112576E8
-1.07179392E8
-5.008352E7
1.3143744E7
7.359392E7
1.2459168E8
1.62882112E8
1.88611264E8
2.04222976E8
2.12742144E8
2.16098304E8
2.14099456E8
2.0442368E8
1.83627712E8
1.48810624E8
9.9332352E7
3.7950336E7
-2.9081984E7
-9.3075072E7
-1.44858816E8
-1.77069184E8
-1.86075584E8
-1.72954944E8
-1.43205952E8
-1.05281088E8
-6.8376448E7
-4.0140608E7
-2.4975104E7
-2.3400832E7
-3.2617152E7
-4.8004928E7
-6.5028608E7
-8.0890432E7
-9.538624E7
-1.10700864E8
-1.3024096E8
-1.56936256E8
-1.91618944E8
-2.32075136E8
-2.73140672E8
-3.07869056E8
-3.29441216E8
-3.33227136E8
-3.183424E8
-2.88179072E8
-2.49702592E8
-2.11680896E8
-1.82345024E8
-1.67159104E8
-1.67347904E8
-1.796064E8
-1.97065728E8
-2.11219072E8
-2.14240832E8
-2.01034624E8
-1.7044992E8
-1.253728E8
-7.1737536E7
-1.681696E7
3.266688E7
7.2056896E7
9.9504896E7
1.15819584E8
1.23576704E8
1.2586944E8
1.25150848E8
1.22549056E8
1.17836608E8
1.09993664E8
9.8094656E7
8.2142528E7
6.3507136E7
4.4775552E7
2.9040896E7
1.8863232E7
1.5266368E7
1.713728E7
2.1273728E7
2.3121792E7
1.8019648E7
2595456.0
-2.4095936E7
-6.0044992E7
-1.0054336E8
-1.39176576E8
-1.69293184E8
-1.85560192E8
-1.85197184E8
-1.68575488E8
-1.39051328E8
-1.02106048E8
-6.4044096E7
-3.0593984E7
-5760064.0
8823296.0
1.3925952E7
1.2199616E7
7280256.0
2768192.0
1335168.0
4152704.0
1.0736384E7
1.920128E7
2.6833792E7
3.0829184E7
2.9025536E7
2.0472704E7
5719104.0
-1.3248384E7
-3.3405824E7
-5.1359936E7
-6.4147584E7
-6.9985984E7
-6.8786624E7
-6.2279488E7
-5.3670656E7
-4.6869824E7
-4.5444224E7
-5.1552064E7
-6.514976E7
-8.3728128E7
-1.02714752E8
-1.16505856E8
-1.19903296E8
-1.09593344E8
-8.5252864E7
-4.9937152E7
-9582848.0
2.8299456E7
5.6427264E7
6.9565056E7
6.5852864E7
4.7255296E7
1.8985792E7
-1.194208E7
-3.8625728E7
-5.6087104E7
-6.2458176E7
-5.9191232E7
-5.0253632E7
-4.0581952E7
-3.4311616E7
-3.3371904E7
-3.6920256E7
-4.1814656E7
-4.3971776E7
-4.014944E7
-2.9525824E7
-1.4484736E7
-261376.0
6529472.0
71360.0
-2.2452096E7
-5.9373312E7
-1.04341312E8
-1.47593536E8
-1.78428096E8
-1.88203264E8
-1.7298272E8
-1.35000128E8
-8.2435648E7
-2.7483904E7
1.6790976E7
3.9940992E7
3.6959552E7
9623936.0
-3.4042496E7
-8.2035392E7
-1.2169664E8
-1.43135296E8
-1.41755136E8
-1.1918848E8
-8.2427968E7
-4.1495936E7
-6421504.0
1.5523904E7
2.1504704E7
1.3263232E7
-4207360.0
-2.4920768E7
-4.4258368E7
-6.0603776E7
-7.5695936E7
-9.3605184E7
-1.18725952E8
-1.53532096E8
-1.96933952E8
-2.43882752E8
-2.86443328E8
-3.16045568E8
-3.26199808E8
-3.14768E8
-2.8499168E8
-2.44861888E8
-2.04951424E8
-1.7534496E8
-1.626224E8
-1.6786496E8
-1.8635264E8
-2.0908896E8
-2.2570368E8
-2.27828608E8
-2.1186784E8
-1.80263104E8
-1.40820288E8
-1.04284288E8
-8.091776E7
-7.7172736E7
-9.3530944E7
-1.24227328E8
-1.58973504E8
-1.86153664E8
-1.96482432E8
-1.859504E8
-1.57098816E8
-1.18188608E8
-8.050784E7
-5.4663488E7
-4.7049536E7
-5.7642112E7
-7.9868608E7
-1.026384E8
-1.13930688E8
-1.04821632E8
-7.2665536E7
-2.2386368E7
3.4590464E7
8.3506432E7
1.1061632E8
1.07410816E8
7.3427584E7
1.677824E7
-4.7802176E7
-1.02834624E8
-1.3278336E8
-1.28201344E8
-8.8160256E7
-2.0316736E7
6.1324992E7
1.4022976E8
2.01570624E8
2.35675072E8
2.39762048E8
2.17624832E8
1.77553856E8
1.29304704E8
8.1146368E7
3.791104E7
561088.0
-3.2757696E7
-6.4716992E7
-9.669632E7
-1.27401792E8
-1.52755968E8
-1.67124288E8
-1.65452096E8
-1.45538304E8
-1.09598464E8
-6.4485696E7
-2.0377344E7
1.17536E7
2.3146112E7
9816128.0
-2.6125888E7
-7.6842112E7
-1.30739584E8
-1.75482688E8
-2.01168128E8
-2.02749184E8
-1.81043072E8
-1.42096704E8
-9.518528E7
-5.0110912E7
-1.464064E7
7177728.0
1.5405568E7
1.3328448E7
5722048.0
-3071424.0
-1.0585216E7
-1.673536E7
-2.3300672E7
-3.265152E7
-4.6263232E7
-6.3609472E7
-8.1878016E7
-9.6644096E7
-1.03284224E8
-9.8640448E7
-8.2344128E7
-5.7314688E7
-2.9223424E7
-5058624.0
8765440.0
8161600.0
-7565888.0
-3.5668096E7
-7.0898624E7
-1.07126336E8
-1.39070016E8
-1.63589952E8
-1.80137344E8
-1.90261952E8
-1.96402816E8
-2.00431168E8
-2.0249248E8
-2.00583488E8
-1.91041344E8
-1.69798976E8
-1.33995136E8
-8.339136E7
-2.1107648E7
4.6598528E7
1.11476224E8
1.65021696E8
2.00309248E8
2.13390272E8
2.03894336E8
1.74731072E8
1.31074688E8
7.9019072E7
2.4349312E7
-2.8222144E7
-7.5220544E7
-1.14088512E8
-1.42681408E8
-1.58933248E8
-1.609568E8
-1.47627968E8
-1.19462464E8
-7.9407104E7
-3.3123648E7
1.1536384E7
4.5907968E7
6.2474432E7
5.6892992E7
2.9461312E7
-1.449792E7
-6.5575616E7
-1.12387456E8
-1.44341632E8
-1.54310016E8
-1.40439744E8
-1.06565888E8
-6.1081408E7
-1.4576192E7
2.307616E7
4.5336896E7
5.0565312E7
4.2087424E7
2.6784704E7
1.2665088E7
6182528.0
1.0136768E7
2.2791744E7
3.8465408E7
4.9381824E7
4.8190912E7
3.0362368E7
-4283648.0
-5.1367488E7
-1.03103296E8
-1.50435328E8
-1.85492096E8
-2.03615488E8
-2.04382464E8
-1.91367552E8
-1.70791232E8
-1.49528256E8
-1.33117568E8
-1.24370688E8
-1.22946496E8
-1.2592928E8
-1.29129472E8
-1.28618944E8
-1.21985536E8
-1.08931648E8
-9.1100096E7
-7.1286016E7
-5.2390272E7
-3.652768E7
-2.460224E7
-1.6456064E7
-1.1458688E7
-9233216.0
-1.0164352E7
-1.543328E7
-2.6524288E7
-4.4381056E7
-6.8557952E7
-9.6752832E7
-1.249904E8
-1.48499776E8
-1.6305632E8
-1.6635584E8
-1.58924992E8
-1.44184832E8
-1.27550976E8
-1.14780096E8
-1.10059456E8
-1.14468096E8
-1.25368128E8
-1.37012544E8
-1.42272128E8
-1.34996672E8
-1.12279936E8
-7.586848E7
-3.2182784E7
9175872.0
3.807648E7
4.6921536E7
3.3198016E7
691968.0
-4.1087488E7
-7.9211072E7
-1.00764608E8
-9.6463168E7
-6.3398272E7
-6098368.0
6.44432E7
1.3353536E8
1.86589568E8
2.1289248E8
2.0829536E8
1.76084864E8
1.2582848E8
7.0568384E7
2.3203968E7
-6894656.0
-1.6100352E7
-7005440.0
1.2874752E7
3.3690944E7
4.6308864E7
4.48992E7
2.8341376E7
115392.0
-3.3165568E7
-6.4025856E7
-8.64368E7
-9.7441856E7
-9.7641152E7
-9.0473216E7
-8.0626176E7
-7.2172352E7
-6.7079488E7
-6.4588544E7
-6.163616E7
-5.413312E7
-3.8628992E7
-1.3766848E7
1.8980096E7
5.5551488E7
9.0444352E7
1.18380032E8
1.35933696E8
1.42582016E8
1.4080928E8
1.35225536E8
1.30969728E8
1.31907136E8
1.39204736E8
1.50752256E8
1.61638016E8
1.6556064E8
1.5676896E8
1.31955072E8
9.153536E7
3.9929024E7
-1.5268288E7
-6.5002816E7
-1.00914624E8
-1.17353664E8
-1.12736896E8
-8.9912704E7
-5.5467712E7
-1.817824E7
1.2990464E7
3.0851648E7
3.1489728E7
1.4982528E7
-1.4743616E7
-5.0829824E7
-8.4924352E7
-1.08831488E8
-1.1605152E8
-1.02958592E8
-6.9448448E7
-1.899072E7
4.189888E7
1.04674816E8
1.6012128E8
1.99860608E8
2.17785792E8
2.11177088E8
1.81285888E8
1.33234752E8
7.5191168E7
1.691808E7
-3.2055104E7
-6.4285376E7
-7.5897984E7
-6.735648E7
-4.3320384E7
-1.159296E7
1.861984E7
3.875008E7
4.2734016E7
2.8271552E7
-2809792.0
-4.5148224E7
-9.1226944E7
-1.33176768E8
-1.64547776E8
-1.81625152E8
-1.83999616E8
-1.74310784E8
-1.57293184E8
-1.38424128E8
-1.22544768E8
-1.12803328E8
-1.10145344E8
-1.13416704E8
-1.19974848E8
-1.26584832E8
-1.30330944E8
-1.29305792E8
-1.22930752E8
-1.11881152E8
-9.7700672E7
-8.2258816E7
-6.722816E7
-5.3720256E7
-4.2159936E7
-3.2394624E7
-2.3974464E7
-1.6495744E7
-9898752.0
-4627392.0
-1605120.0
-2026368.0
-7011392.0
-1.720608E7
-3.242656E7
-5.1451136E7
-7.2037504E7
-9.1204032E7
-1.05754176E8
-1.12958976E8
-1.11253056E8
-1.00766016E8
-8.3519936E7
-6.317888E7
-4.4339328E7
-3.1475008E7
-2.7768704E7
-3.4133952E7
-4.872512E7
-6.7139776E7
-8.334784E7
-9.1178048E7
-8.6006272E7
-6.619264E7
-3.3830528E7
5474880.0
4.3827136E7
7.300064E7
8.6644928E7
8.2119488E7
6.140448E7
3.0762304E7
-835264.0
-2.4136128E7
-3.223936E7
-2.268128E7
1656896.0
3.31392E7
6.1356096E7
7.5981952E7
6.9714368E7
4.0450816E7
-7943872.0
-6.6530432E7
-1.23613632E8
-1.67830912E8
-1.9111552E8
-1.9066848E8
-1.69364288E8
-1.34489728E8
-9.5221056E7
-5.9639488E7
-3.2234944E7
-1.2702464E7
3566720.0
2.3432256E7
5.3037376E7
9.4893312E7
1.46008832E8
1.97769408E8
2.37749248E8
2.53033792E8
2.34132032E8
1.78317056E8
9.133824E7
-1.3126016E7
-1.16268032E8
-1.98542528E8
-2.44500608E8
-2.46749376E8
-2.07924416E8
-1.40093376E8
-6.1707328E7
7103168.0
4.963456E7
5.675392E7
2.8986688E7
-2.3977216E7
-8.6172928E7
-1.39814272E8
-1.7007648E8
-1.68913088E8
-1.36918592E8
-8.2804736E7
-2.0727616E7
3.3728256E7
6.7769088E7
7.4668608E7
5.5263808E7
1.7350656E7
-2.6754944E7
-6.374656E7
-8.2945408E7
-7.903552E7
-5.3233408E7
-1.266144E7
3.1813376E7
6.8625024E7
8.8591872E7
8.7231296E7
6.5744512E7
3.0486208E7
-8867968.0
-4.1923968E7
-6.0245056E7
-5.9425728E7
-4.0072192E7
-7492224.0
2.9777408E7
6.2202368E7
8.1668736E7
8.3493056E7
6.7540416E7
3.819296E7
3187200.0
-2.8389952E7
-4.845536E7
-5.205056E7
-3.869536E7
-1.2611584E7
1.8278848E7
4.4373888E7
5.6954624E7
5.0655296E7
2.518784E7
-1.4178816E7
-5.7594112E7
-9.2896128E7
-1.08671744E8
-9.7352448E7
-5.7537216E7
5120256.0
7.8781504E7
1.47931328E8
1.969632E8
2.13971712E8
1.93784192E8
1.39424896E8
6.158752E7
-2.379904E7
-9.9326656E7
-1.50241344E8
-1.6790464E8
-1.51700288E8
-1.08917632E8
-5.2673856E7
1542208.0
3.9773632E7
5.2919296E7
3.8639424E7
1418432.0
-4.9128448E7
-1.01142592E8
-1.43747968E8
-1.69716608E8
-1.76886848E8
-1.68040576E8
-1.49404864E8
-1.28318848E8
-1.10815424E8
-9.9831616E7
-9.4531392E7
-9.0864576E7
-8.3112128E7
-6.5901568E7
-3.6073088E7
6131712.0
5.6853888E7
1.09372928E8
1.55567168E8
1.87652032E8
1.99751104E8
1.88962496E8
1.55763584E8
1.03789056E8
3.9147328E7
-3.050656E7
-9.6958592E7
-1.52375168E8
-1.90164224E8
-2.0575552E8
-1.97277952E8
-1.66045696E8
-1.16702784E8
-5.6860032E7
3876352.0
5.5443264E7
8.9198144E7
9.9744768E7
8.6235968E7
5.2745472E7
7497728.0
-3.895776E7
-7.6233664E7
-9.6630592E7
-9.7025984E7
-7.9583552E7
-5.1056064E7
-2.0847104E7
1635712.0
9589824.0
640256.0
-2.2641536E7
-5.36544E7
-8.3818688E7
-1.05122688E8
-1.1238272E8
-1.04542592E8
-8.4649152E7
-5.8572672E7
-3.2935168E7
-1.2956032E7
-927552.0
4193728.0
5986048.0
8873088.0
1.6173184E7
2.8601856E7
4.3779456E7
5.694336E7
6.2630784E7
5.6746624E7
3.8270528E7
9962112.0
-2.224544E7
-5.101792E7
-6.9995008E7
-7.596096E7
-7.0038016E7
-5.7427328E7
-4.5706688E7
-4.219296E7
-5.1230208E7
-7.2339136E7
-9.9924352E7
-1.2474816E8
-1.36795264E8
-1.28664256E8
-9.8393664E7
-5.0753216E7
3525888.0
5.046944E7
7.6786624E7
7.3846912E7
4.0482304E7
-1.6288064E7
-8.2904192E7
-1.42851136E8
-1.81157504E8
-1.88481344E8
-1.63576576E8
-1.13417664E8
-5.0973056E7
8668288.0
5.2624384E7
7.3688768E7
7.1925824E7
5.398144E7
3.0424192E7
1.2041728E7
6320512.0
1.5234816E7
3.5014784E7
5.7889536E7
7.5147456E7
8.0430272E7
7.2115776E7
5.3969024E7
3.3840512E7
2.0858176E7
2.2080832E7
3.9773056E7
7.0265536E7
1.04839104E8
1.32393728E8
1.43055616E8
1.3154208E8
9.9158592E7
5.3727872E7
7417792.0
-2.6885568E7
-3.9527936E7
-2.7110336E7
6378560.0
5.0695616E7
9.2393408E7
1.1883968E8
1.21952192E8
1.00497408E8
6.0266112E7
1.2114688E7
-3.1463488E7
-6.0131456E7
-6.8668736E7
-5.8206528E7
-3.542144E7
-1.0035776E7
8494208.0
1.399232E7
5311744.0
-1.3689152E7
-3.5844928E7
-5.3391488E7
-6.0705664E7
-5.6117504E7
-4.218944E7
-2.4410304E7
-8816128.0
570240.0
3524928.0
3948096.0
8560640.0
2.4382784E7
5.5852928E7
1.02603392E8
1.58718912E8
2.13825792E8
2.55755648E8
2.73989248E8
2.62809152E8
2.23155072E8
1.62573888E8
9.3255488E7
2.874624E7
-1.9656704E7
-4.574208E7
-4.9627456E7
-3.7109632E7
-1.7424064E7
-209408.0
7320512.0
2116736.0
-1.4515392E7
-3.8190272E7
-6.3589696E7
-8.6624E7
-1.05787328E8
-1.22225152E8
-1.38544256E8
-1.56889408E8
-1.77114112E8
-1.95867136E8
-2.07094528E8
-2.03934144E8
-1.81429568E8
-1.39115264E8
-8.2472256E7
-2.2553472E7
2.6350784E7
5.0471872E7
4.0684992E7
-4284224.0
-7.6651008E7
-1.60891648E8
-2.37370496E8
-2.87334912E8
-2.97885504E8
-2.65492864E8
-1.97025536E8
-1.07972736E8
-1.8363072E7
5.2453056E7
9.0673152E7
9.1212928E7
5.8361984E7
3870784.0
-5.6830784E7
-1.09068096E8
-1.42674432E8
-1.5401952E8
-1.45866176E8
-1.25316992E8
-1.00684928E8
-7.840832E7
-6.1026048E7
-4.6807296E7
-3.103488E7
-8377536.0
2.4555712E7
6.7405312E7
1.15624896E8
1.61549952E8
1.96577152E8
2.13692096E8
2.09488E8
1.8502304E8
1.45282688E8
9.7498048E7
4.8947456E7
5009984.0
-3.189088E7
-6.2173696E7
-8.7969472E7
-1.11498816E8
-1.33635904E8
-1.53239808E8
-1.67516928E8
-1.73260928E8
-1.68460544E8
-1.53600512E8
-1.32077184E8
-1.09471232E8
-9.1854784E7
-8.3700352E7
-8.6150144E7
-9.6328448E7
-1.08039808E8
-1.1371392E8
-1.0700096E8
-8.514592E7
-5.029792E7
-9234624.0
2.8497984E7
5.3481088E7
5.9424E7
4.5266496E7
1.5645056E7
-2.048672E7
-5.2671104E7
-7.2284352E7
-7.5288064E7
-6.3452672E7
-4.3609344E7
-2.5150912E7
-1.6605696E7
-2.245248E7
-4.1289856E7
-6.6046656E7
-8.6233024E7
-9.1536128E7
-7.5575616E7
-3.8536256E7
1.2268864E7
6.418912E7
1.02884672E8
1.16703296E8
1.00380224E8
5.6843968E7
-3491840.0
-6.576256E7
-1.1505664E8
-1.40782848E8
-1.39595712E8
-1.15948352E8
-8.0126528E7
-4.4458496E7
-1.9004288E7
-8202560.0
-9626688.0
-1.5277824E7
-1.4966464E7
-595584.0
3.0178752E7
7.2257664E7
1.14077184E8
1.41048512E8
1.40391168E8
1.0576992E8
4.0145728E7
-4.4209024E7
-1.286768E8
-1.9340672E8
-2.23014656E8
-2.11082624E8
-1.62029504E8
-8.9750912E7
-1.346336E7
4.791872E7
8.1081728E7
8.162464E7
5.4401472E7
1.0913472E7
-3.5243712E7
-7.3232832E7
-9.8412672E7
-1.13171328E8
-1.2490688E8
-1.41945536E8
-1.68957568E8
-2.0365888E8
-2.36179072E8
-2.51555008E8
-2.34687104E8
-1.76148672E8
-7.6818048E7
5.043424E7
1.82875712E8
2.9348544E8
3.58411648E8
3.64024064E8
3.11276224E8
2.1584992E8
1.03849728E8
4238336.0
-5.9707008E7
-7.7255936E7
-5.3207296E7
-5989440.0
3.8582208E7
5.5944064E7
3.1069504E7
-3.6280768E7
-1.3108608E8
-2.27593088E8
-2.97451136E8
-3.18873088E8
-2.83868352E8
-2.0117856E8
-9.3902208E7
7501632.0
7.4641536E7
9.0057024E7
5.267776E7
-2.188928E7
-1.06356416E8
-1.70449664E8
-1.90521472E8
-1.57003968E8
-7.7326464E7
2.6610496E7
1.25546624E8
1.92217536E8
2.09902144E8
1.77394112E8
1.08826368E8
2.8485888E7
-3.758816E7
-7.0375424E7
-6.4060288E7
-2.7570496E7
1.9022976E7
5.1985664E7
5.2697216E7
1.4689728E7
-5.3515584E7
-1.3081888E8
-1.90450048E8
-2.0907136E8
-1.74973568E8
-9.2522752E7
1.8755392E7
1.30255616E8
2.13564416E8
2.4980896E8
2.35875904E8
1.85295808E8
1.23384384E8
7.8210304E7
7.046432E7
1.05787264E8
1.72383552E8
2.44996608E8
2.94129728E8
2.97472192E8
2.49538432E8
1.65899712E8
8.0046656E7
3.3371392E7
6.1208448E7
1.79513728E8
3.76966272E8
6.15893312E8
8.4278176E8
1.00602304E9
1.075911744E9
1.060655744E9
1.012749248E9
1.022452608E9
1.198690816E9
1.641425664E9
2.41236256E9
3.51185248E9
4.868678272E9
6.346319168E9
7.765099712E9
8.935486592E9
9.694857408E9
9.93912992E9
9.641966272E9
8.857448128E9
7.706273216E9
6.349486976E9
4.956497344E9
3.67495776E9
2.608936896E9
1.80909664E9
1.2752288E9
9.68440064E8
8.28342912E8
7.90203712E8
7.9804512E8
8.11683456E8
8.07862976E8
7.77319424E8
7.20297472E8
6.42697088E8
5.53921088E8
4.66194752E8
3.94189184E8
3.53594304E8
3.5791328E8
4.1390112E8
5.17240192E8
6.50669248E8
7.86496384E8
8.94190528E8
9.5189376E8
9.58854976E8
9.44650176E8
9.71156928E8
1.124757632E9
1.49885952E9
2.169835136E9
3.171994816E9
4.478362688E9
5.993336448E9
7.560794752E9
8.987453632E9
1.007724288E10
1.0669301568E10
1.0670817088E10
1.0076800704E10
8.971864704E9
7.513384192E9
5.899950528E9
4.332562112E9
2.97759296E9
1.939855872E9
1.251245568E9
8.76341184E8
7.32083456E8
7.15372992E8
7.30975424E8
7.12764928E8
6.33774656E8
5.03968576E8
3.58078976E8
2.38315712E8
1.776384E8
1.88455936E8
2.59483456E8
3.60755712E8
4.5433376E8
5.06754688E8
4.99117696E8
4.31821312E8
3.22902528E8
2.01033408E8
9.582432E7
2.8719232E7
7313600.0
2.4605824E7
6.299296E7
1.013024E8
1.22297472E8
1.18128704E8
9.206112E7
5.616128E7
2.6005248E7
1.441216E7
2.6443264E7
5.7372672E7
9.4260224E7
1.20509184E8
1.21789056E8
9.1276224E7
3.24256E7
-4.166528E7
-1.12102208E8
-1.59996352E8
-1.72351168E8
-1.46148352E8
-8.9345856E7
-1.8493952E7
4.6257536E7
8.7189312E7
9.4216192E7
6.769888E7
1.8066624E7
-3.75536E7
-8.060672E7
-9.6647232E7
-7.9492864E7
-3.2817792E7
3.1186112E7
9.5568E7
1.436032E8
1.6351168E8
1.51576704E8
1.12865728E8
5.9489536E7
7036928.0
-2.9710528E7
-4.056832E7
-2.2264448E7
2.1202752E7
8.0067584E7
1.41577216E8
1.93193088E8
2.25361984E8
2.33238464E8
2.17115072E8
1.81688384E8
1.34563328E8
8.4500416E7
3.9848768E7
7429440.0
-8070528.0
-4300096.0
1.8788544E7
5.906208E7
1.12368768E8
1.7279552E8
2.33123008E8
2.85569664E8
3.22818496E8
3.39196288E8
3.31765888E8
3.01043264E8
2.51104192E8
1.8897472E8
1.2338496E8
6.3141056E7
1.548384E7
-1.51824E7
-2.7901888E7
-2.5E7
-1.1222016E7
7566336.0
2.5762432E7
3.9145984E7
4.5484608E7
4.45392E7
3.7555264E7
2.646368E7
1.3077824E7
-1455168.0
-1.6788864E7
-3.3085376E7
-5.042688E7
-6.816288E7
-8.4455744E7
-9.6238784E7
-9.9679232E7
-9.1090048E7
-6.8081152E7
-3.0640128E7
1.8192384E7
7.232128E7
1.23385344E8
1.62257792E8
1.8097344E8
1.74649152E8
1.429104E8
9.0404352E7
2.617184E7
-3.8083456E7
-9.0497088E7
-1.2175744E8
-1.27365568E8
-1.08838464E8
-7.3484096E7
-3.2724992E7
671104.0
1.5786176E7
6354368.0
-2.757472E7
-7.9584128E7
-1.38497472E8
-1.91243776E8
-2.2622048E8
-2.36240064E8
-2.20251904E8
-1.83364992E8
-1.35178112E8
-8.6910208E7
-4.8170752E7
-2.4316608E7
-1.5163904E7
-1.5417792E7
-1.6666944E7
-1.031232E7
9477760.0
4.3705792E7
8.8011072E7
1.33832576E8
1.70904704E8
1.90314752E8
1.87176832E8
1.62103168E8
1.2103264E8
7.3491136E7
2.9843456E7
-1598464.0
-1.6724608E7
-1.6397312E7
-5666752.0
8250240.0
1.8520704E7
2.0924544E7
1.5047232E7
4088832.0
-6580864.0
-1.1574592E7
-7573120.0
5384448.0
2.3845312E7
4.2119424E7
5.4260352E7
5.6141184E7
4.6895488E7
2.9221952E7
8460928.0
-9216576.0
-1.8852288E7
-1.8243904E7
-8447872.0
6918848.0
2.3288768E7
3.7033664E7
4.6889984E7
5.4336768E7
6.2736128E7
7.5522432E7
9.4124352E7
1.16462848E8
1.36719232E8
1.46647552E8
1.3814944E8
1.06326976E8
5.1966528E7
-1.7500416E7
-8.9087104E7
-1.47264192E8
-1.78113856E8
-1.7339968E8
-1.33262976E8
-6.6615808E7
1.1018112E7
8.1666304E7
1.29868864E8
1.4694464E8
1.33244096E8
9.7679616E7
5.4671424E7
1.946624E7
3311552.0
1.0018624E7
3.5002944E7
6.7090176E7
9.247328E7
9.9505664E7
8.2739328E7
4.4870272E7
-4051456.0
-4.987936E7
-7.9001344E7
-8.2793472E7
-6.0403648E7
-1.8938368E7
2.8993984E7
6.9532544E7
9.214176E7
9.294432E7
7.5663232E7
4.9860864E7
2.7110208E7
1.6473088E7
2.0930112E7
3.6097216E7
5.1779136E7
5.5899712E7
3.9470912E7
822784.0
-5.2517632E7
-1.05165504E8
-1.38221056E8
-1.35344256E8
-8.8607616E7
-2133376.0
1.07849856E8
2.16783872E8
2.98392768E8
3.32170176E8
3.0942432E8
2.35954624E8
1.30459904E8
1.9120768E7
-7.1982592E7
-1.24259136E8
-1.31500864E8
-1.00792832E8
-4.9239936E7
2330240.0
3.655712E7
4.5235904E7
3.1646848E7
8816512.0
-5612288.0
3922432.0
4.4980672E7
1.1403552E8
1.97295168E8
2.75138496E8
3.2861408E8
3.45727232E8
3.25315392E8
2.77157312E8
2.18295488E8
1.66902912E8
1.35915968E8
1.28760384E8
1.38758912E8
1.52476416E8
1.5579296E8
1.4042912E8
1.08378624E8
7.2369664E7
5.1873728E7
6.583936E7
1.24659392E8
2.24374656E8
3.45551296E8
4.57766272E8
5.28679616E8
5.34926528E8
4.71164992E8
3.53939904E8
2.18551744E8
1.09395328E8
6.6517632E7
1.12653888E8
2.45140096E8
4.35749568E8
6.3899968E8
8.06626688E8
9.03665984E8
9.20744512E8
8.78155712E8
8.19860416E8
7.98973248E8
8.59425536E8
1.02026688E9
1.26872768E9
1.565655168E9
1.862909888E9
2.12797024E9
2.367792E9
2.643062656E9
3.065931904E9
3.778745088E9
4.917082624E9
6.565832E9
8.720363712E9
1.1264929344E10
1.3976848384E10
1.6558662592E10
1.869287168E10
2.0107237312E10
2.0634910976E10
2.0254015744E10
1.9095885632E10
1.741882496E10
1.555298208E10
1.3829354944E10
1.2510035008E10
1.1736393088E10
1.1507145408E10
1.1690426944E10
1.2065307648E10
1.238098112E10
1.2418053184E10
1.2036848192E10
1.1202115712E10
9.980509056E9
8.5146352E9
6.983232704E9
5.559595776E9
4.379249536E9
3.523706368E9
3.02140512E9
2.861528896E9
3.01297792E9
3.440272448E9
4.110522368E9
4.989850176E9
6.03222784E9
7.166988288E9
8.292153472E9
9.278906816E9
9.988640256E9
1.0299361472E10
1.0134442432E10
9.485043648E9
8.418689536E9
7.070111488E9
5.615528832E9
4.236433728E9
3.082154816E9
2.240984704E9
1.727285568E9
1.487451072E9
1.422281984E9
1.418817536E9
1.382309632E9
1.259463488E9
1.047100352E9
7.8501056E8
5.36518272E8
3.63715328E8
3.0545504E8
3.6478784E8
5.09121856E8
6.82167424E8
8.23030848E8
8.85810816E8
8.53268032E8
7.40415744E8
5.87386752E8
4.4447616E8
3.54692096E8
3.3972E8
3.93808896E8
4.87258496E8
5.77912064E8
6.2644224E8
6.10098816E8
5.30288768E8
4.1159456E8
2.928032E8
2.13209536E8
1.98975744E8
2.54197376E8
3.59626432E8
4.79349888E8
5.73020672E8
6.09406336E8
5.76653632E8
4.8585888E8
3.66855744E8
2.57781696E8
1.9206144E8
1.87259648E8
2.39554624E8
3.25622144E8
4.11181312E8
4.63200576E8
4.6155008E8
4.06117632E8
3.169792E8
2.27593792E8
1.73359744E8
1.79440512E8
2.5200032E8
3.75835456E8
5.19222784E8
6.44376E8
7.2000736E8
7.3178016E8
6.8712064E8
6.1273312E8
5.45583232E8
5.20303872E8
5.57210304E8
6.54990464E8
7.90699712E8
9.27404096E8
1.027395264E9
1.067106816E9
1.049227392E9
1.008212416E9
1.007186624E9
1.126565888E9
1.446907648E9
2.029941888E9
2.902096128E9
4.044116672E9
5.388901376E9
6.827871872E9
8.224592192E9
9.43321632E9
1.031883424E10
1.0776794496E10
1.0748416384E10
1.0230988224E10
9.280488896E9
8.006118912E9
6.5565968E9
5.09935488E9
3.795196224E9
2.772385856E9
2.105110208E9
1.801275648E9
1.803391296E9
2.003784768E9
2.272047808E9
2.48919808E9
2.580562048E9
2.53873088E9
2.429602048E9
2.378345792E9
2.537301056E9
3.042970688E9
3.972945728E9
5.314534016E9
6.954569088E9
8.694724928E9
1.0289929088E10
1.1500988224E10
1.2148201792E10
1.2151920064E10
1.1549119424E10
1.048139904E10
9.15763488E9
7.801643904E9
6.5994928E9
5.661206144E9
5.007431488E9
4.584243328E9
4.300837888E9
4.077879424E9
3.890846272E9
3.793993216E9
3.916241984E9
4.428803072E9
5.493146752E9
7.2044048E9
9.547408064E9
1.2379575872E10
1.5447548928E10
1.843485856E10
2.1028845376E10
2.2989157504E10
2.419926336E10
2.468682304E10
2.4607277184E10
2.4195189504E10
2.369680416E10
2.3302390848E10
2.3096795584E10
2.304128352E10
2.2990829184E10
2.2741081472E10
2.2091148032E10
2.0904373248E10
1.9150435328E10
1.6917884736E10
1.4394874304E10
1.182471552E10
9.449492032E9
7.45748E9
5.9480512E9
4.921913664E9
4.296886208E9
3.942251648E9
3.720159488E9
3.521727616E9
3.2884032E9
3.01462336E9
2.733996544E9
2.496127744E9
2.34337696E9
2.295773696E9
2.34856544E9
2.481864192E9
2.677316032E9
2.934182848E9
3.27749568E9
3.753871744E9
4.415137472E9
5.294520192E9
6.38328256E9
7.6162144E9
8.872144064E9
9.991258816E9
1.0805895936E10
1.1177189376E10
1.102784992E10
1.0362107008E10
9.2672E9
7.895795072E9
6.433832128E9
5.062085504E9
3.921117376E9
3.087985984E9
2.569542848E9
2.31252096E9
2.226236928E9
2.21083264E9
2.183250688E9
2.09460512E9
1.935659776E9
1.730736576E9
1.523472832E9
1.359595264E9
1.271956672E9
1.271673024E9
1.34693024E9
1.468670848E9
1.600639616E9
1.710544768E9
1.779402368E9
1.807166208E9
1.814010816E9
1.83768128E9
1.927887616E9
2.138782912E9
2.520349376E9
3.109314112E9
3.920271808E9
4.9380496E9
6.112838848E9
7.35991872E9
8.56556E9
9.599747776E9
1.0334782848E10
1.0666990784E10
1.0537260224E10
9.945538368E9
8.955104832E9
7.684445696E9
6.287442368E9
4.925621248E9
3.738506304E9
2.818940288E9
2.199242624E9
1.85143488E9
1.701160896E9
1.65135968E9
1.60923712E9
1.509358656E9
1.3269808E9
1.07866624E9
8.10936704E8
5.81098816E8
4.36450688E8
3.9824704E8
4.55055616E8
5.67065728E8
6.79466048E8
7.40272704E8
7.16770496E8
6.05377472E8
4.31989184E8
2.42965056E8
8.988128E7
1.3057472E7
2.9110144E7
1.26352768E8
2.6925728E8
4.10271872E8
5.050016E8
5.25812608E8
4.69585088E8
3.57361728E8
2.263168E8
1.16936384E8
5.9750784E7
6.5955904E7
1.24842304E8
2.08620928E8
2.827744E8
3.182912E8
3.01613696E8
2.39003392E8
1.539728E8
7.878848E7
4.3026048E7
6.3105984E7
1.36357248E8
2.41599808E8
3.46027904E8
4.16069568E8
4.28579264E8
3.78627392E8
2.81296192E8
1.66886272E8
7.1115264E7
2.3532224E7
3.7943872E7
1.07968768E8
2.09150208E8
3.06915008E8
3.67776064E8
3.70151552E8
3.11329984E8
2.08385728E8
9.2812224E7
646144.0
-3.874112E7
-1.164352E7
7.5956224E7
2.00473408E8
3.28107008E8
4.25074752E8
4.67445824E8
4.47567104E8
3.75273152E8
2.73786752E8
1.71884352E8
9.4991424E7
5.8055936E7
6.2307712E7
9.6631872E7
1.42744448E8
1.82172032E8
2.02576256E8
2.01344832E8
1.85425152E8
1.67719936E8
1.61530752E8
1.75132416E8
2.08424128E8
2.52792704E8
2.94157504E8
3.18046208E8
3.14872E8
2.83548544E8
2.32198848E8
1.75734912E8
1.31165184E8
1.12239744E8
1.25225728E8
1.67181504E8
2.27214656E8
2.9020032E8
3.4163584E8
3.71988736E8
3.79141504E8
3.68245504E8
3.49202944E8
3.3278464E8
3.26789696E8
3.33558272E8
3.49596288E8
3.6730112E8
3.78046016E8
3.75463616E8
3.57771328E8
3.28401152E8
2.94834688E8
2.66178752E8
2.5040512E8
2.52204608E8
2.72088768E8
3.06853952E8
3.51024576E8
3.98600576E8
4.44450176E8
4.84978368E8
5.18107904E8
5.42950272E8
5.59636544E8
5.69595264E8
5.7617856E8
5.85154112E8
6.04414272E8
6.42462208E8
7.05794688E8
7.96039808E8
9.08296832E8
1.03223296E9
1.15691872E9
1.279146432E9
1.413396544E9
1.600221056E9
1.90917696E9
2.4330352E9
3.271885824E9
4.508657792E9
6.180707904E9
8.25455072E9
1.0611588288E10
1.3051288896E10
1.531470528E10
1.712621024E10
1.8246107328E10
1.8522813248E10
1.7931898624E10
1.6591102784E10
1.4745362048E10
1.2722858432E10
1.0870394496E10
9.482100608E9
8.737935424E9
8.666802304E9
9.143594688E9
9.92137792E9
1.06912608E10
1.1155563392E10
1.10965248E10
1.0423954496E10
9.190670016E9
7.572857856E9
5.821469888E9
4.198020736E9
2.911786496E9
2.074479936E9
1.683322112E9
1.635498176E9
1.768487168E9
1.913993728E9
1.94998464E9
1.83642016E9
1.62525664E9
1.442688512E9
1.449315264E9
1.78981856E9
2.546284864E9
3.707922176E9
5.165133312E9
6.729160256E9
8.17172128E9
9.274062208E9
9.8728912E9
9.892115328E9
9.35355168E9
8.3655312E9
7.093899648E9
5.723881984E9
4.422688256E9
3.31145408E9
2.451738304E9
1.84746208E9
1.459151872E9
1.224702784E9
1.080163584E9
9.7521056E8
8.80440512E8
7.86479296E8
6.97281728E8
6.2125408E8
5.63742592E8
5.23242624E8
4.91920384E8
4.59371328E8
4.1750336E8
3.64296896E8
3.04897792E8
2.49691072E8
2.10218624E8
1.9459424E8
2.04188288E8
2.32811584E8
2.68653056E8
2.98209344E8
3.10744512E8
3.01676928E8
2.73729152E8
2.35518592E8
1.981872E8
1.71347712E8
1.59819776E8
1.622944E8
1.72334976E8
1.81266176E8
1.81831168E8
1.71239488E8
1.52468352E8
1.33328448E8
1.23611904E8
1.31338432E8
1.59440576E8
2.04090944E8
2.55310912E8
2.997184E8
3.24540224E8
3.21581184E8
2.8985376E8
2.36011968E8
1.72461952E8
1.1376768E8
7.2511808E7
5.5907456E7
6.4177344E7
9.1107008E7
1.26464832E8
1.59403584E8
1.81690112E8
1.89748032E8
1.84958976E8
1.72291648E8
1.5789344E8
1.46590528E8
1.402096E8
1.37278464E8
1.34127168E8
1.26884864E8
1.13551104E8
9.5303744E7
7.6507008E7
6.3377024E7
6.176928E7
7.4894656E7
1.01818688E8
1.37334336E8
1.7332256E8
2.01183872E8
2.1453504E8
2.11254528E8
1.94165568E8
1.70104448E8
1.47671552E8
1.34413888E8
1.34386624E8
1.46911104E8
1.66941376E8
1.86896064E8
1.99313408E8
1.99404608E8
1.86623424E8
1.64715392E8
1.40247616E8
1.201568E8
1.09205824E8
1.0827648E8
1.14135872E8
1.20788736E8
1.21948608E8
1.13733888E8
9.657312E7
7.5544384E7
5.8905024E7
5.521376E7
6.9995648E7
1.03138112E8
1.48052416E8
1.93100992E8
2.25045632E8
2.33551488E8
2.15323648E8
1.76439296E8
1.3189088E8
1.0217152E8
1.0766816E8
1.6239456E8
2.6894464E8
4.1633728E8
5.8168736E8
7.35568576E8
8.49827456E8
9.05802944E8
9.00646016E8
8.49830528E8
7.84918912E8
7.46931072E8
7.76921216E8
9.06224448E8
1.149037312E9
1.499460544E9
1.933970432E9
2.418804032E9
2.920332352E9
3.415554304E9
3.899644672E9
4.388130496E9
4.912604608E9
5.510599744E9
6.211897792E9
7.024695424E9
7.925372928E9
8.854985152E9
9.72413184E9
1.0425900736E10
1.0854576192E10
1.0926269504E10
1.059694528E10
9.873692992E9
8.816461504E9
7.529540736E9
6.14435584E9
4.797097152E9
3.605873472E9
2.652162688E9
1.970318016E9
1.547010944E9
1.330214336E9
1.245190336E9
1.21347104E9
1.170346752E9
1.076993856E9
9.24904448E8
7.3230592E8
5.34255616E8
3.69556224E8
2.68206272E8
2.4267296E8
2.85007488E8
3.70093696E8
4.63625728E8
5.32199168E8
5.52494464E8
5.16997248E8
4.34855552E8
3.27969024E8
2.237712E8
1.47030016E8
1.13116096E8
1.24582848E8
1.71777792E8
2.36945728E8
3.00261248E8
3.45766592E8
3.65383616E8
3.59937664E8
3.37183808E8
3.07818112E8
2.81056192E8
2.61391616E8
2.47616384E8
2.3429792E8
2.14988032E8
1.85799552E8
1.47869888E8
1.07659136E8
7.4864896E7
5.86656E7
6.370304E7
8.7403456E7
1.19838528E8
1.46455232E8
1.52942976E8
1.30643456E8
8.0558528E7
1.4333824E7
-4.8470528E7
-8.6256384E7
-8.2684224E7
-3.3006144E7
5.284E7
1.5175168E8
2.3353632E8
2.69946304E8
2.4396288E8
1.56311488E8
2.6864896E7
-1.09923072E8
-2.1453312E8
-2.54150272E8
-2.1307584E8
-9.835104E7
6.1540288E7
2.2496736E8
3.50308736E8
4.1015648E8
4.02176E8
3.52981568E8
3.13307328E8
3.4530176E8
5.05194688E8
8.26125696E8
1.306096384E9
1.904699008E9
2.549850304E9
3.15291872E9
3.628225408E9
3.911654208E9
3.973411712E9
3.821753088E9
3.497186368E9
3.059481472E9
2.571847424E9
2.087289984E9
1.641206208E9
1.25202656E9
9.28881152E8
6.82776E8
5.36425536E8
5.28173568E8
7.0731488E8
1.121037312E9
1.796254912E9
2.721804736E9
3.837086592E9
5.031952E9
6.159776512E9
7.061965248E9
7.598713152E9
7.678678272E9
7.280029056E9
6.457204416E9
5.331217856E9
4.065495488E9
2.83292224E9
1.78196288E9
1.009837696E9
5.48751488E8
3.67679424E8
3.88191936E8
5.0935008E8
6.3474368E8
6.94730624E8
6.58773312E8
5.35836032E8
3.6418944E8
1.94696832E8
7.3019968E7
2.5897984E7
5.4939712E7
1.3882816E8
2.422864E8
3.28330752E8
3.69726528E8
3.56229376E8
2.95832832E8
2.10265024E8
1.26726592E8
6.8833152E7
4.967392E7
6.8938176E7
1.1457664E8
1.67968704E8
2.10544896E8
2.29556032E8
2.21198848E8
1.90375808E8
1.47573696E8
1.04282752E8
6.8744832E7
4.3534144E7
2.5681408E7
9061504.0
-1.2059712E7
-3.9806528E7
-7.110112E7
-9.8343488E7
-1.12127616E8
-1.04980224E8
-7.4710976E7
-2.6080192E7
2.992192E7
7.9043968E7
1.08046784E8
1.08862144E8
8.1228032E7
3.2891584E7
-2.2714496E7
-7.0573824E7
-9.8625472E7
-1.01266432E8
-8.0703424E7
-4.5774784E7
-8708800.0
1.9036032E7
3.042752E7
2.4800704E7
7494464.0
-1.2598016E7
-2.6624448E7
-2.9189248E7
-2.0353536E7
-5497984.0
6897728.0
8754112.0
-4112064.0
-2.9801024E7
-6.0322176E7
-8.3886656E7
-8.8806784E7
-6.77184E7
-2.0674816E7
4.4012096E7
1.11593728E8
1.64900288E8
1.89344576E8
1.77343744E8
1.30738816E8
6.0404416E7
-1.6873536E7
-8.3304384E7
-1.25262912E8
-1.3711328E8
-1.22504512E8
-9.275648E7
-6.2879744E7
-4.6517056E7
-5.1425024E7
-7.6925888E7
-1.14119616E8
-1.48760256E8
-1.65859072E8
-1.54539776E8
-1.11614784E8
-4.2773184E7
3.89584E7
1.1696576E8
1.75813824E8
2.05554112E8
2.04281088E8
1.78229824E8
1.39489152E8
1.02134464E8
7.8029952E7
7.3585024E7
8.8381376E7
1.15953088E8
1.46312704E8
1.6930528E8
1.7768128E8
1.68963008E8
1.45643072E8
1.1383712E8
8.1006016E7
5.3611712E7
3.5505216E7
2.7503744E7
2.8143808E7
3.5154112E7
4.6958208E7
6.3542976E7
8.6317056E7
1.17011584E8
1.56076928E8
2.01266944E8
2.47072E8
2.8537856E8
3.07291392E8
3.0561376E8
2.7719648E8
2.243488E8
1.54766528E8
7.9892032E7
1.2128704E7
-3.8286016E7
-6.5816896E7
-7.0815808E7
-5.9016704E7
-3.9528576E7
-2.1981568E7
-1.3728896E7
-1.7962176E7
-3.327328E7
-5.4710016E7
-7.5881536E7
-9.1344192E7
-9.8438592E7
-9.7970304E7
-9.3550912E7
-8.989184E7
-9.070656E7
-9.7007168E7
-1.06433088E8
-1.13877056E8
-1.13209728E8
-9.9507264E7
-7.0997504E7
-3.0021248E7
1.736192E7
6.3034752E7
9.9221568E7
1.20834304E8
1.26979392E8
1.21110528E8
1.09762752E8
1.00280576E8
9.8293312E7
1.05783936E8
1.2040288E8
1.3626528E8
1.45974144E8
1.43197376E8
1.24935552E8
9.2710848E7
5.2264064E7
1.1837056E7
-2.0408512E7
-3.899488E7
-4.28928E7
-3.5857728E7
-2.5206976E7
-1.9415552E7
-2.5296832E7
-4.567264E7
-7.828448E7
-1.16306688E8
-1.50312256E8
-1.7108448E8
-1.72406016E8
-1.52970048E8
-1.16837696E8
-7.2324992E7
-2.967968E7
1732928.0
1.5894464E7
1.1545216E7
-7807872.0
-3.5201088E7
-6.2367488E7
-8.2040448E7
-8.972512E7
-8.447648E7
-6.8566144E7
-4.6277568E7
-2.2308672E7
-333440.0
1.7847488E7
3.2381696E7
4.4760704E7
5.685024E7
6.9952E7
8.4228224E7
9.8642752E7
1.11362944E8
1.2039456E8
1.2416736E8
1.21847616E8
1.13303424E8
9.8819264E7
7.8772544E7
5.349952E7
2.3478592E7
-1.0209152E7
-4.5354624E7
-7.8334784E7
-1.04343872E8
-1.18254144E8
-1.15980416E8
-9.5987264E7
-6.0438208E7
-1.5514368E7
2.93712E7
6.3412288E7
7.6903808E7
6.3737984E7
2.3183744E7
-3.9615616E7
-1.14640896E8
-1.89275136E8
-2.512576E8
-2.91493568E8
-3.05934336E8
-2.96016448E8
-2.67587584E8
-2.28704512E8
-1.8703072E8
-1.476608E8
-1.12043136E8
-7.8292544E7
-4.27168E7
-1976064.0
4.49152E7
9.547712E7
1.43971456E8
1.8289888E8
2.05312832E8
2.07177856E8
1.88963904E8
1.55900416E8
1.16745024E8
8.1408064E7
5.8159104E7
5.1288256E7
5.996672E7
7.8668352E7
9.9021312E7
1.12502784E8
1.13122688E8
9.9256384E7
7.406816E7
4.4425536E7
1.8691136E7
4127552.0
4751424.0
2.030304E7
4.6603072E7
7.7105408E7
1.0506016E8
1.25524928E8
1.36545536E8
1.39148928E8
1.3622816E8
1.3080032E8
1.24343168E8
1.15884352E8
1.022336E8
7.932256E7
4.4186048E7
-3153344.0
-5.865216E7
-1.14559104E8
-1.61124992E8
-1.89262528E8
-1.93348224E8
-1.73245632E8
-1.34830144E8
-8.8740736E7
-4.764352E7
-2.278048E7
-2.0832896E7
-4.2056448E7
-8.0274432E7
-1.24741952E8
-1.63316224E8
-1.85962816E8
-1.87529536E8
-1.68959616E8
-1.3662112E8
-1.00026432E8
-6.8723648E7
-4.9383488E7
-4.4013248E7
-4.983072E7
-6.0766272E7
-7.0012096E7
-7.2693888E7
-6.7712448E7
-5.8099264E7
-4.9753856E7
-4.9000512E7
-5.9827072E7
-8.1803904E7
-1.0947424E8
-1.3352352E8
-1.43439744E8
-1.30853696E8
-9.2489408E7
-3.173984E7
4.1706944E7
1.14154944E8
1.714592E8
2.02802432E8
2.03553536E8
1.76352512E8
1.30113664E8
7.7282752E7
3.021312E7
-2219968.0
-1.6758208E7
-1.6061504E7
-7186432.0
1172032.0
1715648.0
-9149120.0
-3.0448256E7
-5.7426112E7
-8.3617728E7
-1.03415552E8
-1.14190336E8
-1.17204672E8
-1.1699776E8
-1.1946624E8
-1.29336832E8
-1.47951936E8
-1.7219712E8
-1.9501728E8
-2.07423808E8
-2.01372224E8
-1.72572672E8
-1.22281472E8
-5.7437696E7
1.0964288E7
7.0798336E7
1.12125888E8
1.29873472E8
1.25024E8
1.03955712E8
7.61552E7
5.1056384E7
3.5034496E7
2.9528384E7
3.088672E7
3.1968192E7
2.4943808E7
4358464.0
-3.0580416E7
-7.5262912E7
-1.20755392E8
-1.5636864E8
-1.72900608E8
-1.65510272E8
-1.35298624E8
-8.9082688E7
-3.7430016E7
8427520.0
3.982816E7
5.3054464E7
5.0125696E7
3.7794752E7
2.5111744E7
2.0359616E7
2.834688E7
4.890464E7
7.7028608E7
1.04572736E8
1.22908352E8
1.25675904E8
1.10754816E8
8.0859712E7
4.262592E7
4537920.0
-2.5598976E7
-4.2829056E7
-4.6205632E7
-3.8647488E7
-2.5637888E7
-1.3279552E7
-6391488.0
-7268992.0
-1.5455104E7
-2.8498496E7
-4.3324288E7
-5.7654784E7
-7.0931904E7
-8.4408896E7
-1.00411648E8
-1.21087744E8
-1.4715936E8
-1.77194176E8
-2.07713344E8
-2.34138688E8
-2.52254656E8
-2.59655296E8
-2.56625728E8
-2.46099072E8
-2.32656768E8
-2.20893312E8
-2.13719168E8
-2.11225472E8
-2.10565888E8
-2.06964608E8
-1.95559488E8
-1.73470336E8
-1.41359936E8
-1.03887168E8
-6.8792384E7
-4.4812096E7
-3.90288E7
-5.4487808E7
-8.8875968E7
-1.3475168E8
-1.8133696E8
-2.17386496E8
-2.34286208E8
-2.2844032E8
-2.02207808E8
-1.63087616E8
-1.21400704E8
-8.7182464E7
-6.7249792E7
-6.334752E7
-7.1931904E7
-8.5627072E7
-9.5854592E7
-9.5766272E7
-8.2522304E7
-5.8175168E7
-2.8881344E7
-2710016.0
1.3222784E7
1.5344064E7
5073152.0
-1.1365632E7
-2.47376E7
-2.5649088E7
-7568128.0
3.0936832E7
8.5442752E7
1.46642496E8
2.02747648E8
2.42592384E8
2.58512E8
2.48160704E8
2.14783936E8
1.6595008E8
1.112112E8
5.946496E7
1.6828096E7
-1.4380864E7
-3.535232E7
-4.9425792E7
-6.0230976E7
-7.0024832E7
-7.8803456E7
-8.4459136E7
-8.3866752E7
-7.44528E7
-5.563488E7
-2.9580608E7
-978432.0
2.4128064E7
4.0062272E7
4.3215872E7
3.315808E7
1.2783296E7
-1.2547968E7
-3.6583744E7
-5.3950144E7
-6.154656E7
-5.9146688E7
-4.9066624E7
-3.5087744E7
-2.1062848E7
-9721024.0
-2079680.0
2372992.0
4868416.0
6300992.0
6402432.0
3529152.0
-4794496.0
-2.0747904E7
-4.4921216E7
-7.539136E7
-1.07602944E8
-1.35228864E8
-1.51829184E8
-1.52816384E8
-1.37070208E8
-1.07611392E8
-7.101504E7
-3.5655424E7
-9276096.0
3358400.0
1951424.0
-9233664.0
-2.2778752E7
-3.0623488E7
-2.6904256E7
-1.019072E7
1.5660096E7
4.239392E7
5.9802752E7
5.9012288E7
3.5590336E7
-8535872.0
-6.503744E7
-1.2112864E8
-1.62991424E8
-1.79683904E8
-1.66350016E8
-1.25728768E8
-6.7459264E7
-5346112.0
4.6616192E7
7.8266816E7
8.6124928E7
7.4183168E7
5.2399616E7
3.3349888E7
2.807648E7
4.243168E7
7.5064832E7
1.1770592E8
1.57683008E8
1.81916992E8
1.81166592E8
1.53202816E8
1.0390368E8
4.5886976E7
-4957120.0
-3.402816E7
-3.2329024E7
749056.0
5.7003776E7
1.21498816E8
1.76549824E8
