x	y
-358.85719986405945	-405.50421101495704
-358.54963195876024	-964.9620138025194
-358.24206405346104	-2073.747254077371
-357.9344961481618	1975.7897526265963
-357.6269282428626	-525.950233815161
-357.3193603375634	580.1363490525412
-357.0117924322642	-864.6647173048653
-356.704224526965	-90.82033783834908
-356.3966566216658	1384.7158944998735
-356.0890887163666	514.369813554921
-355.78152081106737	-2519.7158876173075
-355.47395290576816	-316.1978690238395
-355.16638500046895	323.7087968909169
-354.85881709516974	2076.211560180246
-354.55124918987053	-1769.4480193429083
-354.2436812845713	-317.69860541813586
-353.9361133792721	515.7388271831621
-353.6285454739729	86.61000614888957
-353.3209775686737	-868.8232845265424
-353.0134096633745	-652.3359929460103
-352.7058417580753	-893.9957335705749
-352.3982738527761	2812.1647205508207
-352.09070594747686	-2070.8667425519684
-351.78313804217765	-1319.8615451993755
-351.47557013687845	23.504187963828258
-351.16800223157924	3.747232741310796
-350.86043432628003	278.6700235018141
-350.5528664209808	923.3615020808782
-350.2452985156816	1148.9385852865457
-349.9377306103824	-797.8460896827929
-349.6301627050832	-2272.076368965356
-349.322594799784	-624.5609534128583
-349.0150268944848	-2520.598560264318
-348.70745898918557	486.66236799705297
-348.39989108388636	-184.7240792151605
-348.09232317858715	589.3316171186724
-347.78475527328794	2953.737024355
-347.47718736798873	884.3789329859163
-347.1696194626895	-1262.0869211915888
-346.8620515573903	51.1990507448686
-346.5544836520911	648.6204413014144
-346.2469157467919	777.5889445589555
-345.9393478414927	-1835.0812961781235
-345.6317799361935	-4198.816249349806
-345.3242120308943	991.2590055155093
-345.01664412559506	-1780.9505844845917
-344.70907622029586	3391.7821131818223
-344.40150831499665	1434.3982502537096
-344.09394040969744	2883.2077906521426
-343.78637250439823	-184.9657238744689
-343.478804599099	2525.392989288688
-343.1712366937998	2852.80105742551
-342.8636687885006	2571.1688660884465
-342.5561008832014	-1522.9729554346022
-342.2485329779022	606.4368924950263
-341.940965072603	-2439.9192888466705
-341.63339716730377	1262.9313174994845
-341.32582926200456	-1414.8123232187363
-341.01826135670535	2839.752760040048
-340.71069345140614	-5609.959891947872
-340.40312554610693	1202.1293716832351
-340.0955576408077	6784.981555169759
-339.7879897355085	-2613.975344478558
-339.4804218302093	1013.9772413154866
-339.1728539249101	903.9172742168898
-338.8652860196109	1697.8667652436661
-338.5577181143117	606.6732500063375
-338.2501502090125	-1416.914483300302
-337.94258230371327	2580.9650561560975
-337.63501439841406	1376.4834394888164
-337.32744649311485	2297.198991646652
-337.01987858781564	-1251.5991055678428
-336.71231068251643	-69.93057938892683
-336.4047427772172	-1145.3744497588877
-336.097174871918	356.8017662238651
-335.7896069666188	-612.4217298002876
-335.4820390613196	-1621.8415563574295
-335.1744711560204	1180.7852945361053
-334.8669032507212	1465.1873162680783
-334.55933534542197	-608.1968027809751
-334.25176744012276	-2295.308001174909
-333.94419953482355	-1484.9266088577226
-333.63663162952435	887.5097176853317
-333.32906372422514	-3372.488920176971
-333.0214958189259	218.39812741346668
-332.7139279136267	1672.393297877018
-332.4063600083275	-1109.7234310748793
-332.0987921030283	-1043.2435156076406
-331.7912241977291	-3813.7019639843984
-331.4836562924299	-4447.451010658907
-331.1760883871307	738.3792638921409
-330.86852048183147	65.57123735029194
-330.56095257653226	-1281.8924159261255
-330.25338467123305	-1683.9341758221249
-329.94581676593384	-1529.8494559315611
-329.63824886063463	-525.6145440744535
-329.3306809553354	2503.548852198435
-329.0231130500362	-1186.2916201207072
-328.715545144737	1437.9910568126631
-328.4079772394378	1040.703710468267
-328.1004093341386	595.5675766336466
-327.7928414288394	-285.2951393762448
-327.4852735235402	-1101.5519843161605
-327.17770561824096	-670.0648898615627
-326.87013771294176	2153.6899575640978
-326.56256980764255	1615.2946901551109
-326.25500190234334	-385.1934143423172
-325.94743399704413	-2590.633538170624
-325.6398660917449	-1123.829854265631
-325.3322981864457	426.3667895929006
-325.0247302811465	876.5754924867124
-324.7171623758473	-1187.2491039623944
-324.4095944705481	1179.0709922491762
-324.1020265652489	858.0541208264209
-323.79445865994967	147.51440408507025
-323.48689075465046	-263.4330651862196
-323.17932284935125	108.0549063201819
-322.87175494405204	-1193.186812841052
-322.56418703875283	507.0690649005859
-322.2566191334536	2703.456168810286
-321.9490512281544	-189.13350548045923
-321.6414833228552	-1539.2147549660758
-321.333915417556	-1505.3128870147134
-321.0263475122568	3590.7844530298025
-320.7187796069576	549.9344971157686
-320.4112117016584	597.1463382662104
-320.10364379635917	-395.97864068060943
-319.79607589105996	-419.26016634083135
-319.48850798576075	704.5087512658807
-319.18094008046154	-189.39843706684906
-318.87337217516233	-390.38079973943206
-318.5658042698631	-1085.4541562371635
-318.2582363645639	-503.4716594838535
-317.9506684592647	-2959.2832870508187
-317.6431005539655	1963.4161105980834
-317.3355326486663	-211.99452638246038
-317.0279647433671	1202.7681424444781
-316.72039683806787	-1456.930815506582
-316.41282893276866	-258.71131302667413
-316.10526102746945	1142.4014830439075
-315.79769312217024	1377.001639871846
-315.49012521687104	124.50581917622299
-315.1825573115718	152.6226278876269
-314.8749894062726	3447.891355854492
-314.5674215009734	-279.2441684503847
-314.2598535956742	1989.5289171752843
-313.952285690375	-840.667088551024
-313.6447177850758	-480.52582103634455
-313.3371498797766	674.6400607311939
-313.02958197447737	1159.7268058952188
-312.72201406917816	-648.3589711155826
-312.41444616387895	-731.6812746208685
-312.10687825857974	-1177.7655173997846
-311.79931035328053	930.6593036520189
-311.4917424479813	616.3785599264511
-311.1841745426821	796.1353402634238
-310.8766066373829	-985.92144759419
-310.5690387320837	-300.337975804319
-310.2614708267845	-1215.0209249008767
-309.9539029214853	-550.402832021451
-309.6463350161861	-663.762933339157
-309.33876711088686	1126.2983124846344
-309.03119920558765	-154.64635328883594
-308.72363130028845	-2673.152970917654
-308.41606339498924	-1131.5003739839951
-308.10849548969003	299.0658067351012
-307.8009275843908	771.8246678755643
-307.4933596790916	-129.08331824801897
-307.1857917737924	1434.364608483463
-306.8782238684932	662.3147913162964
-306.570655963194	-2186.631930930318
-306.2630880578948	285.58695694942435
-305.95552015259557	-325.284003972024
-305.64795224729636	-212.55337298870074
-305.34038434199715	2552.1290264429254
-305.03281643669794	-711.4304096770634
-304.72524853139873	-1465.713872493885
-304.4176806260995	-1942.2331602993347
-304.1101127208003	-22.69354312485723
-303.8025448155011	1354.8706799959261
-303.4949769102019	190.82152412364564
-303.1874090049027	2102.1600532363545
-302.8798410996035	-2069.7977014063654
-302.5722731943043	538.9306193256461
-302.26470528900506	178.78283533221807
-301.95713738370586	2756.1949628459975
-301.64956947840665	148.63299656140177
-301.34200157310744	264.3600546746441
-301.03443366780823	-2207.9996745149647
-300.726865762509	2922.447040077277
-300.4192978572098	-1714.995759265745
-300.1117299519106	1903.9853379379465
-299.8041620466114	272.1328320439111
-299.4965941413122	-1167.0545864491621
-299.189026236013	-306.4052108568302
-298.88145833071377	1437.8471187726077
-298.57389042541456	-1288.702926417673
-298.26632252011535	61.103518312043775
-297.95875461481614	245.45924661055912
-297.65118670951694	-358.59443981839695
-297.3436188042177	1708.0471774341454
-297.0360508989185	1453.3689554152159
-296.7284829936193	-1122.3838541446169
-296.4209150883201	-29.898418083768604
-296.1133471830209	-1215.2611989235138
-295.8057792777217	-816.6564456758857
-295.4982113724225	-499.15889188623936
-295.19064346712327	72.82717738960253
-294.88307556182406	657.9458063246093
-294.57550765652485	665.2017026486549
-294.26793975122564	-2454.740665682836
-293.96037184592643	-375.62713643592207
-293.6528039406272	-272.1927540210179
-293.345236035328	-710.2405071746833
-293.0376681300288	-956.4129702235148
-292.7301002247296	923.8264298431358
-292.4225323194304	102.38996799450632
-292.1149644141312	-1806.2822651238212
-291.80739650883197	346.3955379573059
-291.49982860353276	1689.022852612211
-291.19226069823355	-2853.2040427929833
-290.88469279293435	1441.695930335262
-290.57712488763514	-775.6601761791392
-290.2695569823359	-1200.9841237081084
-289.9619890770367	-672.8407457133168
-289.6544211717375	1975.555752079349
-289.3468532664383	3776.648466755322
-289.0392853611391	-1095.1616735471923
-288.7317174558399	1616.3698610102495
-288.4241495505407	-575.9173384903173
-288.11658164524147	957.9877897694707
-287.80901373994226	2244.50021546355
-287.50144583464305	3709.954139089266
-287.19387792934384	715.7648672111966
-286.88631002404463	-2623.0024806759557
-286.5787421187454	-297.3898688877425
-286.2711742134462	-862.9887037480632
-285.963606308147	-2548.7661955870585
-285.6560384028478	-344.50838797101716
-285.3484704975486	-2171.2577270167553
-285.0409025922494	-64.4591995097112
-284.7333346869502	228.91152905924534
-284.42576678165096	669.5148192447118
-284.11819887635176	1248.961833291694
-283.81063097105255	197.92045114058163
-283.50306306575334	2115.599692747527
-283.19549516045413	-474.8426057501315
-282.8879272551549	-1383.5428104335545
-282.5803593498557	-281.53180790478893
-282.2727914445565	21.733448763765296
-281.9652235392573	-2866.2200189960245
-281.6576556339581	-2304.44227841622
-281.3500877286589	193.52632613172977
-281.04251982335967	-1744.7370906576905
-280.73495191806046	-2619.117359811439
-280.42738401276125	2092.2922235291917
-280.11981610746204	2155.5434208523984
-279.81224820216283	144.5595678371488
-279.5046802968636	-1246.9465016181107
-279.1971123915644	1495.9038912454146
-278.8895444862652	950.0677381633959
-278.581976580966	873.3190494010287
-278.2744086756668	357.80315771516626
-277.9668407703676	-2996.631119221376
-277.6592728650684	647.5501547002348
-277.35170495976917	-536.5421107561356
-277.04413705446996	2007.7385549469743
-276.73656914917075	-557.4723922252897
-276.42900124387154	2362.7219727427305
-276.12143333857233	1683.778971670655
-275.8138654332731	468.86866278550565
-275.5062975279739	1338.6001624450948
-275.1987296226747	2789.8862236036803
-274.8911617173755	-2559.9675389399868
-274.5835938120763	-1618.8356290162262
-274.2760259067771	-2850.236157787307
-273.96845800147787	197.1634369394278
-273.66089009617866	1650.2589314644315
-273.35332219087945	-2275.9619293221263
-273.04575428558024	738.4239142256719
-272.73818638028104	-1606.9315670994456
-272.4306184749818	-778.2403033162293
-272.1230505696826	1349.3385538051093
-271.8154826643834	1255.1308640216023
-271.5079147590842	6.488767304201701
-271.200346853785	78.91559467762883
-270.8927789484858	-138.53893252953196
-270.5852110431866	-2571.128949867125
-270.27764313788737	-1344.140122072556
-269.97007523258816	951.8314194008296
-269.66250732728895	2162.37647981208
-269.35493942198974	-848.9971085579105
-269.04737151669053	406.6550535900749
-268.7398036113913	-1898.2151921769887
-268.4322357060921	1643.5026499336952
-268.1246678007929	1565.1856857833318
-267.8170998954937	-476.97536074931037
-267.5095319901945	-1190.2862415453917
-267.2019640848953	1555.3073999690846
-266.8943961795961	419.34500842692097
-266.58682827429686	3850.364940292089
-266.27926036899765	-827.9655279058854
-265.97169246369845	-2048.8130643998575
-265.66412455839924	-1923.1443715141768
-265.35655665310003	635.3387827768513
-265.0489887478008	-2493.017662360284
-264.7414208425016	187.32197747154805
-264.4338529372024	234.6937967325582
-264.1262850319032	-624.1032794796174
-263.818717126604	1379.882088552256
-263.5111492213048	1711.2938648090656
-263.20358131600557	-2290.1162336270527
-262.89601341070636	-735.1911163734503
-262.58844550540715	3711.20785150876
-262.28087760010794	-2560.9143352085225
-261.97330969480873	964.9256485221379
-261.6657417895095	-1511.8667034006187
-261.3581738842103	2684.8710390404685
-261.0506059789111	765.6105403535886
-260.7430380736119	-778.3957880222995
-260.4354701683127	-2460.54837850681
-260.1279022630135	3630.4867115571706
-259.8203343577143	46.18764075833042
-259.51276645241506	94.71104309845785
-259.20519854711586	-386.7735125897924
-258.89763064181665	-838.5114918599245
-258.59006273651744	61.357259299491375
-258.28249483121823	2105.9105035104317
-257.974926925919	-1285.8618733685496
-257.6673590206198	3200.703362308036
-257.3597911153206	-2334.0951059077097
-257.0522232100214	-1800.0276787577982
-256.7446553047222	-866.768156066607
-256.437087399423	-694.686995474254
-256.12951949412377	-1013.6723507738091
-255.8219515888246	-2414.609746871707
-255.5143836835254	-583.9842589896391
-255.20681577822623	-1251.2599287342327
-254.89924787292705	-553.4715280686285
-254.59167996762787	1124.2284876808676
-254.2841120623287	1197.1348719878492
-253.9765441570295	-936.9677401955566
-253.66897625173033	688.2185917150753
-253.36140834643115	787.4408555437317
-253.05384044113197	-1198.63688220755
-252.7462725358328	-336.4074298518622
-252.4387046305336	1094.7382648707626
-252.13113672523443	1285.0614946435273
-251.82356881993525	1527.8915641499034
-251.51600091463607	4010.4509873934826
-251.2084330093369	2141.9499516137525
-250.9008651040377	-87.8278421030709
-250.59329719873853	-1519.166062425545
-250.28572929343935	-1757.0597913003458
-249.97816138814017	-2126.7552078344966
-249.67059348284099	755.3566746133807
-249.3630255775418	738.3472204755591
-249.05545767224262	1002.3935728906024
-248.74788976694344	1341.5352079725728
-248.44032186164426	-1515.5525027300966
-248.13275395634508	-961.9369996889895
-247.8251860510459	-310.8399887361311
-247.51761814574672	-959.2921784520204
-247.21005024044754	823.9623113842979
-246.90248233514836	924.5152564814846
-246.59491442984918	-710.4032563708192
-246.28734652455	163.39367943057653
-245.97977861925082	1403.206813001569
-245.67221071395164	1045.2445567434847
-245.36464280865246	1189.9608058262027
-245.05707490335328	2501.454077357642
-244.7495069980541	-1765.377492140285
-244.44193909275492	-165.55102923791998
-244.13437118745574	-1198.6231346040668
-243.82680328215656	-101.77653325251379
-243.51923537685738	1022.2757701002344
-243.2116674715582	460.016263815435
-242.90409956625902	-1845.7132216418788
-242.59653166095984	-1568.2237784804092
-242.28896375566066	-256.6939088025581
-241.98139585036148	535.4196068209253
-241.6738279450623	2241.939019378392
-241.36626003976312	1545.6440721208096
-241.05869213446394	-300.9353241060222
-240.75112422916476	-1608.7508803625215
-240.44355632386558	-762.7065564352456
-240.1359884185664	-396.39050918718704
-239.82842051326722	-51.26604281963469
-239.52085260796804	-678.0543042416408
-239.21328470266886	2276.2921197726464
-238.90571679736968	-1109.6053645758086
-238.5981488920705	1064.4894016796231
-238.29058098677132	-414.5773462930772
-237.98301308147214	-1828.2266954827442
-237.67544517617296	10.755500023020033
-237.36787727087378	-934.4945337370253
-237.0603093655746	167.868814027569
-236.75274146027542	528.708396375662
-236.44517355497624	-745.4447194925353
-236.13760564967706	1202.3010147267387
-235.83003774437788	-138.08586331430547
-235.5224698390787	-746.6589988541486
-235.21490193377952	-2881.31784094459
-234.90733402848034	1058.1595363935967
-234.59976612318115	971.1664575609287
-234.29219821788197	1389.8057335598714
-233.9846303125828	695.2367644589187
-233.67706240728361	839.4978625149881
-233.36949450198443	-2314.35455932772
-233.06192659668525	1321.3137584694819
-232.75435869138607	2201.752326330391
-232.4467907860869	-128.66897129241664
-232.1392228807877	-864.9649315053562
-231.83165497548853	-1180.5387345437687
-231.52408707018935	-1400.1830893560216
-231.21651916489017	-3224.9678993558873
-230.908951259591	670.4390872648174
-230.6013833542918	-2887.5157817265726
-230.29381544899263	2159.2949572561965
-229.98624754369345	-1239.3207231073793
-229.67867963839427	2668.9049778266376
-229.3711117330951	-1068.654971211733
-229.0635438277959	-347.3625130548714
-228.75597592249673	1551.178014712069
-228.44840801719755	-2029.789684376241
-228.14084011189837	-34.503304734619974
-227.8332722065992	386.28550400719024
-227.5257043013	1275.0826879334054
-227.21813639600083	1118.670678926464
-226.91056849070165	-1268.0809247956722
-226.60300058540247	-163.49924635212307
-226.2954326801033	729.7756494944127
-225.9878647748041	-506.6446625778399
-225.68029686950493	-127.93334257244271
-225.37272896420575	-2806.44140469034
-225.06516105890657	-1886.9441715950697
-224.7575931536074	-710.482848590299
-224.4500252483082	-1454.5297019886448
-224.14245734300903	274.1582765063332
-223.83488943770985	-1806.3618319151885
-223.52732153241067	1124.3136895152127
-223.2197536271115	-1208.845070990584
-222.9121857218123	3537.8189115182104
-222.60461781651313	-3027.0552316068897
-222.29704991121395	-1999.3527281614824
-221.98948200591477	926.5280234785134
-221.6819141006156	2291.889643628085
-221.3743461953164	2676.2560416118076
-221.06677829001723	2093.968340008589
-220.75921038471805	442.2690842575083
-220.45164247941887	1233.6967603461603
-220.14407457411968	3842.1720566659314
-219.8365066688205	-1387.332622168804
-219.52893876352132	-1151.885907817491
-219.22137085822214	2222.8936482010595
-218.91380295292296	723.7053133766038
-218.60623504762378	-294.0500360588193
-218.2986671423246	685.5064202577861
-217.99109923702542	590.2816490828834
-217.68353133172624	-1069.6707725784502
-217.37596342642706	1482.5401294006685
-217.06839552112788	-1038.459678460904
-216.7608276158287	-1240.1757759682064
-216.45325971052952	-1354.3395220339432
-216.14569180523034	-1547.3922459248076
-215.83812389993116	-983.68073127508
-215.53055599463198	-838.369968774346
-215.2229880893328	-3154.250383816794
-214.91542018403362	-1151.1794645401606
-214.60785227873444	-2154.770425120552
-214.30028437343526	1415.9267511904857
-213.99271646813608	2414.6466051711536
-213.6851485628369	1780.7129748902219
-213.37758065753772	-1324.4013015247872
-213.07001275223854	565.1625302115219
-212.76244484693936	747.0276507510638
-212.45487694164018	858.7381362944316
-212.147309036341	1149.0902625353772
-211.83974113104182	881.7846414418977
-211.53217322574264	1301.2615817293954
-211.22460532044346	-858.5131206300729
-210.91703741514428	-15.134979530155078
-210.6094695098451	4531.685067345204
-210.30190160454592	-524.962654633985
-209.99433369924674	-607.1191391361853
-209.68676579394756	-220.78843242204192
-209.37919788864838	-1026.3527548700329
-209.0716299833492	-832.5007165261278
-208.76406207805002	1430.518739692477
-208.45649417275084	-1246.9108914809326
-208.14892626745166	-197.9975465631653
-207.84135836215248	1935.0858878099243
-207.5337904568533	1610.873791832875
-207.22622255155412	-764.1226178046858
-206.91865464625494	176.95348210557256
-206.61108674095576	1890.3518129449576
-206.30351883565658	2306.241170937312
-205.9959509303574	1190.3942018221062
-205.68838302505822	710.0585261884298
-205.38081511975903	-1251.4346874451285
-205.07324721445985	1229.7410326207662
-204.76567930916067	886.2781590835627
-204.4581114038615	251.0050374210074
-204.1505434985623	145.2241667087984
-203.84297559326313	-1467.8307836326596
-203.53540768796395	-6.819926823214473
-203.22783978266477	-1435.3379733055472
-202.9202718773656	-681.0592704775329
-202.6127039720664	-53.80178047708591
-202.30513606676723	2171.4192389076597
-201.99756816146805	-794.1707531178286
-201.69000025616887	-738.4129282181855
-201.3824323508697	50.266760516879344
-201.0748644455705	-382.5908917607191
-200.76729654027133	286.2770627551598
-200.45972863497215	-3005.4823227342486
-200.15216072967297	-1753.157411341179
-199.8445928243738	-1434.1825356721417
-199.5370249190746	-1098.4682802486464
-199.22945701377543	577.8266676120148
-198.92188910847625	180.83461509142685
-198.61432120317707	-465.4544084898392
-198.3067532978779	-551.2588603974157
-197.9991853925787	-2140.558898462218
-197.69161748727953	-819.7478491412606
-197.38404958198035	1096.3265901876641
-197.07648167668117	982.898467540234
-196.768913771382	-1448.191474914399
-196.4613458660828	-729.5576765275277
-196.15377796078363	-1071.7875027563434
-195.84621005548445	1398.14589945799
-195.53864215018527	194.0935994583338
-195.2310742448861	84.16448186277103
-194.9235063395869	2096.4857781417404
-194.61593843428773	308.21388276561987
-194.30837052898855	-605.7794024606196
-194.00080262368937	-762.5627221957952
-193.6932347183902	-548.2950771404131
-193.385666813091	-933.4925127182197
-193.07809890779183	557.8221594096327
-192.77053100249265	1364.5072620400497
-192.46296309719347	3970.8777891288287
-192.15539519189429	-767.3728599255571
-191.8478272865951	-2506.1434538442372
-191.54025938129593	1502.3109687251995
-191.23269147599675	-548.1973975306178
-190.92512357069756	-525.0728449287988
-190.61755566539838	-605.2421976169912
-190.3099877600992	-1688.5219233928358
-190.00241985480002	-556.0917346792683
-189.69485194950084	3209.5012089970596
-189.38728404420166	917.6624046515177
-189.07971613890248	-2166.3399343877513
-188.7721482336033	-2103.398126853582
-188.46458032830412	45.13589898941575
-188.15701242300494	484.11950255732904
-187.84944451770576	1936.0964627751086
-187.54187661240658	-878.9231925379283
-187.2343087071074	-1632.4596683633483
-186.92674080180822	-869.476113145355
-186.61917289650904	399.94369765416775
-186.31160499120986	1227.7982163236838
-186.00403708591068	1136.725345366121
-185.6964691806115	177.27912912894334
-185.38890127531232	1339.1673905567936
-185.08133337001314	566.695507384564
-184.77376546471396	-1946.282881441598
-184.46619755941478	-355.31110422318204
-184.1586296541156	-1213.8562600056673
-183.85106174881642	-1134.9145166758756
-183.54349384351724	-1590.9050570244162
-183.23592593821806	-1751.1491070609864
-182.92835803291888	-919.885074131985
-182.6207901276197	306.0928356564145
-182.31322222232052	-489.91543479442385
-182.00565431702134	2295.6193149599194
-181.69808641172216	-1011.8658239767476
-181.39051850642298	-873.413542982252
-181.0829506011238	187.05814014429396
-180.77538269582462	311.8441454949003
-180.46781479052544	-236.34898378741815
-180.16024688522626	-871.3782070771451
-179.85267897992708	-841.3543359098285
-179.5451110746279	-2748.3604270066953
-179.23754316932872	228.22867503420093
-178.92997526402954	1466.8693141245533
-178.62240735873036	3602.937275326358
-178.31483945343118	3474.951202629093
-178.007271548132	-183.18349544282864
-177.69970364283282	-524.423550284636
-177.39213573753364	1772.92023431046
-177.08456783223446	-1325.0070866586043
-176.77699992693528	-2916.8284913169673
-176.4694320216361	1244.8367581556822
-176.16186411633691	1876.9916649618435
-175.85429621103773	1079.6994934340755
-175.54672830573855	-1373.334467583414
-175.23916040043937	1641.026687222623
-174.9315924951402	51.871510809064375
-174.624024589841	-2269.6189016593326
-174.31645668454183	398.80186000257675
-174.00888877924265	3963.959703177397
-173.70132087394347	-9.713084588880633
-173.3937529686443	-27.477710696111828
-173.0861850633451	-2109.3655775539382
-172.77861715804593	-980.3343132342011
-172.47104925274675	1514.0756018018478
-172.16348134744757	164.95934304188063
-171.8559134421484	736.5500615668216
-171.5483455368492	1695.7672118186997
-171.24077763155003	812.8964298487845
-170.93320972625085	412.2004758200492
-170.62564182095167	-2002.606752097263
-170.3180739156525	335.24261635185513
-170.0105060103533	-467.3168061438809
-169.70293810505413	229.86643029690453
-169.39537019975495	1346.3414198583653
-169.08780229445577	1436.452736057735
-168.7802343891566	37.49128231649263
-168.4726664838574	-457.7342426670092
-168.16509857855823	-1172.647128499076
-167.85753067325905	769.796987231694
-167.54996276795987	-2137.033102978854
-167.2423948626607	1794.8037896955134
-166.9348269573615	1683.186898638074
-166.62725905206233	-803.1330796674297
-166.31969114676315	-115.27078392104772
-166.01212324146397	-862.9457858724938
-165.7045553361648	1943.9098223420692
-165.3969874308656	232.42574021922636
-165.08941952556643	303.3944710482701
-164.78185162026725	-1242.5913119362192
-164.47428371496807	-566.9149495409537
-164.1667158096689	976.893537007049
-163.8591479043697	32.203993947926335
-163.55157999907053	446.847353653101
-163.24401209377135	336.54425238621445
-162.93644418847217	2528.4314049189043
-162.62887628317299	580.0203639866942
-162.3213083778738	-2257.6847879292222
-162.01374047257463	895.0236393295755
-161.70617256727544	1891.44523797376
-161.39860466197626	214.6832832329063
-161.09103675667708	416.1692221041389
-160.7834688513779	360.4364360033217
-160.47590094607872	-3119.496881760494
-160.16833304077954	-2423.8173710100255
-159.86076513548036	-1585.7281981297917
-159.55319723018118	10.741141694896747
-159.245629324882	1564.702013900041
-158.93806141958282	587.45163083522
-158.63049351428364	1049.9049999013735
-158.32292560898446	1190.0737336890675
-158.01535770368528	-105.12842190296263
-157.7077897983861	1532.5700368246414
-157.40022189308692	1425.9317054872517
-157.09265398778774	-1634.7999894857567
-156.78508608248856	-998.0575032400848
-156.47751817718938	1135.6105361700477
-156.1699502718902	33.50632980986535
-155.86238236659102	-783.0799475068698
-155.55481446129184	-1945.4042301602512
-155.24724655599266	580.4250184656179
-154.93967865069348	-2271.579141672927
-154.6321107453943	2961.450959770709
-154.32454284009512	-635.4629059683025
-154.01697493479594	-1471.2637237681533
-153.70940702949676	-2382.2839314388066
-153.40183912419758	133.45794946179808
-153.0942712188984	601.2753261225414
-152.78670331359922	-2269.8169950035763
-152.47913540830004	257.20387125849805
-152.17156750300086	98.40175687171322
-151.86399959770168	-217.63877088392996
-151.5564316924025	-3780.757935097824
-151.24886378710332	611.9801351302901
-150.94129588180414	-2428.989592783609
-150.63372797650496	-2273.695562212073
-150.32616007120578	-1281.0244801740307
-150.0185921659066	1344.7144901712165
-149.71102426060742	-2255.073779719724
-149.40345635530824	272.762030053613
-149.09588845000906	-1756.0485258903273
-148.78832054470988	386.0765556906969
-148.4807526394107	-1049.8289314815856
-148.17318473411152	1620.6909110667439
-147.86561682881234	-1338.4531446709625
-147.55804892351316	1970.9018208504556
-147.25048101821397	-1632.6860469449634
-146.9429131129148	1801.1203509763986
-146.63534520761561	-1582.3573312030535
-146.32777730231643	2218.9407900308333
-146.02020939701725	1282.7530092775824
-145.71264149171807	986.3601142816034
-145.4050735864189	1718.525780545533
-145.0975056811197	1057.3902152356216
-144.78993777582053	110.76195373554148
-144.48236987052135	675.3457693095502
-144.17480196522217	1724.2685552831065
-143.867234059923	333.58034191741194
-143.5596661546238	-2716.39828785214
-143.25209824932463	3101.7737845624106
-142.94453034402545	-1473.207129062579
-142.63696243872627	1282.1793630776488
-142.3293945334271	-1145.8682557215775
-142.0218266281279	-1014.6426765969507
-141.71425872282873	-3815.1796547696676
-141.40669081752955	-3089.8721314511713
-141.09912291223037	617.8473037481876
-140.7915550069312	-1016.2025372510288
-140.483987101632	-422.10286110866525
-140.17641919633283	-3529.067370661864
-139.86885129103365	-67.70732184424287
-139.56128338573447	886.17446207534
-139.2537154804353	951.6932836474195
-138.9461475751361	801.3128024790956
-138.63857966983693	493.94724036347793
-138.33101176453775	-2077.2248437059384
-138.02344385923857	366.98451421590465
-137.7158759539394	-1237.980765110257
-137.4083080486402	-541.4039929856953
-137.10074014334103	-1620.7846689506882
-136.79317223804185	1723.9444677862914
-136.48560433274267	-88.95869018990302
-136.1780364274435	3057.2735832956773
-135.8704685221443	3445.988093395669
-135.56290061684513	18363.53909342951
-135.25533271154595	22646.123405257422
-134.94776480624677	-9797.384460722384
-134.6401969009476	-2769.441951124456
-134.3326289956484	-5804.702184183298
-134.02506109034923	361.1724984149081
-133.71749318505005	-920.7041623464773
-133.40992527975087	-2158.2655405012742
-133.10235737445169	-1896.3608884627274
-132.7947894691525	-504.45653445417673
-132.48722156385332	-2290.7302531985565
-132.17965365855414	3691.5764935752504
-131.87208575325496	-1208.3198951985714
-131.56451784795578	-1061.2546787813617
-131.2569499426566	-3311.592890257157
-130.94938203735742	521.6609077133047
-130.64181413205824	-1451.0022012651948
-130.33424622675906	-702.4846573232184
-130.02667832145988	-133.00854318193967
-129.7191104161607	-79.68155471170982
-129.41154251086152	-1438.94912773256
-129.10397460556234	-2134.546845762893
-128.79640670026316	-1859.1807964898157
-128.48883879496398	-54.292090331366126
-128.1812708896648	4486.917129163943
-127.87370298436561	785.3038664801062
-127.56613507906641	712.9730253156437
-127.25856717376722	428.882334715595
-126.95099926846802	1315.55519455961
-126.64343136316883	-1274.3605463851422
-126.33586345786964	-2035.4071143426622
-126.02829555257044	899.1643746514512
-125.72072764727125	-1954.7612275655251
-125.41315974197205	2508.0254466528045
-125.10559183667286	391.3614006903833
-124.79802393137366	-1044.3392144856828
-124.49045602607447	-281.45068289880584
-124.18288812077527	1138.8578649036524
-123.87532021547608	-1107.0278423002792
-123.56775231017689	-242.68228500898863
-123.26018440487769	-1266.7522926853476
-122.9526164995785	-868.8073436183432
-122.6450485942793	-804.9624635509788
-122.33748068898011	-2122.4593286615273
-122.02991278368091	-975.9484569400635
-121.72234487838172	62.363255690618644
-121.41477697308252	-1.033610468974416
-121.10720906778333	408.48499255600785
-120.79964116248414	-868.8943989823345
-120.49207325718494	-1511.6282216404404
-120.18450535188575	304.1248255111063
-119.87693744658655	-474.2353090172358
-119.56936954128736	-226.376577130167
-119.26180163598816	2256.8311114295493
-118.95423373068897	-2776.95542116295
-118.64666582538977	-3652.8941458335817
-118.33909792009058	1114.7886705803965
-118.03153001479139	1197.2084745802617
-117.72396210949219	2873.3825276112407
-117.416394204193	2493.448459139936
-117.1088262988938	510.0947569196673
-116.80125839359461	1876.5965205004577
-116.49369048829541	-219.50135514016472
-116.18612258299622	194.10074194024702
-115.87855467769702	2109.298866243753
-115.57098677239783	-993.5390726451443
-115.26341886709864	-651.0063805353196
-114.95585096179944	-1219.235970134122
-114.64828305650025	-1271.9955431386538
-114.34071515120105	2250.7717241209775
-114.03314724590186	785.6460383422295
-113.72557934060266	-2766.782105783783
-113.41801143530347	-1754.9929040963837
-113.11044353000428	-2246.610611596731
-112.80287562470508	462.12753375218676
-112.49530771940589	778.2256695606583
-112.18773981410669	577.8173298086597
-111.8801719088075	2482.5088347153974
-111.5726040035083	1621.4396926052532
-111.26503609820911	1470.7627344561533
-110.95746819290991	655.417365997787
-110.64990028761072	-165.85009265512386
-110.34233238231153	-244.10938995832674
-110.03476447701233	362.3980434950246
-109.72719657171314	429.2046097661476
-109.41962866641394	771.3561173070514
-109.11206076111475	663.6149891391933
-108.80449285581555	-352.25523082145963
-108.49692495051636	-2133.585694717649
-108.18935704521716	711.8046354632195
-107.88178913991797	2607.867826697801
-107.57422123461878	2202.1186918793082
-107.26665332931958	491.0206893114198
-106.95908542402039	-833.3121472808384
-106.65151751872119	-2967.751540962085
-106.343949613422	-1888.0091663814924
-106.0363817081228	356.37937723807624
-105.72881380282361	925.8587751432713
-105.42124589752441	-958.3724217481746
-105.11367799222522	-1409.0287705275373
-104.80611008692603	-1476.4119380773186
-104.49854218162683	1181.981756051194
-104.19097427632764	-427.2563768818154
-103.88340637102844	-965.6028727974826
-103.57583846572925	-1291.1995639381973
-103.26827056043005	-1436.444950369755
-102.96070265513086	-981.2163113745307
-102.65313474983166	-1723.8195111366788
-102.34556684453247	-132.6279760697175
-102.03799893923328	176.24267498118087
-101.73043103393408	1022.8600715283969
-101.42286312863489	934.8998095861295
-101.11529522333569	2448.317267453454
-100.8077273180365	-2208.617256844074
-100.5001594127373	-53.7801969152266
-100.19259150743811	862.8661166203916
-99.88502360213892	178.13449736089646
-99.57745569683972	-967.0235893285604
-99.26988779154053	730.7462303821545
-98.96231988624133	-1521.9006979455555
-98.65475198094214	-650.0908756555489
-98.34718407564294	-150.03162981843678
-98.03961617034375	1005.9307589613718
-97.73204826504455	-252.33931126248496
-97.42448035974536	121.07330413020418
-97.11691245444617	304.14843585531787
-96.80934454914697	785.0675567660678
-96.50177664384778	1445.4896122046991
-96.19420873854858	-638.0064277321816
-95.88664083324939	-1051.7864114213457
-95.5790729279502	-939.9858077120125
-95.271505022651	987.0662168705767
-94.9639371173518	-947.2252279661509
-94.65636921205261	1970.90123528257
-94.34880130675342	914.7042599290136
-94.04123340145422	1032.0947627068506
-93.73366549615503	1708.8744972014315
-93.42609759085583	1907.219600680158
-93.11852968555664	1951.2461145515435
-92.81096178025744	-959.4945150322532
-92.50339387495825	-1169.553517382622
-92.19582596965905	-1290.9954895665733
-91.88825806435986	145.2344169085166
-91.58069015906067	-1729.2667101768152
-91.27312225376147	976.8280154087399
-90.96555434846228	-3052.5478571441026
-90.65798644316308	1199.6848556629106
-90.35041853786389	-2862.746568244172
-90.0428506325647	-2145.15674703045
-89.7352827272655	921.6795318382618
-89.4277148219663	-1139.8082639629788
-89.12014691666711	1761.1511982337795
-88.81257901136792	-23.589569314038624
-88.50501110606872	703.9287671800348
-88.19744320076953	1714.9409802201392
-87.88987529547033	-584.3251538039519
-87.58230739017114	717.8611253115092
-87.27473948487194	-407.8724283815748
-86.96717157957275	-2090.8502832627505
-86.65960367427355	-1911.6216636693266
-86.35203576897436	63.72687018988927
-86.04446786367517	977.142139857553
-85.73689995837597	1727.9556929580353
-85.42933205307678	1553.8199581791062
-85.12176414777758	-463.73907042404824
-84.81419624247839	-462.810350009057
-84.5066283371792	515.9268198748969
-84.19906043188	1705.8004725818712
-83.8914925265808	-820.1832774772237
-83.58392462128161	-480.37573846704606
-83.27635671598242	-153.2060408763923
-82.96878881068322	1083.078970780543
-82.66122090538403	904.8182351642695
-82.35365300008483	639.3785073400903
-82.04608509478564	-4279.910717683379
-81.73851718948644	1072.2044767617094
-81.43094928418725	1832.5857965459272
-81.12338137888806	1181.8873420277341
-80.81581347358886	2739.831566597842
-80.50824556828967	-2960.321318620543
-80.20067766299047	56.520382920462794
-79.89310975769128	294.1195985637673
-79.58554185239208	-208.6932396891184
-79.27797394709289	3022.5760150610645
-78.9704060417937	1308.8616477679407
-78.6628381364945	1210.4721610667382
-78.3552702311953	-932.910746721571
-78.04770232589611	-420.601784835538
-77.74013442059692	-251.58185202237564
-77.43256651529772	3162.9035583221694
-77.12499860999853	-3051.645997382542
-76.81743070469933	636.8107905398267
-76.50986279940014	2027.5691540555404
-76.20229489410094	2123.081097477454
-75.89472698880175	-3035.1707835782972
-75.58715908350256	-2186.65641774435
-75.27959117820336	-242.1064127392196
-74.97202327290417	-2344.9056172852243
-74.66445536760497	-2492.4231823434784
-74.35688746230578	-491.6974003496596
-74.04931955700658	503.88434309741467
-73.74175165170739	-613.3078153146427
-73.4341837464082	1543.7324121173933
-73.126615841109	808.8604462628108
-72.8190479358098	-2036.9725416983836
-72.51148003051061	-181.2868490206888
-72.20391212521142	4.104694138973855
-71.89634421991222	1849.2479421805924
-71.58877631461303	174.40875228596835
-71.28120840931383	2795.3568733361467
-70.97364050401464	2224.7100895095905
-70.66607259871544	-751.0583603817473
-70.35850469341625	-1593.366493461666
-70.05093678811706	-767.2156096087234
-69.74336888281786	2.8585184117313247
-69.43580097751867	1825.9269882270794
-69.12823307221947	2834.040600954386
-68.82066516692028	-690.9942742749647
-68.51309726162108	-1655.6832469624221
-68.20552935632189	1534.6798670368698
-67.8979614510227	-2778.6805052272002
-67.5903935457235	-267.7893716624693
-67.2828256404243	-3059.2406752954494
-66.97525773512511	1464.6625701243133
-66.66768982982592	1175.1611521159045
-66.36012192452672	1381.6058947927938
-66.05255401922753	696.9863713468746
-65.74498611392833	-309.3359612268202
-65.43741820862914	472.72000807752346
-65.12985030332995	1055.3206960421014
-64.82228239803075	-773.1637561512092
-64.51471449273156	-807.3127379267096
-64.20714658743236	1093.4708509232667
-63.899578682133175	749.4459550046588
-63.59201077683399	-2677.3221872557488
-63.2844428715348	-2152.3402207930194
-62.97687496623561	-1779.8283396529307
-62.669307060936426	290.0852222962254
-62.36173915563724	2271.519207910215
-62.05417125033805	-1066.342126595257
-61.746603345038864	-4017.9770542544757
-61.439035439739676	-310.7688338022732
-61.13146753444049	507.65756762862475
-60.8238996291413	1424.5258814449917
-60.516331723842114	-1011.9265158706792
-60.20876381854293	56.91589590055008
-59.90119591324374	-1523.4720641252131
-59.59362800794455	1506.1150059924157
-59.286060102645365	206.19911246227912
-58.97849219734618	-1171.0224757164553
-58.67092429204699	-2474.970223984575
-58.3633563867478	-722.108336909663
-58.055788481448616	627.7717885657794
-57.74822057614943	-129.4381438400822
-57.44065267085024	1569.3336534700113
-57.133084765551054	-2111.2259617522554
-56.82551686025187	-2855.7007452009316
-56.51794895495268	1960.5958118833441
-56.21038104965349	-1619.8875767911888
-55.902813144354305	-607.0256275391112
-55.59524523905512	-1356.7366291869093
-55.28767733375593	2837.0876485928598
-54.98010942845674	-491.81548025917294
-54.672541523157555	-1516.7715203890557
-54.36497361785837	-1104.912159673905
-54.05740571255918	280.2792523529131
-53.74983780725999	-1242.4473313772487
-53.442269901960806	-597.1887644369899
-53.13470199666162	4495.104026430172
-52.82713409136243	290.5419745447623
-52.519566186063244	1766.3319337417054
-52.21199828076406	1400.0849087782817
-51.90443037546487	-2650.57872361147
-51.59686247016568	869.4517346928158
-51.289294564866495	-465.65580274604713
-50.98172665956731	705.2945029244701
-50.67415875426812	1201.9246420004267
-50.36659084896893	1368.0355137560553
-50.059022943669746	-691.6150601669449
-49.75145503837056	484.73833959662477
-49.44388713307137	-579.1857358647549
-49.136319227772184	-82.8556742978256
-48.828751322472996	-1599.0753117478873
-48.52118341717381	-1611.333811488231
-48.21361551187462	-54.824287782253236
-47.906047606575434	-454.6846458413729
-47.59847970127625	-484.52555944480434
-47.29091179597706	1787.2975780060674
-46.98334389067787	255.65800144432274
-46.675775985378685	-267.8635581304377
-46.3682080800795	2718.6208238913414
-46.06064017478031	502.5934134645775
-45.75307226948112	399.357535397101
-45.445504364181936	833.9817930498718
-45.13793645888275	334.2247160694742
-44.83036855358356	2627.6388854052066
-44.522800648284374	-880.214023497919
-44.21523274298519	-703.389076274725
-43.907664837686	2199.192285012175
-43.60009693238681	1833.2968032734602
-43.292529027087625	1738.0802170742834
-42.98496112178844	-1984.3460157347458
-42.67739321648925	-6006.965183611465
-42.36982531119006	699.6755319297687
-42.062257405890875	-62.055182846273155
-41.75468950059169	-71.98628172790907
-41.4471215952925	313.1002817544302
-41.13955368999331	-374.57393471218165
-40.831985784694126	-735.31556990419
-40.52441787939494	5800.029389614693
-40.21684997409575	-604.7182577530709
-39.909282068796564	2.378801959155112
-39.60171416349738	4913.396812284065
-39.29414625819819	-1317.8963843534361
-38.986578352899	3283.329634654773
-38.679010447599815	1709.959744831967
-38.37144254230063	-704.1771112711685
-38.06387463700144	-849.6327984487823
-37.75630673170225	492.22425414783845
-37.448738826403066	-273.9630799067175
-37.14117092110388	747.3504235826746
-36.83360301580469	370.980323035265
-36.526035110505504	-976.1701446172268
-36.218467205206316	993.8192746815095
-35.91089929990713	-288.68192615408805
-35.60333139460794	-2422.044130990269
-35.295763489308754	-694.5747589854861
-34.98819558400957	2714.0229950283324
-34.68062767871038	692.2142319633361
-34.37305977341119	1483.6656497419578
-34.065491868112005	-1420.0870220030451
-33.75792396281282	-499.56545040038856
-33.45035605751363	510.53791603043584
-33.14278815221444	1789.342920314151
-32.835220246915256	2054.5940421090972
-32.52765234161607	-401.2456216801155
-32.22008443631688	-2665.9856006354203
-31.912516531017694	1100.6113681636389
-31.604948625718507	-325.5960012833516
-31.29738072041932	-1776.1948114010663
-30.989812815120132	996.6658147141092
-30.682244909820945	-1719.6086127028152
-30.374677004521757	1492.8748260157256
-30.06710909922257	-478.7137057021935
-29.759541193923383	542.0297679744863
-29.451973288624195	887.8516869291674
-29.144405383325008	993.9447185415543
-28.83683747802582	-296.4332657706627
-28.529269572726633	1844.735950670467
-28.221701667427446	-439.89532688772834
-27.91413376212826	-883.9776117955284
-27.60656585682907	767.4648339674583
-27.298997951529884	631.4220531025246
-26.991430046230697	-1970.5924021536198
-26.68386214093151	-3278.670006890075
-26.376294235632322	-4269.60514338861
-26.068726330333135	-1097.2459527420083
-25.761158425033948	1918.1161097408158
-25.45359051973476	2910.903387632602
-25.146022614435573	-3063.4241940524007
-24.838454709136386	-1810.6290990505404
-24.5308868038372	-1703.5301592864978
-24.22331889853801	-2400.1449159651534
-23.915750993238824	-225.10295073224495
-23.608183087939636	-449.7686753529103
-23.30061518264045	-3231.8112085016264
-22.99304727734126	1624.6883483717643
-22.685479372042074	1833.6732689037897
-22.377911466742887	-178.87578371425587
-22.0703435614437	-244.56262818310185
-21.762775656144512	371.23142791447464
-21.455207750845325	637.7936375410251
-21.147639845546138	-3126.4164135101746
-20.84007194024695	-220.47606459563343
-20.532504034947763	-1034.3483532754346
-20.224936129648576	-222.60013698820288
-19.91736822434939	-2146.9410866911053
-19.6098003190502	-1458.003967712174
-19.302232413751014	-3413.4073877276182
-18.994664508451827	-883.9414699213687
-18.68709660315264	-3649.2350976693165
-18.379528697853452	-2438.796416802151
-18.071960792554265	-92.22753255587781
-17.764392887255077	-1918.9056200876694
-17.45682498195589	-3369.853012661757
-17.149257076656703	-2360.386766632136
-16.841689171357515	-2076.185383964134
-16.534121266058328	-1113.00049581653
-16.22655336075914	-491.66658974387315
-15.918985455459953	-1053.9609031302848
-15.611417550160766	-2209.4373615800705
-15.303849644861579	947.4658111414769
-14.996281739562392	-5444.374079904985
-14.688713834263204	-3606.906318112978
-14.381145928964017	-5297.5973632289915
-14.07357802366483	303.35296901355173
-13.766010118365642	-4679.539761913637
-13.458442213066455	86.45560662792423
-13.150874307767268	-3718.6850324946545
-12.84330640246808	-489.06603096815024
-12.535738497168893	-6684.7455412232
-12.228170591869706	-1693.0508568099503
-11.920602686570518	-5442.135399766254
-11.613034781271331	524.5253246334069
-11.305466875972144	-9002.197813484481
-10.997898970672956	5080.35199841383
-10.690331065373769	-9235.893624630733
-10.382763160074582	9575.512365189927
-10.075195254775394	-15824.730377903725
-9.767627349476207	80780.16746562038
-9.46005944417702	92998.50077804248
-9.152491538877833	-13665.98403396819
-8.844923633578645	9822.648700921309
-8.537355728279458	-10069.400372987533
-8.22978782298027	6304.711576234563
-7.922219917681083	-8157.771503633028
-7.614652012381896	1784.034331760236
-7.307084107082709	-2253.4595241816314
-6.999516201783521	-299.3696168426543
-6.691948296484334	-7273.575847375635
-6.384380391185147	-294.7203734923992
-6.076812485885959	-5541.636831295484
-5.769244580586772	-4012.5677986018068
-5.461676675287585	-3886.4830289833503
-5.154108769988397	-2851.396541536629
-4.84654086468921	-3902.3845862137377
-4.538972959390023	-4113.1205793707395
-4.2314050540908354	-4637.980973126116
-3.9238371487916477	-622.4311290016846
-3.61626924349246	-2296.6681830806465
-3.308701338193272	-865.1222215921017
-3.0011334328940844	-4215.231110435639
-2.6935655275948966	-2323.9584018603623
-2.385997622295709	-3627.735918757281
-2.078429716996521	551.375019025558
-1.7708618116973336	-1065.1666888016966
-1.463293906398146	1185.9279759195842
-1.1557260010989585	-491.96904329153875
-0.848158095799771	-982.6261350573466
-0.5405901905005834	-2128.1236648444547
-0.23302228520139584	750.6513096650788
0.07454562009779175	-2378.5725752705453
0.38211352539697935	-614.0151802238345
0.6896814306961669	-3002.627580526244
0.9972493359953545	625.2961547189268
1.304817241294542	-4491.6000839547705
1.6123851465937296	1593.384457363361
1.919953051892917	-3564.7703275276654
2.227520957192105	-96.91033727664887
2.5350888624912926	-5133.91438262915
2.8426567677904804	81.65750284467231
3.150224673089668	-3234.012613174007
3.457792578388856	1484.3287674221444
3.7653604836880437	227.27580247097006
4.072928388987231	-1074.2732762491637
4.380496294286418	-2462.5021271663345
4.688064199585606	717.6501420665675
4.995632104884793	-3828.303588553438
5.30320001018398	-1810.4266329403683
5.610767915483168	-1507.4954090937551
5.918335820782355	4763.391638425138
6.225903726081542	-1374.2193448001203
6.5334716313807295	-1345.8113538446705
6.841039536679917	-1535.148432233342
7.148607441979104	-867.2785897797185
7.4561753472782915	-2978.559428017238
7.763743252577479	2329.394881853791
8.071311157876666	-2238.6692487542714
8.378879063175853	1829.5307551263431
8.68644696847504	-1131.2163079882837
8.994014873774228	1351.4261122860248
9.301582779073415	-1703.7586153380566
9.609150684372603	2693.3920565659496
9.91671858967179	230.37411011516014
10.224286494970977	1604.7957031112387
10.531854400270165	614.6933344249169
10.839422305569352	-1580.0970932182495
11.14699021086854	-97.3432884272934
11.454558116167727	-1244.076393369452
11.762126021466914	65.86529421662584
12.069693926766101	-330.741205694358
12.377261832065289	1621.6189846493169
12.684829737364476	-5.773679399848117
12.992397642663663	1920.823576937874
13.29996554796285	-160.54898035646875
13.607533453262038	-1876.7995502591355
13.915101358561225	324.86321417682893
14.222669263860412	-3881.01035049824
14.5302371691596	680.56664644681
14.837805074458787	253.94904714693348
15.145372979757974	1823.1253447855047
15.452940885057162	559.4577754492569
15.760508790356349	3191.451800103105
16.068076695655538	306.5425040412871
16.375644600954725	406.1022267154331
16.683212506253913	-146.49708971549222
16.9907804115531	-111.37273375288062
17.298348316852287	1531.2335847097963
17.605916222151475	-763.1369754911377
17.913484127450662	849.2879382478791
18.22105203274985	-2016.253989185122
18.528619938049037	1655.389248142334
18.836187843348224	-283.05347466835076
19.14375574864741	2357.732771312667
19.4513236539466	-271.149804242275
19.758891559245786	476.29585964078615
20.066459464544973	790.9147171910531
20.37402736984416	101.39336525301982
20.681595275143348	855.664238235199
20.989163180442535	322.6194408887039
21.296731085741722	1037.1193378435655
21.60429899104091	-1067.4118296266254
21.911866896340097	-35.61139321229501
22.219434801639284	97.64701236548885
22.52700270693847	2126.3701395556895
22.83457061223766	-140.18807138268016
23.142138517536846	-1407.252385208818
23.449706422836034	1463.1845495486914
23.75727432813522	724.9380736149844
24.06484223343441	393.72046505363505
24.372410138733596	-3077.627700673538
24.679978044032783	1305.2115463994214
24.98754594933197	521.8935230665641
25.295113854631158	1028.1257227497158
25.602681759930345	-1226.5897987517164
25.910249665229532	4764.265638614981
26.21781757052872	803.8827714619493
26.525385475827907	-26.875806507874984
26.832953381127094	-1430.3846006452877
27.14052128642628	-2556.1879308740336
27.44808919172547	77.69125914628853
27.755657097024656	1114.5327164705616
28.063225002323843	1125.6677360680033
28.37079290762303	407.78167076534805
28.678360812922218	-279.51951345682886
28.985928718221405	170.43525211020597
29.293496623520593	-370.8233191460452
29.60106452881978	-1729.192451707425
29.908632434118967	-1387.9944672011875
30.216200339418155	1784.5757782162598
30.523768244717342	1387.761432585693
30.83133615001653	-60.66067906764499
31.138904055315717	-2005.9094461805882
31.446471960614904	671.3868289264669
31.75403986591409	706.2718907020793
32.06160777121328	974.3901795453673
32.36917567651247	1447.532318354898
32.67674358181166	371.489152565422
32.984311487110844	1730.1209760338165
33.29187939241003	895.5303195795946
33.59944729770922	-477.14638569312353
33.907015203008406	333.2802617634785
34.21458310830759	-776.2152394712188
34.52215101360678	-179.96388439835957
34.82971891890597	1244.058339883193
35.137286824205155	861.6195495198181
35.44485472950434	-175.67104657326075
35.75242263480353	2265.703760747304
36.05999054010272	-370.2152895518834
36.367558445401905	-804.171866796099
36.67512635070109	-1666.1679267979243
36.98269425600028	1485.1807647124106
37.29026216129947	-847.800116138109
37.597830066598654	-950.2893444584008
37.90539797189784	1970.1097317204049
38.21296587719703	-3564.1227439861696
38.520533782496216	-2854.276993238625
38.8281016877954	738.2618205685413
39.13566959309459	2063.643687678057
39.44323749839378	-2025.9705804399184
39.750805403692965	-459.35177680205226
40.05837330899215	-986.3399252332279
40.36594121429134	-705.1043275816655
40.67350911959053	-1237.458871508595
40.981077024889714	-372.36630802496103
41.2886449301889	-988.5665304177402
41.59621283548809	736.8262190087203
41.903780740787276	372.01157554725756
42.21134864608646	-781.2016009251556
42.51891655138565	-1918.1773862420184
42.82648445668484	1806.4754862481047
43.134052361984025	-1417.0526271538833
43.44162026728321	1203.265481122818
43.7491881725824	-2578.16563212786
44.05675607788159	-2001.4933519735034
44.364323983180775	4656.639059287908
44.67189188847996	945.2356652724757
44.97945979377915	1166.6227442072422
45.28702769907834	385.79103532925535
45.594595604377524	852.7470393216747
45.90216350967671	1400.4022076178342
46.2097314149759	927.1108631241344
46.517299320275086	-993.8625273921317
46.82486722557427	-1157.9727333042415
47.13243513087346	-133.97987657635315
47.44000303617265	-2163.333663159117
47.747570941471835	-885.7574705727907
48.05513884677102	1235.4857973431654
48.36270675207021	-1414.0052573099729
48.6702746573694	394.0787023106474
48.977842562668584	2364.405312695564
49.28541046796777	-425.37246327780804
49.59297837326696	-1236.2131779256683
49.900546278566146	2405.817043506955
50.208114183865334	-44.63699707155314
50.51568208916452	1295.930720837598
50.82324999446371	-2220.570761114913
51.130817899762896	-1866.7969937836408
51.43838580506208	249.12630279308786
51.74595371036127	1112.3580995000943
52.05352161566046	-997.2913841475263
52.361089520959645	-2885.068005917578
52.66865742625883	-1523.9265828190032
52.97622533155802	-1601.8956674366495
53.28379323685721	2687.8690371449156
53.591361142156394	-14.987123207029157
53.89892904745558	-1208.3298220158856
54.20649695275477	1159.85655451393
54.514064858053956	-1719.899272972718
54.82163276335314	704.4532520396759
55.12920066865233	-497.45365819940497
55.43676857395152	656.8321880587739
55.744336479250705	-1402.81022298035
56.05190438454989	-1490.1561376607892
56.35947228984908	-1650.415145128995
56.66704019514827	617.4824559250355
56.974608100447455	-1427.6125630592592
57.28217600574664	625.6323113474344
57.58974391104583	1142.5133490758885
57.89731181634502	-1140.3993560883473
58.204879721644204	1589.5827572656963
58.51244762694339	-998.527771381605
58.82001553224258	-11.28209207452835
59.127583437541766	659.558282128845
59.43515134284095	-1769.089263095107
59.74271924814014	-224.31170442768655
60.05028715343933	694.2755636159299
60.357855058738515	820.0606386319904
60.6654229640377	-818.1096265674413
60.97299086933689	-749.7049614159539
61.28055877463608	1386.7006617736115
61.588126679935264	-938.7820226150939
61.89569458523445	3126.79580633785
62.20326249053364	-181.28319279581171
62.510830395832826	-1808.1262824889063
62.818398301132014	-776.478499208979
63.1259662064312	777.3750950338293
63.43353411173039	553.0296798535853
63.741102017029576	-189.42108560661148
64.04866992232877	592.6704453677505
64.35623782762796	-665.6897390682997
64.66380573292716	638.1701024777084
64.97137363822635	1458.2810527176337
65.27894154352555	1064.1341297723136
65.58650944882474	-355.7906632094548
65.89407735412394	1202.3166088399057
66.20164525942313	993.0600757274613
66.50921316472233	1422.0756267457382
66.81678107002152	-1439.7326792291562
67.12434897532071	-1025.1587065148674
67.43191688061991	342.6579127965538
67.7394847859191	-1163.9513198690465
68.0470526912183	1879.8068250182043
68.35462059651749	-43.393710584052485
68.66218850181669	650.1471193556636
68.96975640711588	3371.6168273836424
69.27732431241508	-759.5455134196318
69.58489221771427	2105.1451439078187
69.89246012301346	-257.3966070199633
70.20002802831266	-1795.2188534432164
70.50759593361185	-1446.5750408110753
70.81516383891105	-312.3826334022342
71.12273174421024	14.913299639854245
71.43029964950944	1353.9757761957835
71.73786755480863	879.1874098646643
72.04543546010783	212.72491491578654
72.35300336540702	1678.8728271447612
72.66057127070621	886.7151645914238
72.96813917600541	-330.7479315857778
73.2757070813046	-485.00457445354823
73.5832749866038	1035.8644466127953
73.89084289190299	-2206.9724908534004
74.19841079720219	3826.7707404359417
74.50597870250138	-1198.5926838238254
74.81354660780057	618.5790325673054
75.12111451309977	-1040.8401521117496
75.42868241839896	1657.35283750278
75.73625032369816	-982.1125810529426
76.04381822899735	400.83165718215525
76.35138613429655	3451.7911309953283
76.65895403959574	725.439398459728
76.96652194489494	1061.692424909336
77.27408985019413	-345.2415039537801
77.58165775549332	691.4899943133566
77.88922566079252	798.7441592421
78.19679356609171	-384.59783492003305
78.50436147139091	-325.73139904672547
78.8119293766901	-3423.1790916113605
79.1194972819893	-2651.6217041127215
79.42706518728849	-1275.2033863988718
79.73463309258769	579.0840362943765
80.04220099788688	-1533.9330983688087
80.34976890318607	-137.3862961340942
80.65733680848527	1950.480420837727
80.96490471378446	-2933.205524726911
81.27247261908366	-595.2775689005398
81.58004052438285	248.40638601983557
81.88760842968205	1746.5262877469183
82.19517633498124	-744.1507123395777
82.50274424028044	1761.5707492305976
82.81031214557963	142.53583525882823
83.11788005087882	-2617.688654578548
83.42544795617802	1840.4223608959314
83.73301586147721	-1855.233210230864
84.04058376677641	-1584.69117708669
84.3481516720756	-2098.666380574854
84.6557195773748	-567.4983752250637
84.96328748267399	1151.0189419122398
85.27085538797319	1557.9859478373007
85.57842329327238	-640.598307410419
85.88599119857157	-2722.3406033549863
86.19355910387077	-267.4486834361067
86.50112700916996	-1518.3109627973004
86.80869491446916	813.3922205687587
87.11626281976835	2438.2552605750384
87.42383072506755	1212.8057813026264
87.73139863036674	-2105.9113123384373
88.03896653566593	2674.979079803977
88.34653444096513	1327.9328097792463
88.65410234626432	1723.7576984704608
88.96167025156352	616.0011005829747
89.26923815686271	1529.0823257257327
89.57680606216191	-1592.7169901325478
89.8843739674611	-1226.491829938621
90.1919418727603	3960.407706973473
90.49950977805949	-1250.8818010354473
90.80707768335868	-549.6979994206367
91.11464558865788	-1567.9621408544435
91.42221349395707	246.93784301959093
91.72978139925627	654.2702768496351
92.03734930455546	720.787006385483
92.34491720985466	431.12490037230543
92.65248511515385	-2013.6551859366778
92.96005302045305	1209.4157406514983
93.26762092575224	-326.9935161235651
93.57518883105143	-212.5497915563791
93.88275673635063	886.2594665666409
94.19032464164982	-2849.173639034005
94.49789254694902	821.2460104179108
94.80546045224821	-3596.6590316254574
95.1130283575474	-438.44640164976
95.4205962628466	716.213365170257
95.7281641681458	-618.5946851861477
96.03573207344499	688.5682906450663
96.34329997874418	-481.36542694484723
96.65086788404338	-904.0240744032615
96.95843578934257	1140.1500503995949
97.26600369464177	722.4825889158087
97.57357159994096	1969.7503573611652
97.88113950524016	-2405.1523123423062
98.18870741053935	-155.2712964874107
98.49627531583855	-972.9098057913924
98.80384322113774	-3162.5587116219485
99.11141112643693	-2585.418852655497
99.41897903173613	-18.452372923898736
99.72654693703532	-397.4824332320012
100.03411484233452	-927.6771456750802
100.34168274763371	174.31499248319824
100.6492506529329	306.1458174921976
100.9568185582321	-1020.3306559298477
101.2643864635313	-2206.2863064995554
101.57195436883049	-2464.1676580628605
101.87952227412968	-899.7365034674457
102.18709017942888	-560.6954096254353
102.49465808472807	-309.26023061762874
102.80222599002727	-18.77832173091923
103.10979389532646	280.0288398503711
103.41736180062566	-960.6529428782919
103.72492970592485	1241.736338065355
104.03249761122404	3315.491828253903
104.34006551652324	2703.080264199546
104.64763342182243	2008.8084300833348
104.95520132712163	143.54707943823792
105.26276923242082	-1291.2218229179873
105.57033713772002	2474.0760516683326
105.87790504301921	-527.4763094514356
106.1854729483184	480.76886796686404
106.4930408536176	1759.522355801992
106.8006087589168	-964.7954303472409
107.10817666421599	415.1250585107801
107.41574456951518	-1296.0332407528495
107.72331247481438	1374.0717059547333
108.03088038011357	-1779.9314586703272
108.33844828541277	1746.7843467343318
108.64601619071196	-329.90253203596694
108.95358409601116	-1143.9740551668417
109.26115200131035	2642.9872593901537
109.56871990660954	-1746.5943397696299
109.87628781190874	2378.008567828915
110.18385571720793	755.1153782554139
110.49142362250713	1429.9164066314554
110.79899152780632	2126.0257538093783
111.10655943310552	3048.025094065662
111.41412733840471	186.05279507170445
111.7216952437039	-1010.6591928516702
112.0292631490031	1433.1286484407453
112.3368310543023	214.6824562387419
112.64439895960149	1212.7085301084796
112.95196686490068	1259.7036336500514
113.25953477019988	-317.59397812893445
113.56710267549907	-803.7489056269175
113.87467058079827	-784.7085695403841
114.18223848609746	2528.7287779746976
114.48980639139666	-1146.7733435611674
114.79737429669585	-1127.9888511573058
115.10494220199504	-574.3098373097308
115.41251010729424	-315.3244444339489
115.72007801259343	119.24248244849366
116.02764591789263	-2944.210846862531
116.33521382319182	-2761.748238717254
116.64278172849102	2755.1228109484514
116.95034963379021	562.4869100517276
117.2579175390894	-1224.4635935441022
117.5654854443886	2290.713095180176
117.8730533496878	-1381.847429880645
118.18062125498699	-1670.3201422310942
118.48818916028618	-583.801828902642
118.79575706558538	1806.3897637003524
119.10332497088457	784.9629364320064
119.41089287618377	-2282.186135788794
119.71846078148296	1143.8799957761723
120.02602868678215	-700.7291404529399
120.33359659208135	20.476271887536598
120.64116449738054	-345.7408155319641
120.94873240267974	4011.8866994354235
121.25630030797893	-916.1121071007742
121.56386821327813	-167.2349030979266
121.87143611857732	131.68611318255904
122.17900402387652	-376.20003572231815
122.48657192917571	651.3920404545897
122.7941398344749	-84.92444230481598
123.1017077397741	1126.6748877787566
123.4092756450733	64.67413409299581
123.71684355037249	195.72478171419638
124.02441145567168	-978.0792121733538
124.33197936097088	185.60979749960424
124.63954726627007	-1432.1010254433984
124.94711517156927	358.3209220309586
125.25468307686846	303.8093036512555
125.56225098216765	-1269.7407149866965
125.86981888746685	1765.1146483800248
126.17738679276604	-417.35364161868506
126.48495469806524	1491.50807104984
126.79252260336443	381.88795650667237
127.10009050866363	-594.2791504487375
127.40765841396282	-1763.1419958794486
127.71522631926202	-2128.8834005066215
128.0227942245612	-38.31350306340414
128.3303621298604	2445.321435402097
128.63793003515957	1078.6545936702391
128.94549794045875	194.50063058713636
129.25306584575793	-1538.3089258765556
129.5606337510571	1534.2903098233871
129.8682016563563	-821.3682497146334
130.17576956165547	-194.6808746422123
130.48333746695465	-1790.253982516278
130.79090537225383	1670.3867884171268
131.098473277553	-883.8639587807802
131.4060411828522	-1018.6964317563533
131.71360908815137	-2234.024408479627
132.02117699345055	1302.887618508165
132.32874489874973	-585.4172330379807
132.6363128040489	2561.0957150144845
132.9438807093481	-2121.175252426709
133.25144861464727	2745.3090374229923
133.55901651994645	1839.3554896272417
133.86658442524563	1499.9355016535897
134.1741523305448	-502.4763689791737
134.481720235844	-1802.1040727212396
134.78928814114317	-1475.7273563644007
135.09685604644235	1717.9167664006839
135.40442395174153	-253.9303940984849
135.71199185704072	128.94120129026433
136.0195597623399	-2245.280856020523
136.32712766763908	-1567.7014742912982
136.63469557293826	-2101.21009423515
136.94226347823744	-26.64012419149381
137.24983138353662	-653.9684387388294
137.5573992888358	-287.15813993723464
137.86496719413498	-1025.9767398286226
138.17253509943416	-287.07303045793157
138.48010300473334	-2510.8130926239187
138.78767091003252	-615.4346909307493
139.0952388153317	-1268.4707170013871
139.40280672063088	303.8473613543225
139.71037462593006	-687.3363222618813
140.01794253122924	326.3103250422069
140.32551043652842	-1814.8045204903851
140.6330783418276	1317.2098029278445
140.94064624712678	-2362.1113460983147
141.24821415242596	804.0472804809308
141.55578205772514	433.1097188663058
141.86334996302432	-345.6656257404071
142.1709178683235	1012.4074810146324
142.47848577362268	220.53581955928303
142.78605367892186	290.6780059380764
143.09362158422104	-2123.3427550106176
143.40118948952022	317.2656220843719
143.7087573948194	914.7932209182009
144.01632530011858	-2125.7728141675243
144.32389320541776	2647.6224991932454
144.63146111071694	3949.5894040594644
144.93902901601612	106.1061380880617
145.2465969213153	30.600247033968856
145.55416482661448	-3237.5403296520676
145.86173273191366	33.510617540295016
146.16930063721284	1044.0878415260072
146.47686854251202	-1793.1127843133172
146.7844364478112	816.6099006016889
147.09200435311038	-478.7032180335342
147.39957225840956	-202.564023818792
147.70714016370874	480.0120944304443
148.01470806900792	-596.0558430352819
148.3222759743071	-668.3668817656571
148.62984387960628	1923.8545876774097
148.93741178490546	-575.4723533140814
149.24497969020464	228.65626095715973
149.55254759550382	-1286.745875476487
149.860115500803	1405.2310309834945
150.16768340610219	1762.5721470404192
150.47525131140137	787.8626292036924
150.78281921670055	-56.21749682802703
151.09038712199973	-928.035916720538
151.3979550272989	86.72598729556648
151.7055229325981	4024.3874887789525
152.01309083789727	-2406.3592739106493
152.32065874319645	1364.7783162250978
152.62822664849563	-255.96943522726866
152.9357945537948	2181.1187371860883
153.243362459094	240.46842337221938
153.55093036439317	-1218.3576229351975
153.85849826969235	-2080.0251320168836
154.16606617499153	-1224.3743852284852
154.4736340802907	-419.79476607959396
154.7812019855899	1822.0107267687367
155.08876989088907	301.14893193423234
155.39633779618825	2347.776726878851
155.70390570148743	450.37670432644984
156.0114736067866	-467.2898219272533
156.3190415120858	-1075.2482632900956
156.62660941738497	1747.6989198880028
156.93417732268415	-139.5515613915394
157.24174522798333	2218.4615265102248
157.5493131332825	-1351.010043144653
157.8568810385817	3506.831047187424
158.16444894388087	67.10740922766524
158.47201684918005	618.9375303292348
158.77958475447923	-69.59809442602821
159.0871526597784	5388.233985254478
159.3947205650776	1754.453786625509
159.70228847037677	2956.2133351265206
160.00985637567595	-704.4683392741235
160.31742428097513	7254.1007014722545
160.6249921862743	1109.480939869002
160.9325600915735	21248.751150410102
161.24012799687267	-7338.220375153346
161.54769590217185	-9617.293362296223
161.85526380747103	-2629.059714536629
162.1628317127702	-2137.766787508729
162.4703996180694	-1539.6874932491144
162.77796752336857	-4170.898589093313
163.08553542866775	832.2227756201529
163.39310333396693	-1707.201825022251
163.70067123926611	-825.4634788600737
164.0082391445653	-4719.009013312052
164.31580704986447	-2668.0698855851115
164.62337495516365	787.6218050351948
164.93094286046284	-1297.3655306243477
165.23851076576202	907.0073808542832
165.5460786710612	-1032.5609496516843
165.85364657636038	-1827.5027100903915
166.16121448165956	-3296.051545604686
166.46878238695874	559.8779675500942
166.77635029225792	-1408.8886552979932
167.0839181975571	-1568.6304350922355
167.39148610285628	-1683.3726243333326
167.69905400815546	-1974.8079175531875
168.00662191345464	-1132.0838506192276
168.31418981875382	-171.95551215982312
168.621757724053	627.552011126888
168.92932562935218	891.9865335933421
169.23689353465136	12.60463680910243
169.54446143995054	-1531.4575289999646
169.85202934524972	643.9598164302834
170.1595972505489	306.59373824503353
170.46716515584808	-1188.3497199926164
170.77473306114726	-1918.4734902529278
171.08230096644644	-2102.1775488153094
171.38986887174562	1003.7586265334902
171.6974367770448	836.6691504691646
172.00500468234398	-1095.3609938125635
172.31257258764316	-1781.251908602529
172.62014049294234	2524.8582841712046
172.92770839824152	450.4517462775442
173.2352763035407	1004.9518590998824
173.54284420883988	1110.315055162444
173.85041211413906	672.2922058534388
174.15798001943824	1509.2763212459865
174.46554792473742	-497.77403404407283
174.7731158300366	982.3969063079714
175.08068373533578	7.730647216100891
175.38825164063496	-476.4568622468595
175.69581954593414	-815.3887277380397
176.00338745123332	1664.0495043015435
176.3109553565325	-191.72695037132416
176.61852326183168	1147.7495185895673
176.92609116713086	-933.4172273040538
177.23365907243004	-46.026429287921474
177.54122697772922	5086.258996004477
177.8487948830284	2142.925186888593
178.15636278832758	1365.1721953569654
178.46393069362676	-1276.775591081005
178.77149859892594	-2444.817728265598
179.07906650422512	-3625.0414083959513
179.3866344095243	1079.8880965094177
179.69420231482349	-2879.095055856146
180.00177022012267	-764.149287362618
180.30933812542185	64.7207640678142
180.61690603072103	54.52699690956871
180.9244739360202	-164.85125892774954
181.2320418413194	-3459.1155535627972
181.53960974661857	-312.8978773518675
181.84717765191775	-1063.4134403233982
182.15474555721693	31.124290253665635
182.4623134625161	2235.4775687937818
182.7698813678153	1299.5306974651382
183.07744927311447	145.2715201313645
183.38501717841365	2302.7232824716825
183.69258508371283	-267.2392934229997
184.000152989012	-1727.3986090520498
184.3077208943112	114.08668106779771
184.61528879961037	529.7776388522732
184.92285670490955	933.8771460257335
185.23042461020873	3070.040806429455
185.5379925155079	-1060.7752876299237
185.8455604208071	565.0627346251438
186.15312832610627	2542.761589429636
186.46069623140545	-991.6748828015192
186.76826413670463	306.61966471701555
187.0758320420038	-2780.636774053566
187.383399947303	-1705.1798822933285
187.69096785260217	1063.4462295406001
187.99853575790135	3141.7394675212317
188.30610366320053	-20.07207779499072
188.6136715684997	-1718.72261692549
188.9212394737989	260.6039917918374
189.22880737909807	-444.7671010375077
189.53637528439725	337.8142774508059
189.84394318969643	-183.44075243408966
190.1515110949956	1520.873607294365
190.4590790002948	954.9979015181445
190.76664690559397	760.3493604352583
191.07421481089315	1812.06698961239
191.38178271619233	857.6147321064568
191.6893506214915	1913.5710607040107
191.9969185267907	-1372.9826516391122
192.30448643208987	2901.7065356402672
192.61205433738905	-1863.3478389265679
192.91962224268823	-1307.2803789108473
193.22719014798741	655.472555296075
193.5347580532866	230.64508763674692
193.84232595858577	1282.7576627013054
194.14989386388496	503.58198133797316
194.45746176918414	-530.7998130044689
194.76502967448332	-1832.39651154317
195.0725975797825	-861.6077991087279
195.38016548508168	-1132.6319438142305
195.68773339038086	-119.15856760609887
195.99530129568004	-1290.0542331642648
196.30286920097922	55.08219894270372
196.6104371062784	-1935.5729875090412
196.91800501157758	302.2740862784803
197.22557291687676	-964.343964986755
197.53314082217594	54.051108792389016
197.84070872747512	-335.86707232233454
198.1482766327743	-863.1955210029563
198.45584453807348	1878.7338615394174
198.76341244337266	-115.9375637371283
199.07098034867184	261.96725583396386
199.37854825397102	-887.8525219324895
199.6861161592702	-1100.0139374579844
199.99368406456938	1571.1119865397222
200.30125196986856	1388.5384919714218
200.60881987516774	-707.5856651110471
200.91638778046692	-547.0211977620696
201.2239556857661	807.818619227638
201.53152359106528	2487.58859687866
201.83909149636446	1200.2863856628362
202.14665940166364	656.9754849796373
202.45422730696282	147.74144484755413
202.761795212262	-947.488760613339
203.06936311756118	-144.66870595358068
203.37693102286036	-1468.3742867269968
203.68449892815954	180.1016124993714
203.99206683345872	-331.1490403041548
204.2996347387579	-2092.107775441255
204.60720264405708	1199.210117574167
204.91477054935626	-386.57870891923284
205.22233845465544	-710.5109181822036
205.52990635995462	-1894.154225472696
205.8374742652538	1150.970198930867
206.14504217055298	538.1372790963901
206.45261007585216	-1048.2771396151775
206.76017798115134	799.4111062105583
207.06774588645052	813.6311497663366
207.3753137917497	734.6760651246623
207.68288169704888	1032.6779284292388
207.99044960234806	501.4857473471758
208.29801750764724	284.1818319192466
208.60558541294643	-1727.912099654713
208.9131533182456	-3099.3437997907135
209.22072122354479	-513.7934781569634
209.52828912884397	1251.5816555838774
209.83585703414315	-519.8355242138831
210.14342493944233	5.748203565900212
210.4509928447415	895.6092383473622
210.7585607500407	51.59079577484147
211.06612865533987	-1223.184892837403
211.37369656063905	58.175067735179084
211.68126446593823	-515.5382845279931
211.9888323712374	954.5483832874459
212.2964002765366	-240.14012229601144
212.60396818183577	293.5541524609522
212.91153608713495	835.7733589966354
213.21910399243413	-336.0729851794751
213.5266718977333	1618.2408177395814
213.8342398030325	-1169.4021307090118
214.14180770833167	-543.6106461564506
214.44937561363085	-1255.7643804544314
214.75694351893003	718.0851129179564
215.0645114242292	935.2961954312327
215.3720793295284	1392.5770392499762
215.67964723482757	-2109.4243390235283
215.98721514012675	-276.5502277275382
216.29478304542593	-533.109844999022
216.6023509507251	1917.2703993364985
216.9099188560243	2569.3937485881274
217.21748676132347	-2504.2934827982863
217.52505466662265	2530.0866599654073
217.83262257192183	-766.0511216848682
218.140190477221	628.3861886731091
218.4477583825202	-297.4269691836998
218.75532628781937	-2390.6600091758846
219.06289419311855	-2320.1929268464446
219.37046209841773	-892.044833565398
219.6780300037169	-784.3078979776196
219.9855979090161	2214.5818978349243
220.29316581431527	147.49063980882738
220.60073371961445	-697.491388372162
220.90830162491363	-3329.91059778113
221.2158695302128	-255.3137850550604
221.523437435512	964.0468181462965
221.83100534081117	-246.80782284057523
222.13857324611035	1205.3779594992639
222.44614115140953	-1340.5515466512547
222.75370905670871	557.5012321411366
223.0612769620079	-613.7687278645508
223.36884486730708	1870.2223247811203
223.67641277260626	-843.9368849229962
223.98398067790544	-1056.7683414063922
224.29154858320462	-723.0100323957514
224.5991164885038	2567.6925311088407
224.90668439380298	978.1081057765895
225.21425229910216	252.9742319789461
225.52182020440134	-1301.4777551556792
225.82938810970052	-423.062776830349
226.1369560149997	-101.82945440079015
226.44452392029888	164.7091507405189
226.75209182559806	4452.6120795457455
227.05965973089724	668.7532645504616
227.36722763619642	2930.9625812312042
227.6747955414956	-143.25311243666022
227.98236344679478	-175.80415000555777
228.28993135209396	-95.89898989696388
228.59749925739314	-251.95737587386748
228.90506716269232	1638.9855010770234
229.2126350679915	-2985.348557803939
229.52020297329068	2504.7263165553954
229.82777087858986	-615.4730592278083
230.13533878388904	738.160001830295
230.44290668918822	2207.174385928093
230.7504745944874	1649.1807350773163
231.05804249978658	-773.1362408563864
231.36561040508576	-2751.015692194299
231.67317831038494	929.9929465261739
231.98074621568412	313.63880181224545
232.2883141209833	-2191.146682114537
232.59588202628248	-681.0610672174778
232.90344993158166	-15.944860489754575
233.21101783688084	-86.82868724875834
233.51858574218002	-1949.746003212026
233.8261536474792	1028.1219592477196
234.13372155277838	-4437.779051540258
234.44128945807756	747.897825231649
234.74885736337674	430.73779395785897
235.05642526867592	-836.0436851691704
235.3639931739751	4654.312881668175
235.67156107927428	1067.7487025182138
235.97912898457346	613.2255835079218
236.28669688987264	-1419.4319602854234
236.59426479517182	-663.0852343415701
236.901832700471	-1153.7888817797182
237.20940060577018	50.48256468401895
237.51696851106936	-1887.8889442252812
237.82453641636855	-63.63040974096714
238.13210432166773	924.9747411990331
238.4396722269669	-1875.454222823196
238.74724013226609	211.58673264156022
239.05480803756527	-607.5991545099132
239.36237594286445	-538.6615707461135
239.66994384816363	-330.2212395804557
239.9775117534628	11.007591217427802
240.285079658762	-1682.8218143382257
240.59264756406117	924.9716718603436
240.90021546936035	141.47777722726275
241.20778337465953	-60.88650149609893
241.5153512799587	516.5303742239179
241.8229191852579	-496.04367100328375
242.13048709055707	-2530.820044167835
242.43805499585625	519.7152903160578
242.74562290115543	1804.3594427490345
243.0531908064546	-429.7468986283941
243.3607587117538	-887.8112356590154
243.66832661705297	-1005.3106195852085
243.97589452235215	159.2645972856999
244.28346242765133	2299.498978243741
244.5910303329505	211.92432932289256
244.8985982382497	-2022.3610316107743
245.20616614354887	125.2192221026171
245.51373404884805	2707.8581351500225
245.82130195414723	268.4071556360116
246.1288698594464	2876.8697615059846
246.4364377647456	3123.4721642959094
246.74400567004477	190.89379592678438
247.05157357534395	-1394.8086581621333
247.35914148064313	-1365.5806300611778
247.6667093859423	-588.5231079284249
247.9742772912415	1221.1297836759938
248.28184519654067	938.5954311361463
248.58941310183985	1228.3382306558738
248.89698100713903	-127.64575665711936
249.2045489124382	-846.1847065827204
249.5121168177374	2483.45292102002
249.81968472303657	-2636.53232043777
250.12725262833575	-287.15855029537295
250.43482053363493	692.4548637721233
250.7423884389341	2874.1772662504036
251.0499563442333	1243.3821146948083
251.35752424953247	-1085.9139386071963
251.66509215483165	-264.97751384025753
251.97266006013083	656.7118391481722
252.28022796543002	-2407.618624736153
252.5877958707292	-1673.5982722300455
252.89536377602838	729.3058419354304
253.20293168132756	468.57870581906855
253.51049958662674	1453.4637580818649
253.81806749192592	687.7613494374721
254.1256353972251	-1642.38096145839
254.43320330252428	392.56124367592406
254.74077120782346	-659.7288158321708
255.04833911312264	-1506.0818121487698
255.35590701842182	1260.4611346715983
255.663474923721	-945.7006457278806
255.97104282902018	-4890.587459003389
256.2786107343194	1255.775426053678
256.5861786396186	-1124.2486467871877
256.8937465449178	-4376.449375131084
257.201314450217	453.10779193345
257.5088823555162	1454.427524093005
257.81645026081543	28.408018788181806
258.12401816611464	868.7570309602116
258.43158607141385	2661.388241932865
258.73915397671306	302.56187765237337
259.04672188201226	-3813.111414744434
259.3542897873115	2502.258523155637
259.6618576926107	-1039.2872206185834
259.9694255979099	1937.067937318451
260.2769935032091	1121.4745366130494
260.5845614085083	267.973607667593
260.8921293138075	-52.261769284536285
261.1996972191067	-2750.097628007703
261.50726512440593	-350.96524715093904
261.81483302970514	2013.0622129795881
262.12240093500435	-1685.250651240981
262.42996884030356	-987.5002759911172
262.73753674560277	2317.1409249862354
263.045104650902	-403.09054918816827
263.3526725562012	492.2377738014861
263.6602404615004	-1788.8521972569356
263.9678083667996	864.7424220581646
264.2753762720988	-239.30009266924466
264.582944177398	-198.17898753471573
264.8905120826972	1971.5672689246642
265.19807998799644	725.2084120913332
265.50564789329565	823.9992140870366
265.81321579859485	-311.9517964005776
266.12078370389406	906.1299506992468
266.42835160919327	-2086.5834934195814
266.7359195144925	-852.9004692565086
267.0434874197917	-796.5718025233926
267.3510553250909	1108.1124730086797
267.6586232303901	-2098.8995516691384
267.9661911356893	1128.8919993552995
268.2737590409885	157.56725641353296
268.58132694628773	-160.0109001438102
268.88889485158694	-1331.9766293346415
269.19646275688615	-465.8280961213354
269.50403066218536	501.7141620020974
269.81159856748457	1535.5841792381643
270.1191664727838	-2864.2532993990144
270.426734378083	1390.878593095102
270.7343022833822	-63.91905803014873