x	y
-358.85719986405945	7044.088778163899
-358.2417634005722	5224.651268748907
-357.62632693708497	4763.088295954385
-357.0108904735977	1760.8112930530242
-356.3954540101105	3219.3877062951224
-355.78001754662324	1023.105203543164
-355.164581083136	2235.3043449775723
-354.54914461964876	-935.6739658611064
-353.9337081561615	1271.6966149527752
-353.3182716926743	5827.298385305239
-352.70283522918703	4087.6006520893097
-352.0873987656998	5190.535302255188
-351.47196230221255	1414.5792866979318
-350.8565258387253	3427.209514467806
-350.24108937523806	-2936.9442289516805
-349.6256529117508	3630.405537111068
-349.0102164482636	-192.60586985905047
-348.39477998477633	2606.099617348713
-347.7793435212891	3108.6835695571845
-347.16390705780185	474.1132925215443
-346.5484705943146	-713.5400858692237
-345.93303413082737	949.3176521974801
-345.3175976673401	-896.6930439837761
-344.7021612038529	3215.391136835886
-344.08672474036564	-275.90312721648297
-343.4712882768784	-57.237703947272166
-342.85585181339115	864.2219747710769
-342.2404153499039	-5189.021900369262
-341.62497888641667	-3631.463423102862
-341.0095424229294	5603.395137628846
-340.3941059594422	3826.9639906429766
-339.77866949595494	-6878.572868178118
-339.1632330324677	-5638.320383650624
-338.54779656898046	-8561.211607576653
-337.9323601054932	808.1050163694472
-337.316923642006	1288.7648860075988
-336.70148717851873	-2212.5559274373554
-336.0860507150315	836.740477119085
-335.47061425154425	1577.1637646368363
-334.855177788057	-983.1020155444057
-334.23974132456976	-235.4155559874871
-333.6243048610825	4201.404941230903
-333.0088683975953	-4573.644335596091
-332.39343193410804	2133.5503328250543
-331.7779954706208	4722.11902342155
-331.16255900713355	-4454.931381894667
-330.5471225436463	-2111.0875273203937
-329.93168608015907	-3445.5380754781527
-329.3162496166718	1108.087980438746
-328.7008131531846	6918.661788489058
-328.08537668969734	1542.029338776736
-327.4699402262101	-5398.7213094870685
-326.85450376272286	-705.6990191356235
-326.2390672992356	-4479.945229656658
-325.6236308357484	3998.4967318910803
-325.00819437226113	-527.9200455010377
-324.3927579087739	-6120.78327469331
-323.77732144528665	-4180.692701367541
-323.1618849817994	6174.9621876163255
-322.54644851831216	-5768.244375697671
-321.9310120548249	169.8392938253237
-321.3155755913377	-5458.461728287891
-320.70013912785043	-7450.226106748217
-320.0847026643632	1221.8933626597955
-319.46926620087595	-7594.91203959521
-318.8538297373887	-7402.505723390203
-318.23839327390147	83.07073287864841
-317.6229568104142	-4706.6108744363755
-317.007520346927	-2123.100639305165
-316.39208388343974	-8012.810300237921
-315.7766474199525	-348.46746343383165
-315.16121095646525	3624.375846020659
-314.545774492978	-1056.7951757541032
-313.93033802949077	-3140.846672550115
-313.3149015660035	-1629.1404016256492
-312.6994651025163	1315.7148823663392
-312.08402863902904	1462.2310747581578
-311.4685921755418	-3963.2032965441704
-310.85315571205456	3608.5807983142768
-310.2377192485673	-862.5023983738956
-309.6222827850801	-4556.144693695855
-309.00684632159283	9310.651984128785
-308.3914098581056	1154.8078113139873
-307.77597339461835	-6878.1257098435635
-307.1605369311311	5431.411251640966
-306.54510046764386	1820.2705107920447
-305.9296640041566	-6849.116637434041
-305.3142275406694	-1137.5603534009024
-304.69879107718214	-7513.9248358847635
-304.0833546136949	-727.6623869173309
-303.46791815020765	444.1811843746218
-302.8524816867204	-39.866775576190776
-302.23704522323317	-5163.826225401019
-301.6216087597459	-3518.28022888974
-301.0061722962587	-3998.2906952422563
-300.39073583277144	2424.9184082845786
-299.7752993692842	-541.2556068612976
-299.15986290579696	-1649.5632686381741
-298.5444264423097	53.41851527225299
-297.9289899788225	-4258.204780646335
-297.31355351533523	-1160.4069836777235
-296.698117051848	-3004.657386344372
-296.08268058836074	-1734.7813837725807
-295.4672441248735	562.6081985213877
-294.85180766138626	-3538.488529720199
-294.236371197899	2471.4472729738245
-293.6209347344118	-2752.1001908923045
-293.00549827092453	-1507.8828415778662
-292.3900618074373	6447.476277230531
-291.77462534395005	-4051.955761852796
-291.1591888804628	2805.838462806003
-290.54375241697556	1029.7905443232212
-289.9283159534883	-3974.3159487128105
-289.3128794900011	6508.386153798621
-288.69744302651384	-2518.004400347262
-288.0820065630266	2557.8767404835016
-287.46657009953935	5479.1178099556
-286.8511336360521	-1661.1002628805136
-286.23569717256487	-5091.635888084322
-285.6202607090776	4864.272998818669
-285.0048242455904	-787.7999651100699
-284.38938778210314	-489.0215894729281
-283.7739513186159	2781.7422618444944
-283.15851485512866	6757.307670228936
-282.5430783916414	-320.90906495288255
-281.9276419281542	1268.325071659343
-281.31220546466693	1060.586446938716
-280.6967690011797	-872.8026355823022
-280.08133253769245	-1961.8924532281944
-279.4658960742052	2663.236875825787
-278.85045961071796	3262.6390208653174
-278.2350231472307	-3889.802179079048
-277.6195866837435	-542.0593755562522
-277.00415022025624	-4001.7895911923915
-276.388713756769	-2081.0832206761443
-275.77327729328175	-480.22234799987655
-275.1578408297945	-1903.6581885476635
-274.54240436630727	-350.2170941961249
-273.92696790282	101.70299075341791
-273.3115314393328	2012.8396079122685
-272.69609497584554	991.7914715597753
-272.0806585123583	3486.3797749638943
-271.46522204887106	-2940.2482754575717
-270.8497855853838	-3075.5575963491906
-270.23434912189657	4202.818318638718
-269.61891265840933	-2853.2207175956955
-269.0034761949221	618.0551205287211
-268.38803973143484	3274.782011726935
-267.7726032679476	-3689.239039885613
-267.15716680446036	149.3465710923574
-266.5417303409731	3956.642786526212
-265.9262938774859	4608.117350195194
-265.31085741399863	-4963.904304303176
-264.6954209505114	-2925.097901615609
-264.07998448702415	-826.4455006750009
-263.4645480235369	6746.296467745347
-262.84911156004966	2767.1033424613506
-262.2336750965624	-2796.893087193789
-261.6182386330752	1335.6615577207722
-261.00280216958794	743.7575767485077
-260.3873657061007	4850.550080910285
-259.77192924261345	1222.174338872378
-259.1564927791262	-513.1592196718725
-258.54105631563897	105.0210646410087
-257.9256198521517	-6733.721147152267
-257.3101833886645	-2566.416099476729
-256.69474692517724	2664.5551626962324
-256.07931046169	379.684097957158
-255.46387399820276	981.5439274674318
-254.84843753471552	-375.4704618390256
-254.23300107122827	-3614.8102551327347
-253.61756460774103	-1183.2805298568778
-253.0021281442538	-1408.4816661127006
-252.38669168076655	-3327.806311241289
-251.7712552172793	2109.838632483792
-251.15581875379206	5267.308684830094
-250.54038229030482	-6585.961902683523
-249.92494582681758	577.1894855356825
-249.30950936333033	4042.9768061783043
-248.6940728998431	4711.203359597397
-248.07863643635585	-4800.381306128387
-247.4631999728686	-257.5274883251227
-246.84776350938137	2616.0366469756564
-246.23232704589412	2669.0146091311117
-245.61689058240688	-1308.254814098048
-245.00145411891964	-10098.590191296878
-244.3860176554324	-3150.1658004244723
-243.77058119194515	-4194.001651749619
-243.1551447284579	-3067.3935415365872
-242.53970826497067	954.3497654324779
-241.92427180148343	-4019.509658423566
-241.3088353379962	-2950.217052282978
-240.69339887450894	-2081.856607111746
-240.0779624110217	-2174.6132879178263
-239.46252594753446	2722.824093399407
-238.84708948404722	2317.74919957541
-238.23165302055997	3476.1505218004577
-237.61621655707273	4049.4025087939217
-237.0007800935855	-1574.1210961890852
-236.38534363009825	-339.37897800592964
-235.769907166611	-1226.3227901663304
-235.15447070312376	7257.96378650322
-234.53903423963652	3139.451235162978
-233.92359777614928	3035.078434226603
-233.30816131266204	-1016.0272988486709
-232.6927248491748	4731.799471753282
-232.07728838568755	7703.870982016624
-231.4618519222003	7917.531176504115
-230.84641545871307	867.1628177926445
-230.23097899522583	5667.430114249652
-229.61554253173858	2150.5413710955536
-229.00010606825134	3630.7730281601353
-228.3846696047641	2477.78445679216
-227.76923314127686	1423.3667762931732
-227.15379667778961	5704.338007637652
-226.53836021430237	5494.714918931799
-225.92292375081513	-264.3826710349149
-225.3074872873279	-1496.2463858158771
-224.69205082384065	3690.2935253412315
-224.0766143603534	-2080.893856364295
-223.46117789686616	-6057.165030169777
-222.84574143337892	11858.949091180666
-222.23030496989168	592.5570836422285
-221.61486850640443	6995.746700320452
-220.9994320429172	3273.032753979275
-220.38399557942995	704.7691546650849
-219.7685591159427	5507.044968155835
-219.15312265245547	-273.26889171956645
-218.53768618896822	5276.840161069449
-217.92224972548098	2022.5760766034782
-217.30681326199374	4233.315493162612
-216.6913767985065	1476.0884649634572
-216.07594033501925	138.1464727515795
-215.460503871532	5036.033972923147
-214.84506740804477	1901.9469379068369
-214.22963094455753	3739.27700521581
-213.61419448107029	-1913.4738397360916
-212.99875801758304	-25.666925616709705
-212.3833215540958	-2561.2713750327503
-211.76788509060856	-7847.264708426941
-211.15244862712132	31.984958320061196
-210.53701216363407	-3722.5621589701086
-209.92157570014683	-8901.47631486723
-209.3061392366596	-4910.055299832678
-208.69070277317235	1979.0395321157303
-208.0752663096851	-2981.5776924208167
-207.45982984619786	-791.4415432818314
-206.84439338271062	-2371.1694860646785
-206.22895691922338	441.5531654168972
-205.61352045573614	-602.0254943959244
-204.9980839922489	1529.4426262632815
-204.38264752876165	-952.9238793727545
-203.7672110652744	-434.8339435400958
-203.15177460178717	483.8807100856702
-202.53633813829993	-1721.7553134719383
-201.92090167481268	1047.852245871516
-201.30546521132544	759.7821218642785
-200.6900287478382	2934.803329954764
-200.07459228435096	-1792.91445560391
-199.4591558208637	-4032.9860498603575
-198.84371935737647	-2699.6011000088147
-198.22828289388923	4750.50498926267
-197.612846430402	529.1364650529649
-196.99740996691474	4668.165947798105
-196.3819735034275	-618.9202513728724
-195.76653703994026	-205.0914987860342
-195.15110057645302	1545.3788333370067
-194.53566411296578	753.9859679935216
-193.92022764947853	-4536.387706477588
-193.3047911859913	-1427.5964482710897
-192.68935472250405	-4165.856947271066
-192.0739182590168	-2852.7826193626206
-191.45848179552956	1713.4169683385771
-190.84304533204232	-560.4678003317276
-190.22760886855508	2465.2580664540346
-189.61217240506784	-3866.895851012079
-188.9967359415806	-2527.268610004221
-188.38129947809335	-6311.678034825487
-187.7658630146061	-4543.904176677559
-187.15042655111887	-2199.707918158907
-186.53499008763163	-4817.749095695128
-185.91955362414438	-1958.3700622667257
-185.30411716065714	6172.298735919341
-184.6886806971699	-1643.485225773209
-184.07324423368266	-6352.117034844119
-183.45780777019542	1022.7876557539639
-182.84237130670817	-6337.3233927609945
-182.22693484322093	-1104.3064569761736
-181.6114983797337	-3302.735773376473
-180.99606191624645	2596.025560077829
-180.3806254527592	1825.8318871467382
-179.76518898927196	2088.062641024808
-179.14975252578472	1461.4927084697847
-178.53431606229748	-2664.837264045118
-177.91887959881024	356.9222603625367
-177.303443135323	2413.0022801049618
-176.68800667183575	-1181.7033728474435
-176.0725702083485	2742.532077904172
-175.45713374486127	-3146.7183283380436
-174.84169728137402	-7484.398053219844
-174.22626081788678	1536.4071298437193
-173.61082435439954	-213.16229018098602
-172.9953878909123	237.87969728675307
-172.37995142742506	895.3570880141706
-171.7645149639378	-3197.052053088566
-171.14907850045057	-175.3533925192096
-170.53364203696333	-1596.4398993302784
-169.9182055734761	-2917.189070937704
-169.30276910998884	140.16786450484324
-168.6873326465016	-519.4258215155787
-168.07189618301436	-2345.3509944044436
-167.45645971952712	-2251.807694795316
-166.84102325603988	-1112.6949369481445
-166.22558679255263	1129.1647635566715
-165.6101503290654	979.3520049520848
-164.99471386557815	-1974.705568750007
-164.3792774020909	1530.9129503862787
-163.76384093860366	-4803.207649400731
-163.14840447511642	-261.62916868456887
-162.53296801162918	-2838.2028912722344
-161.91753154814194	-5182.211998859868
-161.3020950846547	-2313.622459917733
-160.68665862116745	-318.889408275576
-160.0712221576802	-31.69062159983514
-159.45578569419297	641.1568572120304
-158.84034923070573	-1472.5062418261186
-158.22491276721848	-645.4310789674746
-157.60947630373124	-2482.2348820876578
-156.994039840244	-9043.94920166974
-156.37860337675676	-2203.1790342726345
-155.76316691326952	-5579.027881968708
-155.14773044978227	-3461.8324971925977
-154.53229398629503	4980.190717319263
-153.9168575228078	1439.0885844256318
-153.30142105932055	-558.2563408426504
-152.6859845958333	-389.82377859314147
-152.07054813234606	-2821.8296625738985
-151.45511166885882	-6615.136935996627
-150.83967520537158	-3919.5760050641766
-150.22423874188434	-5376.401993245105
-149.6088022783971	-10192.77685651871
-148.99336581490985	-3894.939474175262
-148.3779293514226	3720.793507759472
-147.76249288793537	-1056.2074006581206
-147.14705642444812	-5542.207719725175
-146.53161996096088	-2709.0357278538395
-145.91618349747364	-2437.8402579136855
-145.3007470339864	148.59170880425518
-144.68531057049915	-1494.4186187102132
-144.0698741070119	-6315.79546710405
-143.45443764352467	902.9236846105487
-142.83900118003743	-924.3289640787916
-142.2235647165502	-10520.581953466208
-141.60812825306294	-1273.3347132965355
-140.9926917895757	-6160.935029377419
-140.37725532608846	-2183.463583615183
-139.76181886260122	4172.593091489791
-139.14638239911397	-3625.0736002360172
-138.53094593562673	-929.4097998681791
-137.9155094721395	1698.2081481196947
-137.30007300865225	-2752.5931084465665
-136.684636545165	-4713.972862849423
-136.06920008167776	-5380.888419793911
-135.45376361819052	-3459.2021154979047
-134.83832715470328	-2207.6130107605786
-134.22289069121604	-15197.697127943502
-133.6074542277288	-182.05456804244386
-132.99201776424155	-2561.198172008146
-132.3765813007543	-7874.3565623498835
-131.76114483726707	-7034.116794186462
-131.14570837377983	-4194.111097101002
-130.53027191029258	-2357.2323381310416
-129.91483544680534	-8704.400116069315
-129.2993989833181	-7919.447431883582
-128.68396251983086	-3112.7213616364606
-128.06852605634361	-5769.846067545295
-127.45308959285639	-10170.02289385246
-126.83765312936916	-787.4015507855656
-126.22221666588193	-102.8079064228441
-125.6067802023947	-3063.8030378826043
-124.99134373890747	-4034.794758449789
-124.37590727542025	-927.0225895982476
-123.76047081193302	1254.7970298590626
-123.14503434844579	-2030.1975476789667
-122.52959788495856	673.6891897340065
-121.91416142147133	15771.469052995162
-121.2987249579841	9443.416283080624
-120.68328849449688	22835.648964684307
-120.06785203100965	45623.47017144746
-119.45241556752242	69582.9564144896
-118.8369791040352	84544.08379935352
-118.22154264054797	115699.35731891548
-117.60610617706074	151506.28098389963
-116.99066971357351	190611.55449656522
-116.37523325008628	229999.402745912
-115.75979678659905	276516.68009131943
-115.14436032311183	329576.14196739846
-114.5289238596246	377648.04624995415
-113.91348739613737	426575.9544890149
-113.29805093265014	470392.2507650765
-112.68261446916291	505497.26260442904
-112.06717800567569	537459.6019545333
-111.45174154218846	554464.2551984534
-110.83630507870123	565137.1431928647
-110.220868615214	561935.2108796611
-109.60543215172677	566429.2024213277
-108.98999568823955	538882.1941497668
-108.37455922475232	511281.451029683
-107.75912276126509	480698.3323909344
-107.14368629777786	446007.55333880975
-106.52824983429063	406584.540790394
-105.9128133708034	361945.9398958286
-105.29737690731618	316487.6615330268
-104.68194044382895	281295.9325674501
-104.06650398034172	239206.22131987428
-103.4510675168545	198020.94131544663
-102.83563105336727	177805.0794685028
-102.22019458988004	138989.60821239807
-101.60475812639281	120533.74600973148
-100.98932166290558	91570.04073668816
-100.37388519941835	75388.65587833557
-99.75844873593113	56685.80632723264
-99.1430122724439	43244.341589666285
-98.52757580895667	37664.734673744504
-97.91213934546944	26671.255249278456
-97.29670288198221	18096.550076373882
-96.68126641849499	9012.951140217425
-96.06582995500776	4721.120787311211
-95.45039349152053	7726.070957348784
-94.8349570280333	-2997.905034910251
-94.21952056454607	4002.7132218707593
-93.60408410105885	-4692.662503295207
-92.98864763757162	-1754.6426657965349
-92.37321117408439	-4549.089340015722
-91.75777471059716	-5434.43688581734
-91.14233824710993	-3198.58046716997
-90.5269017836227	-3953.9660760889274
-89.91146532013548	-5545.235783354987
-89.29602885664825	-9512.184701500442
-88.68059239316102	-6396.709565032779
-88.0651559296738	-7802.835240751803
-87.44971946618656	-7214.192379186614
-86.83428300269934	-10127.553098168588
-86.21884653921211	-11416.759323322454
-85.60341007572488	-6331.831641712142
-84.98797361223765	-4370.694458725437
-84.37253714875042	-7377.032487318764
-83.7571006852632	-12350.706683663524
-83.14166422177597	-7057.5587502717935
-82.52622775828874	-6628.170254114975
-81.91079129480151	-9046.463930662238
-81.29535483131428	-3673.1947320025574
-80.67991836782706	710.3397780450323
-80.06448190433983	-7881.663205811492
-79.4490454408526	-7934.558138908007
-78.83360897736537	-9845.586811082401
-78.21817251387814	-14308.595270543225
-77.60273605039092	-8510.947733339868
-76.98729958690369	-10318.62234152179
-76.37186312341646	-7104.539205010427
-75.75642665992923	-8711.787603430752
-75.140990196442	-13749.759050632343
-74.52555373295478	-4276.963338944359
-73.91011726946755	-3337.3893639907656
-73.29468080598032	-10558.220155723313
-72.67924434249309	-6348.366336285046
-72.06380787900586	2194.078637261897
-71.44837141551864	-10024.61792942099
-70.83293495203141	-1455.9692487838292
-70.21749848854418	2918.9337948629836
-69.60206202505695	-7301.788816421882
-68.98662556156972	-8525.15565547234
-68.3711890980825	-6801.155162494437
-67.75575263459527	-2398.1332211549307
-67.14031617110804	-7399.631618102485
-66.52487970762081	-5345.288094783238
-65.90944324413358	257.40937717443376
-65.29400678064636	1071.056785774239
-64.67857031715913	-5076.208551503438
-64.0631338536719	-1327.2415608611773
-63.44769739018467	-4561.2816865919995
-62.832260926697444	-4024.1007689297367
-62.216824463210216	-7857.910962500606
-61.60138799972299	-12528.104129352487
-60.98595153623576	-10959.948907434391
-60.37051507274853	-2684.819053584941
-59.755078609261304	-284.70008210092783
-59.139642145774076	-10862.786031886088
-58.52420568228685	-9783.979990262107
-57.90876921879962	-4378.919343968009
-57.29333275531239	354.62782863301254
-56.677896291825164	-11138.883325329101
-56.062459828337936	-8226.177031465055
-55.44702336485071	-3005.718891447743
-54.83158690136348	-400.1439205102597
-54.21615043787625	-3430.3384817442
-53.60071397438902	-3154.1187739719026
-52.985277510901795	-6571.819832367653
-52.36984104741457	-11343.721706848411
-51.75440458392734	-4924.17420409682
-51.13896812044011	-12860.938664441277
-50.52353165695288	-5585.458488869412
-49.908095193465655	-918.753294256634
-49.29265872997843	1728.7682014757684
-48.6772222664912	-5321.667186206996
-48.06178580300397	-6832.725739047733
-47.44634933951674	-7759.806522909379
-46.830912876029515	-6897.844908259987
-46.21547641254229	-7338.501348538486
-45.60003994905506	-10974.863568246139
-44.98460348556783	-6857.007839774737
-44.3691670220806	-6699.665376361858
-43.753730558593375	-918.178663513334
-43.13829409510615	-9649.258203981073
-42.52285763161892	-3297.905318695217
-41.90742116813169	1032.4641385170326
-41.29198470464446	-2481.344981379152
-40.676548241157235	-5273.1653963408535
-40.06111177767001	-2673.1403848047794
-39.44567531418278	1356.815136402247
-38.83023885069555	-1311.163805043121
-38.21480238720832	-4007.736383735839
-37.599365923721095	-11846.935401689294
-36.98392946023387	-2134.910866905586
-36.36849299674664	-1141.742677107075
-35.75305653325941	-7483.624246653895
-35.13762006977218	-4865.969422123606
-34.522183606284955	-8237.206564223687
-33.90674714279773	-3212.6578067432565
-33.2913106793105	-3816.9007421919014
-32.67587421582327	1203.2264520441895
-32.06043775233604	-6206.97838953212
-31.44500128884881	-1361.7349029268826
-30.82956482536158	-3146.818511309537
-30.214128361874348	1407.5306747708091
-29.598691898387116	-6762.670741111273
-28.983255434899885	-9069.231490438393
-28.367818971412653	-2746.074521810735
-27.75238250792542	-7003.462876229565
-27.13694604443819	-4488.478695340276
-26.52150958095096	-3821.331504393138
-25.906073117463727	-4587.399970729666
-25.290636653976495	-7381.693062445385
-24.675200190489264	-7183.600479496745
-24.059763727002032	-9479.439769449627
-23.4443272635148	-8325.798208315515
-22.82889080002757	-1728.9088999321957
-22.213454336540337	-5473.685302425103
-21.598017873053106	-1158.3360693471368
-20.982581409565874	-4771.126516443832
-20.367144946078643	-873.0213379069519
-19.75170848259141	-5813.568275133812
-19.13627201910418	-3943.3075957503133
-18.520835555616948	-3552.41114261628
-17.905399092129716	128.8155348334567
-17.289962628642485	2260.985756669317
-16.674526165155253	-3860.517122907104
-16.05908970166802	-8073.9242676067715
-15.44365323818079	4644.294124029066
-14.828216774693558	-9917.501605917887
-14.212780311206327	1847.620678206339
-13.597343847719095	-7912.566367038968
-12.981907384231864	-7226.917992581108
-12.366470920744632	-305.9212324066648
-11.7510344572574	-376.5412358244357
-11.135597993770169	1989.3036843016562
-10.520161530282937	-6460.803490512564
-9.904725066795706	49.240486051685366
-9.289288603308474	-1778.7063710116472
-8.673852139821243	1772.584227177901
-8.058415676334011	-3803.4477964506677
-7.44297921284678	-3948.631521241072
-6.82754274935955	-7440.364054249601
-6.212106285872319	-6064.615606983645
-5.596669822385088	-1813.2353596676594
-4.981233358897858	-4996.678273683471
-4.365796895410627	-1938.6329661110394
-3.7503604319233963	-4012.5170871043074
-3.1349239684361656	4078.865131675764
-2.519487504948935	313.1352287266718
-1.9040510414617042	1560.528662666895
-1.2886145779744735	1514.5014642072783
-0.6731781144872429	2864.940784967098
-0.05774165100001216	-4547.01340463339
0.5576948124872185	-8930.988869675817
1.1731312759744492	-6014.402582829504
1.78856773946168	-3213.0926562971244
2.4040042029489106	-4414.31687619859
3.0194406664361413	-706.6053912328698
3.634877129923372	2333.9799208827
4.250313593410603	-7969.622135243161
4.865750056897833	30.59747913472711
5.481186520385064	-1804.3978501370402
6.096622983872295	390.24156722095177
6.712059447359525	-1038.5430848806309
7.327495910846756	-2256.1914751550885
7.942932374333987	-6415.769302128105
8.558368837821217	-6867.2454080792195
9.173805301308448	-4235.0942073428605
9.78924176479568	4628.752595251858
10.404678228282911	-6237.104935681285
11.020114691770143	-641.9416844514644
11.635551155257374	-6281.683200758095
12.250987618744606	3879.587884404932
12.866424082231838	-2600.541684638676
13.48186054571907	4482.770387977821
14.0972970092063	-5544.260800628847
14.712733472693532	-6216.696037109846
15.328169936180764	-1901.031012023961
15.943606399667996	-559.3444443393173
16.559042863155227	1264.8727081186175
17.17447932664246	1506.1163921641273
17.78991579012969	-429.2512403215019
18.405352253616922	3875.0944236390415
19.020788717104153	-2555.9403407787067
19.636225180591385	-4837.023988828116
20.251661644078617	-3338.809577746713
20.867098107565848	6157.884665256549
21.48253457105308	-1456.1276501816683
22.09797103454031	-1525.709174202159
22.713407498027543	1377.1000174546634
23.328843961514774	312.2458277288606
23.944280425002006	-1195.9536571343624
24.559716888489238	-4900.977691258906
25.17515335197647	-1881.799388244157
25.7905898154637	-2927.2401853393103
26.406026278950932	-7377.21570737348
27.021462742438164	-3001.8509146059237
27.636899205925396	3842.6007343815572
28.252335669412627	-3164.570457733513
28.86777213289986	101.32648829952632
29.48320859638709	-4420.702528708555
30.098645059874322	-3726.407530053173
30.714081523361553	433.847191875268
31.329517986848785	-6081.573119383398
31.944954450336017	-271.09968270606805
32.56039091382325	5028.142839305331
33.175827377310476	-3650.1182186705664
33.791263840797704	-2532.5980887218575
34.40670030428493	3016.622773373707
35.02213676777216	3195.199163194594
35.63757323125939	1128.8849516458258
36.253009694746616	-5724.024364507017
36.868446158233844	1074.075124970961
37.48388262172107	-8799.939765772526
38.0993190852083	-3165.7837633094423
38.71475554869553	5153.872309522417
39.330192012182756	494.34767715488624
39.945628475669984	3450.8915460774874
40.56106493915721	1516.4302357990393
41.17650140264444	-857.2320083555406
41.79193786613167	863.9225081393
42.4073743296189	-1003.2499182288097
43.022810793106125	-2319.8230434851976
43.63824725659335	-2060.6661006902423
44.25368372008058	358.0955371765576
44.86912018356781	3610.395288121573
45.48455664705504	888.0478765723747
46.099993110542265	5666.557606216591
46.71542957402949	5542.495449122063
47.33086603751672	2876.175119286934
47.94630250100395	2248.065607516199
48.56173896449118	768.2125903538899
49.177175427978405	835.4468851093909
49.79261189146563	3285.5573072099337
50.40804835495286	1657.9507300058256
51.02348481844009	3907.859875624634
51.63892128192732	1168.9987575407608
52.254357745414545	1233.97325149061
52.86979420890177	-3040.1309389875946
53.485230672389	-1971.0237057497784
54.10066713587623	2799.395621896797
54.71610359936346	682.3658302523982
55.331540062850685	4804.852839796814
55.94697652633791	3137.91357869626
56.56241298982514	162.78288430421935
57.17784945331237	-1420.0940327977037
57.7932859167996	-5717.668313440194
58.408722380286825	8277.892004487188
59.02415884377405	6459.857534175897
59.63959530726128	2869.9363018815257
60.25503177074851	558.1078022913389
60.87046823423574	2611.210984017268
61.485904697722965	-1274.7841197805358
62.10134116121019	-5416.412279282922
62.71677762469742	-1546.0749685249648
63.33221408818465	4795.540675228769
63.94765055167188	-161.77656775050173
64.56308701515911	8470.891489161071
65.17852347864634	-1284.8885912390442
65.79395994213357	-385.9845130336512
66.4093964056208	1680.4032649789583
67.02483286910802	6499.2729489165395
67.64026933259525	4940.415646760765
68.25570579608248	687.4413249564036
68.87114225956971	7099.863656868513
69.48657872305694	732.4272674185258
70.10201518654416	-911.1888737916684
70.71745165003139	-4892.221591234045
71.33288811351862	7728.37135452045
71.94832457700585	8331.55746335343
72.56376104049308	794.6058092301482
73.1791975039803	3498.981088881761
73.79463396746753	953.7807879514248
74.41007043095476	4370.242908845497
75.02550689444199	2123.8779565333252
75.64094335792922	1509.1811509447825
76.25637982141644	3231.883492199091
76.87181628490367	124.71214122770107
77.4872527483909	4388.123233500085
78.10268921187813	-1710.7592685309464
78.71812567536536	-1841.5402866547556
79.33356213885259	5782.9102176569895
79.94899860233981	-3975.956934151108
80.56443506582704	-3252.9219116463805
81.17987152931427	-3253.373518236541
81.7953079928015	10543.031452268451
82.41074445628873	5192.480636190112
83.02618091977595	-3116.356921382709
83.64161738326318	246.82752310594879
84.25705384675041	2949.1422122472404
84.87249031023764	-365.47012460015685
85.48792677372487	3349.7123239028424
86.1033632372121	4683.364769668046
86.71879970069932	334.11908233686154
87.33423616418655	3040.448086984725
87.94967262767378	4193.460356376685
88.565109091161	3413.3798926568616
89.18054555464823	6492.517491878902
89.79598201813546	-388.87545134637094
90.41141848162269	3215.214735169646
91.02685494510992	-1632.9272119734114
91.64229140859715	-4852.535173394158
92.25772787208437	2434.5380278343455
92.8731643355716	5043.522977535099
93.48860079905883	-1660.3667569143545
94.10403726254606	-3715.7535316952203
94.71947372603329	4189.911656558696
95.33491018952051	3304.6757498811276
95.95034665300774	-1193.9325999175162
96.56578311649497	-3456.5394336142544
97.1812195799822	-362.6430132858213
97.79665604346943	-1100.2153678430986
98.41209250695665	3460.039565516474
99.02752897044388	3060.2705940842097
99.64296543393111	3349.6719486787388
100.25840189741834	-345.8183271450316
100.87383836090557	-104.88896304254831
101.4892748243928	-2884.7551728946773
102.10471128788002	2582.7845586909298
102.72014775136725	-1162.533237868608
103.33558421485448	-5715.328033391084
103.9510206783417	-7418.273466652659
104.56645714182893	-4705.3820285576
105.18189360531616	3251.4624268575935
105.79733006880339	4905.048200591926
106.41276653229062	-882.4002544794093
107.02820299577785	-3505.5107311203474
107.64363945926507	2100.7604525328843
108.2590759227523	-107.83425394168444
108.87451238623953	3164.4973271447852
109.48994884972676	-1030.019797540377
110.10538531321399	1740.833773719949
110.72082177670121	-1929.817072022527
111.33625824018844	-877.689620744195
111.95169470367567	4295.582704008781
112.5671311671629	2015.2646399941186
113.18256763065013	-1256.7738294521987
113.79800409413735	10008.36612361184
114.41344055762458	-2351.735567229749
115.02887702111181	746.7233802830124
115.64431348459904	3543.7556595027254
116.25974994808627	930.9052725585952
116.8751864115735	5266.351142385765
117.49062287506072	-5898.280455207338
118.10605933854795	-2633.1480562314155
118.72149580203518	4235.261389517296
119.3369322655224	1667.3309270217615
119.95236872900963	2723.5467119885834
120.56780519249686	-5745.136885070787
121.18324165598409	-2270.3518261353674
121.79867811947132	2380.464767960002
122.41411458295855	-3235.292950709607
123.02955104644577	823.7286313929908
123.644987509933	-6.216937758261338
124.26042397342023	4074.861233532458
124.87586043690746	-2627.9362419247173
125.49129690039469	-2484.5805436348337
126.10673336388192	3069.5917743240934
126.72216982736914	-4411.107632968752
127.33760629085637	1213.6387624621912
127.9530427543436	7600.217015768989
128.56847921783083	768.5043363145305
129.18391568131807	2606.485973885183
129.7993521448053	-1601.405903000119
130.41478860829255	-4266.182854971037
131.0302250717798	3320.605497042843
131.64566153526704	8744.421834574314
132.26109799875428	-1372.206537753229
132.87653446224152	-1140.0064999131573
133.49197092572876	827.3280204614985
134.107407389216	-1254.9880833281995
134.72284385270325	-2167.6416492515873
135.3382803161905	730.3319742171461
135.95371677967773	-4361.0433797537235
136.56915324316498	-4282.538905490632
137.18458970665222	-9782.458521734183
137.80002617013946	2431.415190976253
138.4154626336267	-2402.0560720016583
139.03089909711395	329.00163461229386
139.6463355606012	7884.367275017685
140.26177202408843	3179.69969854209
140.87720848757567	285.19158348363817
141.4926449510629	2382.934304910852
142.10808141455016	256.1940737478981
142.7235178780374	1334.1792141614787
143.33895434152464	5882.79971524792
143.95439080501188	-4139.42777083922
144.56982726849913	-3548.3327709101795
145.18526373198637	-4434.655106531216
145.8007001954736	258.5382917323568
146.41613665896085	2009.039938117954
147.0315731224481	-4613.092369054704
147.64700958593534	1187.9884112221807
148.26244604942258	-1358.5415983846215
148.87788251290982	976.0306518085454
149.49331897639706	4407.024375959994
150.1087554398843	5376.117810225038
150.72419190337155	-186.8868750244419
151.3396283668588	674.1860703877865
151.95506483034603	-221.91874367787022
152.57050129383327	-9522.187731356262
153.18593775732052	-1349.0317503381557
153.80137422080776	-1904.6763772908744
154.416810684295	2197.2835176503922
155.03224714778224	-582.50148877418
155.64768361126949	-2833.321442515765
156.26312007475673	2545.6668537144997
156.87855653824397	4149.905306413464
157.4939930017312	-4717.765333875287
158.10942946521845	895.181580546825
158.7248659287057	8832.15447852893
159.34030239219294	1579.7904399735307
159.95573885568018	742.9145641126361
160.57117531916742	534.1961017235917
161.18661178265467	-3455.9053989238982
161.8020482461419	10065.934749421558
162.41748470962915	3032.1507194834994
163.0329211731164	1392.2793826999205
163.64835763660363	-2043.091228958393
164.26379410009088	-1586.7630773195715
164.87923056357812	-6042.7937115546765
165.49466702706536	-6641.489435649242
166.1101034905526	2997.798776423253
166.72553995403985	-6675.30936123579
167.3409764175271	4223.0080775590595
167.95641288101433	-3511.3386065427976
168.57184934450157	-4312.942588262953
169.18728580798881	-2967.6890871938713
169.80272227147606	-5798.773014669718
170.4181587349633	-1469.4545957503706
171.03359519845054	-7966.380289784652
171.64903166193778	-1328.146081741148
172.26446812542503	3138.382168100192
172.87990458891227	3713.169390830217
173.4953410523995	4124.374023649734
174.11077751588675	4264.247810837069
174.726213979374	-3260.725521998793
175.34165044286124	5185.3878957221605
175.95708690634848	-2753.9312508499434
176.57252336983572	5038.3977405264195
177.18795983332296	-5470.731524671577
177.8033962968102	4733.152300825717
178.41883276029745	485.03526413364943
179.0342692237847	-1408.9011121264393
179.64970568727193	-439.54675233269154
180.26514215075917	1368.9442838695722
180.88057861424642	169.23757180733446
181.49601507773366	310.51050635571664
182.1114515412209	-10067.46711303352
182.72688800470814	-4072.4814611907314
183.3423244681954	-2585.929461828251
183.95776093168263	-1148.6999098227152
184.57319739516987	-1213.692534021363
185.1886338586571	3301.4998042461684
185.80407032214436	-2280.423440700977
186.4195067856316	-2934.235282667154
187.03494324911884	-1834.1279941559533
187.65037971260608	3702.846472762676
188.26581617609332	1083.2884221961212
188.88125263958057	-6400.40608082047
189.4966891030678	-5557.943488865172
190.11212556655505	3628.210221111299
190.7275620300423	-2126.328422859171
191.34299849352954	192.17969856678155
191.95843495701678	-926.2158771971626
192.57387142050402	-583.579716763159
193.18930788399126	2732.9840619060387
193.8047443474785	-836.6218004839766
194.42018081096575	136.2700726378198
195.035617274453	-1568.775421848678
195.65105373794023	-6534.461708098941
196.26649020142747	-2911.8598541607425
196.88192666491472	1538.0852843014127
197.49736312840196	1826.8224835312403
198.1127995918892	-4227.491751653073
198.72823605537644	5764.271782821013
199.34367251886368	-7293.667902107355
199.95910898235093	2548.623249845469
200.57454544583817	1176.5269280671637
201.1899819093254	-11045.756823885251
201.80541837281265	-136.86639058690253
202.4208548362999	-5621.526355329543
203.03629129978714	1079.671796325597
203.65172776327438	-7015.817303811182
204.26716422676162	-5313.380167587675
204.88260069024886	-2640.510851179163
205.4980371537361	-1355.0093891095812
206.11347361722335	965.3192025447797
206.7289100807106	-1604.0979643584396
207.34434654419783	3434.6209571966547
207.95978300768508	-7460.9120655237175
208.57521947117232	2026.5812814653564
209.19065593465956	3523.846325261863
209.8060923981468	3493.8078233121896
210.42152886163404	-2956.4480860558174
211.0369653251213	-4088.9123598231217
211.65240178860853	-1655.2234307883955
212.26783825209577	84.45269049325907
212.883274715583	1720.6346397685957
213.49871117907026	-3858.7331517619673
214.1141476425575	-2106.2089121831805
214.72958410604474	-860.7277020154143
215.34502056953198	6254.4024413824045
215.96045703301922	-1276.0361851825814
216.57589349650647	708.8920191234838
217.1913299599937	-3384.7182795271437
217.80676642348095	2152.396752045235
218.4222028869682	6539.219548786712
219.03763935045544	-285.81555996696534
219.65307581394268	834.3216672475219
220.26851227742992	-708.3215174075867
220.88394874091716	2131.9486952774496
221.4993852044044	6360.082771938856
222.11482166789165	4159.053775963797
222.7302581313789	5357.53839150077
223.34569459486613	4283.690016928804
223.96113105835337	-4177.904431778918
224.57656752184062	5261.381855641928
225.19200398532786	679.4588675241876
225.8074404488151	-7274.992199175562
226.42287691230234	-5617.508955074591
227.03831337578958	266.3010227377181
227.65374983927683	3217.896335980193
228.26918630276407	7887.662705815554
228.8846227662513	-3553.583199486551
229.50005922973855	-5073.729281707765
230.1154956932258	5594.38829644806
230.73093215671304	484.02557567455005
231.34636862020028	-1074.3695739091982
231.96180508368752	-7374.544116586541
232.57724154717476	-1934.2503245471753
233.192678010662	-3411.2218846583146
233.80811447414925	4802.368584193086
234.4235509376365	4826.78409931695
235.03898740112373	-2388.9585758522
235.65442386461098	3613.774477128248
236.26986032809822	3650.2297144698896
236.88529679158546	2785.133970582254
237.5007332550727	1651.4420593351942
238.11616971855995	7643.6570632101975
238.7316061820472	-321.41620121793403
239.34704264553443	-5982.48477722953
239.96247910902167	-181.86316469449775
240.5779155725089	-1137.8901249251783
241.19335203599616	-1663.0750796061911
241.8087884994834	-3488.473747008528
242.42422496297064	1187.4087996955386
243.03966142645788	-6767.972213582205
243.65509788994513	3683.705080657006
244.27053435343237	2489.9056330611656
244.8859708169196	4899.194796964599
245.50140728040685	-2484.693458936944
246.1168437438941	-3577.5298925638585
246.73228020738134	-866.0969896794084
247.34771667086858	-1664.310748217995
247.96315313435582	-3248.7894831353847
248.57858959784306	-1583.4137546066195
249.1940260613303	-6876.629069568209
249.80946252481755	788.4147051316218
250.4248989883048	1835.6645922298103
251.04033545179203	-1858.5765152491695
251.65577191527927	-1799.074842337118
252.27120837876652	680.6901169998077
252.88664484225376	-2254.8593966687004
253.502081305741	-1055.0098944796293
254.11751776922824	1378.9362609894915
254.73295423271549	3236.085858891801
255.34839069620273	4607.3471396379955
255.96382715968997	-6962.965539237194
256.5792636231772	3921.7471983141804
257.19470008666445	372.0157564474157
257.8101365501517	2339.6489641302214
258.42557301363894	2473.596449256678
259.0410094771262	-1949.1646674886395
259.6564459406134	7946.472788586589
260.27188240410067	6769.13456367336
260.8873188675879	-2428.61956539796
261.50275533107515	-2229.7577783151164
262.1181917945624	-3351.5488764022334
262.73362825804963	2184.51106789857
263.3490647215369	4371.2311691272025
263.9645011850241	681.9174216802653
264.57993764851136	3217.8929337781883
265.1953741119986	-5583.577985770973
265.81081057548585	-3140.0147633999495
266.4262470389731	-1475.0061173550157
267.04168350246033	1813.7219252049758
267.6571199659476	993.6104609314107
268.2725564294348	6592.941585673427
268.88799289292206	-3041.9550338838453
269.5034293564093	2086.543422563323
270.11886581989654	2640.1491510523347
270.7343022833838	-963.5663781777553