# File created = Thursday, July 10, 2025 at 4:29:01 PM Mountain Standard Time
# Data set = Si29Direct_SAA_sample_600sD1.fid  1  1  /Users/yarger/Data/NMR/Si29Direct_SAA_sample_600sD1
# Spectral Region:
# LEFT = 0.0 s. RIGHT = 0.04096 s.
#
# SIZE = 4096 ( = number of points)
#
# In the following ordering is from the 'left' to the 'right' limits!
# Lines beginning with '#' must be considered as comment lines.
#
-1991372.0
-4422601.0
-7835092.0
-1.1001832E7
-1.2642787E7
-1.1947718E7
-8909340.0
-4332590.0
473915.0
4187135.0
5935993.0
5563884.0
3602081.0
991808.0
-1310505.0
-2677783.0
-2978719.0
-2524743.0
-1849970.0
-1437542.0
-1512938.0
-1981531.0
-2517731.0
-2748452.0
-2440316.0
-1608111.0
-503783.0
499878.0
1072493.0
1061740.0
543472.0
-231052.0
-961684.0
-1438070.0
-1624428.0
-1650004.0
-1709737.0
-1924347.0
-2232692.0
-2379052.0
-2016055.0
-887055.0
994063.0
3258906.0
5256544.0
6274794.0
5831472.0
3912173.0
1039818.0
-1875440.0
-3863358.0
-4271709.0
-3035922.0
-717336.0
1718157.0
3296340.0
3440215.0
2209670.0
268520.0
-1409431.0
-1968159.0
-1043835.0
1077654.0
3586552.0
5498495.0
6069426.0
5093379.0
2958410.0
448387.0
-1607897.0
-2676455.0
-2698249.0
-2043981.0
-1285558.0
-906975.0
-1094845.0
-1698244.0
-2358140.0
-2724121.0
-2640643.0
-2210647.0
-1714508.0
-1438403.0
-1509473.0
-1825336.0
-2110907.0
-2066815.0
-1527397.0
-545480.0
636203.0
1705468.0
2424582.0
2721174.0
2683263.0
2470569.0
2200271.0
1876987.0
1408493.0
696909.0
-250926.0
-1264556.0
-2046808.0
-2297994.0
-1867666.0
-853312.0
412686.0
1491534.0
2025853.0
1897063.0
1273986.0
525809.0
39477.0
29679.0
434723.0
950275.0
1185365.0
864757.0
-21379.0
-1194077.0
-2200631.0
-2613268.0
-2217025.0
-1099135.0
398593.0
1836512.0
2864040.0
3347175.0
3380687.0
3189213.0
2977154.0
2810528.0
2593712.0
2151071.0
1366030.0
297543.0
-796108.0
-1548560.0
-1652396.0
-1019159.0
152885.0
1446383.0
2404329.0
2738930.0
2467054.0
1899662.0
1481219.0
1550114.0
2135684.0
2897953.0
3253864.0
2645808.0
835453.0
-1916004.0
-4877608.0
-7094556.0
-7757712.0
-6542435.0
-3767653.0
-298444.0
2775544.0
4555702.0
4671605.0
3399761.0
1517728.0
-39200.0
-568868.0
125019.0
1687202.0
3398721.0
4503955.0
4528017.0
3449992.0
1670554.0
-192144.0
-1571839.0
-2164205.0
-1993924.0
-1330644.0
-517165.0
194092.0
718766.0
1110536.0
1462330.0
1810546.0
2103393.0
2248634.0
2203151.0
2038087.0
1926144.0
2045213.0
2447761.0
2975543.0
3284036.0
2985410.0
1850893.0
-29379.0
-2222233.0
-4095507.0
-5078262.0
-4919311.0
-3815743.0
-2337347.0
-1168975.0
-784619.0
-1207970.0
-1981024.0
-2367817.0
-1708037.0
240429.0
3132418.0
6126475.0
8204121.0
8580110.0
7023510.0
3949450.0
245164.0
-3087487.0
-5312415.0
-6198815.0
-6026811.0
-5375795.0
-4808056.0
-4599812.0
-4639621.0
-4529359.0
-3827636.0
-2313520.0
-145660.0
2154888.0
3888414.0
4445603.0
3548773.0
1369492.0
-1518900.0
-4330158.0
-6322179.0
-7031180.0
-6407259.0
-4813468.0
-2895447.0
-1366816.0
-777986.0
-1339480.0
-2855153.0
-4788854.0
-6446802.0
-7217946.0
-6789745.0
-5259295.0
-3093678.0
-949810.0
577890.0
1179960.0
930991.0
223363.0
-432565.0
-647633.0
-318381.0
361682.0
1046572.0
1460161.0
1574996.0
1644426.0
2059100.0
3093593.0
4675368.0
6309577.0
7223653.0
6686825.0
4365088.0
541432.0
-3916238.0
-7843258.0
-1.0205282E7
-1.0478962E7
-8820293.0
-5953437.0
-2842786.0
-307922.0
1242334.0
1851018.0
1842655.0
1560300.0
1165808.0
610145.0
-225899.0
-1324522.0
-2404499.0
-2979397.0
-2596062.0
-1134890.0
1001764.0
2947585.0
3691929.0
2536073.0
-526637.0
-4704342.0
-8654147.0
-1.0998199E7
-1.088948E7
-8374730.0
-4387471.0
-370131.0
2308218.0
2882503.0
1444973.0
-1171651.0
-3804571.0
-5463372.0
-5699385.0
-4698611.0
-3095524.0
-1632042.0
-839096.0
-879113.0
-1586255.0
-2636422.0
-3726325.0
-4662442.0
-5335960.0
-5639363.0
-5415702.0
-4502758.0
-2860774.0
-701607.0
1484681.0
3063799.0
3518406.0
2717410.0
1046418.0
-694670.0
-1608868.0
-1100936.0
830830.0
3560327.0
6089112.0
7482389.0
7283472.0
5709666.0
3535775.0
1722928.0
974247.0
1432420.0
2660347.0
3902209.0
4482117.0
4132495.0
3087034.0
1900396.0
1102142.0
879224.0
964712.0
798502.0
-122777.0
-1896384.0
-4062508.0
-5752495.0
-6082686.0
-4607541.0
-1603501.0
1972490.0
4852090.0
5994194.0
5047129.0
2516962.0
-442785.0
-2530753.0
-2864349.0
-1361024.0
1232454.0
3669882.0
4742982.0
3788800.0
952141.0
-2896084.0
-6531320.0
-8865710.0
-9346831.0
-8111055.0
-5853813.0
-3499552.0
-1826720.0
-1202298.0
-1514984.0
-2302568.0
-2990958.0
-3130631.0
-2537702.0
-1303419.0
302245.0
1967980.0
3451132.0
4619604.0
5426010.0
5848015.0
5840444.0
5331917.0
4270195.0
2691053.0
769340.0
-1184434.0
-2795114.0
-3742276.0
-3881947.0
-3316077.0
-2370862.0
-1480756.0
-1017127.0
-1130655.0
-1679268.0
-2283278.0
-2495924.0
-2022559.0
-890869.0
514144.0
1583110.0
1740227.0
719268.0
-1269694.0
-3572269.0
-5325800.0
-5810151.0
-4763191.0
-2515835.0
125041.0
2205661.0
3026866.0
2439477.0
897903.0
-755668.0
-1679960.0
-1418038.0
-98436.0
1638300.0
2950558.0
3194901.0
2223732.0
442259.0
-1396879.0
-2556027.0
-2652789.0
-1813883.0
-574078.0
420135.0
746231.0
408585.0
-192177.0
-502339.0
-139455.0
875379.0
2103100.0
2902685.0
2769593.0
1622252.0
-115221.0
-1685006.0
-2344581.0
-1723820.0
-13590.0
2109863.0
3791303.0
4386983.0
3751507.0
2284890.0
721701.0
-229939.0
-220559.0
598249.0
1684907.0
2408893.0
2384651.0
1667400.0
712075.0
117861.0
290442.0
1197283.0
2346566.0
3009767.0
2585608.0
929250.0
-1518326.0
-3874614.0
-5179008.0
-4816109.0
-2807808.0
160973.0
3000236.0
4648451.0
4497163.0
2627933.0
-233516.0
-3018782.0
-4740501.0
-4860209.0
-3455353.0
-1132896.0
1254536.0
2956995.0
3592327.0
3229405.0
2277255.0
1251462.0
533795.0
230687.0
180861.0
90177.0
-283306.0
-986357.0
-1834315.0
-2491874.0
-2627170.0
-2065858.0
-877429.0
639201.0
2058548.0
2973039.0
3121987.0
2462595.0
1169213.0
-425706.0
-1921358.0
-2942717.0
-3222839.0
-2665813.0
-1383803.0
303905.0
1925032.0
2968365.0
3041567.0
2027111.0
171621.0
-1948541.0
-3602497.0
-4176689.0
-3443369.0
-1705506.0
268450.0
1524839.0
1326712.0
-486081.0
-3345889.0
-6109057.0
-7478510.0
-6539959.0
-3188513.0
1748406.0
6767241.0
1.023838E7
1.1032978E7
8967202.0
4875262.0
277821.0
-3215485.0
-4518663.0
-3444827.0
-701260.0
2470475.0
4832907.0
5628015.0
4794893.0
2866895.0
636077.0
-1229956.0
-2432992.0
-3054863.0
-3367485.0
-3577353.0
-3662198.0
-3393202.0
-2522874.0
-1019119.0
805266.0
2364099.0
3055268.0
2580282.0
1155061.0
-515974.0
-1516736.0
-1133148.0
787769.0
3710292.0
6588497.0
8283893.0
8042029.0
5817776.0
2306017.0
-1333704.0
-3935640.0
-4771335.0
-3795900.0
-1609659.0
825849.0
2579480.0
3081436.0
2270731.0
528610.0
-1539839.0
-3361521.0
-4579816.0
-5110251.0
-5076041.0
-4680882.0
-4089186.0
-3363209.0
-2469531.0
-1334942.0
82859.0
1740689.0
3488743.0
5086677.0
6252251.0
6732811.0
6384368.0
5235762.0
3510938.0
1588216.0
-104362.0
-1228837.0
-1658404.0
-1521965.0
-1139990.0
-868117.0
-914352.0
-1218967.0
-1466183.0
-1237314.0
-242781.0
1477879.0
3494794.0
5112259.0
5636484.0
4669224.0
2289599.0
-965583.0
-4317232.0
-7053873.0
-8788491.0
-9542978.0
-9630484.0
-9410910.0
-9059531.0
-8478109.0
-7396476.0
-5603688.0
-3170809.0
-525966.0
1680175.0
2863954.0
2806308.0
1795607.0
525646.0
-215419.0
83181.0
1408829.0
3231931.0
4763175.0
5330180.0
4680378.0
3057745.0
1023634.0
-869242.0
-2361769.0
-3570123.0
-4820052.0
-6335786.0
-7977649.0
-9205341.0
-9321165.0
-7883376.0
-5064698.0
-1734269.0
829453.0
1493571.0
-164944.0
-3576264.0
-7347593.0
-9839490.0
-9893251.0
-7363450.0
-3190428.0
1034226.0
3806648.0
4396658.0
3144774.0
1225377.0
-1786.0
279023.0
1902969.0
3807503.0
4597132.0
3304432.0
-43235.0
-4348540.0
-7911750.0
-9217592.0
-7653814.0
-3804597.0
827474.0
4532410.0
6183470.0
5717269.0
4072374.0
2629490.0
2446549.0
3682353.0
5503509.0
6522637.0
5546278.0
2254102.0
-2535971.0
-7157585.0
-9809002.0
-9352540.0
-5824825.0
-425228.0
4999943.0
8726547.0
9818958.0
8405124.0
5470970.0
2312877.0
-66598.0
-1334460.0
-1824784.0
-2204256.0
-3008884.0
-4300023.0
-5608047.0
-6176150.0
-5366881.0
-3021938.0
400148.0
3968972.0
6636447.0
7637808.0
6769204.0
4439051.0
1493253.0
-1096686.0
-2554385.0
-2516978.0
-1095084.0
1219108.0
3743655.0
5828385.0
7041048.0
7270916.0
6726156.0
5827560.0
5030128.0
4630915.0
4635922.0
4748057.0
4497176.0
3472418.0
1561757.0
-916183.0
-3269271.0
-4679073.0
-4546262.0
-2782133.0
97666.0
3140672.0
5330001.0
6002857.0
5124379.0
3285411.0
1419417.0
367817.0
497990.0
1554721.0
2813233.0
3454856.0
2978078.0
1442913.0
-567311.0
-2239583.0
-2926085.0
-2440157.0
-1110172.0
422870.0
1545850.0
1967445.0
1813782.0
1487076.0
1379120.0
1609215.0
1938922.0
1914335.0
1156296.0
-367829.0
-2252288.0
-3807027.0
-4389142.0
-3741902.0
-2159917.0
-384776.0
725756.0
593536.0
-815545.0
-2987627.0
-5112678.0
-6458125.0
-6673633.0
-5881216.0
-4524978.0
-3083931.0
-1819182.0
-697033.0
479491.0
1824561.0
3174073.0
4080381.0
4026312.0
2752733.0
511605.0
-1922973.0
-3534367.0
-3524487.0
-1734870.0
1196680.0
4052566.0
5552848.0
4945454.0
2390557.0
-1054241.0
-3858361.0
-4669629.0
-2900754.0
1012866.0
5796029.0
9867285.0
1.1977881E7
1.1673662E7
9391922.0
6180426.0
3195385.0
1220011.0
411741.0
359951.0
384833.0
-93577.0
-1296142.0
-3037222.0
-4875130.0
-6353675.0
-7202003.0
-7404519.0
-7134947.0
-6620064.0
-6022533.0
-5402442.0
-4758105.0
-4096955.0
-3475726.0
-2979185.0
-2655860.0
-2464065.0
-2278731.0
-1969936.0
-1512107.0
-1052418.0
-879821.0
-1288945.0
-2397740.0
-4016355.0
-5652086.0
-6672868.0
-6570039.0
-5202289.0
-2900080.0
-368126.0
1583710.0
2368504.0
1865667.0
471659.0
-1064430.0
-1948487.0
-1660375.0
-153400.0
2139657.0
4483700.0
6119479.0
6530176.0
5601836.0
3634637.0
1219980.0
-960604.0
-2345397.0
-2652033.0
-1949242.0
-626651.0
730228.0
1531717.0
1392631.0
291720.0
-1384075.0
-2948909.0
-3665078.0
-3048737.0
-1111963.0
1576092.0
4063861.0
5382206.0
4958551.0
2897878.0
-10991.0
-2591472.0
-3766208.0
-3025193.0
-659603.0
2356366.0
4792972.0
5710672.0
4870349.0
2812152.0
562756.0
-889134.0
-1092781.0
-361818.0
391044.0
136309.0
-1708152.0
-4913314.0
-8465585.0
-1.0985308E7
-1.1345541E7
-9197552.0
-5150113.0
-514253.0
3266580.0
5231212.0
5272469.0
4099724.0
2826008.0
2392793.0
3116449.0
4570615.0
5846107.0
6042894.0
4740192.0
2212405.0
-704953.0
-3016543.0
-4023434.0
-3605640.0
-2202632.0
-524801.0
834310.0
1673249.0
2204864.0
2829051.0
3797601.0
4971526.0
5819834.0
5675258.0
4118418.0
1283941.0
-2087132.0
-4899726.0
-6157608.0
-5406450.0
-2954203.0
240771.0
2966006.0
4254237.0
3759836.0
1850517.0
-609178.0
-2663378.0
-3662173.0
-3474471.0
-2443387.0
-1140398.0
-63960.0
563491.0
816425.0
927071.0
1091192.0
1341288.0
1556961.0
1593045.0
1432602.0
1256083.0
1368069.0
2010327.0
3164268.0
4464078.0
5290934.0
5024285.0
3338074.0
396309.0
-3156433.0
-6417006.0
-8561788.0
-9146972.0
-8235903.0
-6304101.0
-3981581.0
-1768472.0
134778.0
1808801.0
3438040.0
5089617.0
6584079.0
7539948.0
7574188.0
6548409.0
4716890.0
2677495.0
1129155.0
546987.0
940777.0
1832287.0
2482734.0
2273793.0
1058457.0
-700906.0
-2096287.0
-2184119.0
-460170.0
2827133.0
6688928.0
9753442.0
1.0828066E7
9423513.0
6004271.0
1844032.0
-1463378.0
-2635400.0
-1209205.0
2284395.0
6548103.0
1.0041871E7
1.157797E7
1.0742606E7
7985412.0
4366840.0
1096395.0
-930483.0
-1409625.0
-631494.0
750256.0
2050610.0
2826755.0
2985089.0
2706566.0
2262785.0
1836100.0
1436656.0
944845.0
236224.0
-695124.0
-1690807.0
-2487063.0
-2844682.0
-2676537.0
-2101276.0
-1392513.0
-849212.0
-654374.0
-794081.0
-1075940.0
-1233619.0
-1060691.0
-504960.0
320962.0
1210553.0
1970646.0
2504100.0
2825448.0
3008729.0
3107363.0
3102069.0
2915129.0
2487199.0
1870473.0
1274353.0
1019194.0
1402246.0
2532634.0
4220019.0
5986615.0
7218268.0
7402167.0
6350199.0
4304070.0
1865673.0
-226672.0
-1384275.0
-1393728.0
-484520.0
788962.0
1795910.0
2096211.0
1609664.0
619020.0
-383941.0
-930535.0
-777139.0
9441.0
1109285.0
2108010.0
2673220.0
2666800.0
2152073.0
1311632.0
334243.0
-662974.0
-1639445.0
-2572406.0
-3382713.0
-3902498.0
-3917130.0
-3268929.0
-1970118.0
-259925.0
1436382.0
2641637.0
3001368.0
2422730.0
1114739.0
-489512.0
-1894980.0
-2720941.0
-2818371.0
-2286135.0
-1391850.0
-444613.0
317935.0
782102.0
940776.0
833810.0
491662.0
-81050.0
-874313.0
-1817619.0
-2741491.0
-3388749.0
-3481766.0
-2820612.0
-1368267.0
717177.0
3119166.0
5452524.0
7368180.0
8631541.0
9150159.0
8952587.0
8141503.0
6849735.0
5217117.0
3387219.0
1508781.0
-274405.0
-1849320.0
-3162837.0
-4232843.0
-5126119.0
-5906857.0
-6580807.0
-7069190.0
-7235631.0
-6961458.0
-6234230.0
-5199064.0
-4133921.0
-3346037.0
-3030578.0
-3160651.0
-3472617.0
-3570163.0
-3112089.0
-2000701.0
-476386.0
940877.0
1653825.0
1253978.0
-266786.0
-2462041.0
-4571837.0
-5810111.0
-5681352.0
-4191778.0
-1862903.0
460757.0
1930594.0
2008749.0
654567.0
-1682707.0
-4247608.0
-6252894.0
-7133896.0
-6695691.0
-5121892.0
-2871610.0
-524317.0
1368861.0
2395174.0
2348740.0
1268433.0
-551507.0
-2592603.0
-4207613.0
-4787280.0
-3967227.0
-1803393.0
1171043.0
4065789.0
5920073.0
6063748.0
4407816.0
1527945.0
-1519568.0
-3595219.0
-3930975.0
-2448068.0
206665.0
2930478.0
4627848.0
4664692.0
3113352.0
683559.0
-1620439.0
-2950877.0
-2964239.0
-1910819.0
-440609.0
761222.0
1317642.0
1309945.0
1169275.0
1380980.0
2169753.0
3339919.0
4358784.0
4638169.0
3860787.0
2172190.0
129981.0
-1567221.0
-2428032.0
-2405791.0
-1894160.0
-1479565.0
-1583758.0
-2195250.0
-2847100.0
-2868441.0
-1785604.0
343006.0
2853277.0
4730050.0
5084944.0
3625054.0
867668.0
-2029457.0
-3764736.0
-3490689.0
-1226392.0
2122109.0
5154316.0
6601394.0
5891473.0
3388004.0
193632.0
-2377697.0
-3400245.0
-2720327.0
-951846.0
892784.0
1934598.0
1850450.0
982213.0
98141.0
-49185.0
872793.0
2618346.0
4519261.0
5852650.0
6210327.0
5668994.0
4679369.0
3752960.0
3137862.0
2677629.0
1938776.0
533894.0
-1552145.0
-3836763.0
-5512434.0
-5846878.0
-4602071.0
-2235076.0
254025.0
1778384.0
1707569.0
218661.0
-1740333.0
-2879755.0
-2193310.0
526043.0
4539492.0
8466864.0
1.0901172E7
1.1037655E7
9015170.0
5812192.0
2761401.0
932224.0
686203.0
1609832.0
2829043.0
3515080.0
3304406.0
2417808.0
1438516.0
898733.0
925265.0
1153841.0
962597.0
-112323.0
-2026895.0
-4163074.0
-5608071.0
-5642592.0
-4172211.0
-1850810.0
198134.0
938421.0
-29325.0
-2224433.0
-4499109.0
-5619048.0
-4920599.0
-2697028.0
-93340.0
1460387.0
1000931.0
-1418730.0
-4683068.0
-7122342.0
-7341198.0
-4956472.0
-861638.0
3139220.0
5171733.0
4205633.0
593638.0
-4040679.0
-7527082.0
-8146356.0
-5427288.0
-364556.0
5040595.0
8689557.0
9307902.0
6947956.0
2856581.0
-1194253.0
-3762526.0
-4354176.0
-3522125.0
-2438368.0
-2195501.0
-3215479.0
-5065738.0
-6753860.0
-7315905.0
-6364657.0
-4297474.0
-2056657.0
-582534.0
-267966.0
-723180.0
-992157.0
-115161.0
2262083.0
5569999.0
8483472.0
9523043.0
7804808.0
3563625.0
-1828393.0
-6385665.0
-8347652.0
-6946352.0
-2744087.0
2616901.0
7136005.0
9311896.0
8744509.0
6217859.0
3248528.0
1331952.0
1248485.0
2746831.0
4731830.0
5842666.0
5131570.0
2521078.0
-1162891.0
-4578247.0
-6477296.0
-6252904.0
-4178762.0
-1255295.0
1245119.0
2314150.0
1587713.0
-576769.0
-3326634.0
-5712130.0
-7065057.0
-7198472.0
-6367531.0
-5046320.0
-3652012.0
-2355362.0
-1059171.0
463220.0
2355189.0
4507104.0
6521475.0
7837588.0
7963673.0
6712990.0
4335020.0
1475354.0
-1030759.0
-2455706.0
-2451417.0
-1185809.0
715301.0
2403191.0
3128824.0
2526254.0
743508.0
-1631626.0
-3819100.0
-5162595.0
-5379723.0
-4640585.0
-3444903.0
-2358889.0
-1737638.0
-1566164.0
-1496538.0
-1064198.0
22730.0
1667669.0
3359602.0
4363858.0
4049770.0
2203019.0
-830171.0
-4245251.0
-7090413.0
-8647494.0
-8706987.0
-7609678.0
-6038766.0
-4667161.0
-3835209.0
-3418237.0
-2947635.0
-1920347.0
-134185.0
2130066.0
4183808.0
5237190.0
4790526.0
2914219.0
268799.0
-2159220.0
-3489735.0
-3347125.0
-2032278.0
-381645.0
624664.0
322986.0
-1321967.0
-3699656.0
-5836883.0
-6845544.0
-6322863.0
-4518215.0
-2194865.0
-261174.0
647148.0
434612.0
-457173.0
-1309629.0
-1506880.0
-844015.0
386113.0
1564521.0
2084279.0
1682128.0
595234.0
-537995.0
-987797.0
-304572.0
1428775.0
3589644.0
5264905.0
5647485.0
4402003.0
1833844.0
-1215872.0
-3704805.0
-4808133.0
-4241838.0
-2355830.0
35131.0
2001610.0
2875708.0
2494102.0
1213334.0
-294749.0
-1365336.0
-1633251.0
-1169171.0
-408091.0
86872.0
-89368.0
-980613.0
-2240225.0
-3286225.0
-3567173.0
-2816441.0
-1179586.0
841586.0
2601115.0
3579594.0
3590779.0
2832375.0
1762258.0
862674.0
406715.0
339462.0
330826.0
-26043.0
-968921.0
-2397461.0
-3871689.0
-4790070.0
-4671501.0
-3410663.0
-1381424.0
671966.0
1919970.0
1790289.0
218361.0
-2306457.0
-4922441.0
-6727912.0
-7122411.0
-6013522.0
-3809892.0
-1218258.0
1052441.0
2542999.0
3146716.0
3037469.0
2484528.0
1667098.0
592747.0
-839027.0
-2671095.0
-4724965.0
-6549198.0
-7535869.0
-7172671.0
-5319618.0
-2371248.0
795241.0
3093672.0
3629280.0
2064913.0
-1204548.0
-5153640.0
-8474902.0
-1.0042828E7
-9312836.0
-6501641.0
-2485059.0
1537142.0
4470567.0
5682088.0
5155058.0
3405372.0
1217121.0
-678481.0
-1848953.0
-2245765.0
-2120653.0
-1836398.0
-1671930.0
-1710406.0
-1849546.0
-1911426.0
-1783093.0
-1509416.0
-1287729.0
-1365015.0
-1888138.0
-2782741.0
-3725984.0
-4237182.0
-3857193.0
-2345677.0
186488.0
3269240.0
6200624.0
8266500.0
8973005.0
8207045.0
6268157.0
3763979.0
1411365.0
-183509.0
-690940.0
-120085.0
1230028.0
2899727.0
4424356.0
5462671.0
5863298.0
5661970.0
5025965.0
4174534.0
3303581.0
2533873.0
1890765.0
1314645.0
695856.0
-75458.0
-1057449.0
-2218252.0
-3426638.0
-4480537.0
-5169196.0
-5349105.0
-5003151.0
-4254309.0
-3321773.0
-2433468.0
-1732347.0
-1221884.0
-781814.0
-252590.0
449194.0
1243359.0
1878555.0
2021320.0
1410256.0
6068.0
-1938423.0
-3933118.0
-5418543.0
-5979385.0
-5509427.0
-4250900.0
-2686779.0
-1332627.0
-522338.0
-285381.0
-369499.0
-392828.0
-47779.0
743908.0
1798463.0
2770169.0
3328180.0
3317743.0
2825447.0
2120948.0
1512486.0
1196127.0
1176803.0
1295587.0
1337251.0
1149308.0
702277.0
61111.0
-704314.0
-1601078.0
-2720883.0
-4153349.0
-5849592.0
-7525615.0
-8689070.0
-8813074.0
-7595050.0
-5173850.0
-2175266.0
474736.0
1916222.0
1746051.0
243424.0
-1700960.0
-2951515.0
-2644231.0
-620515.0
2434198.0
5234885.0
6436804.0
5239203.0
1779743.0
-2868171.0
-7106896.0
-9460444.0
-9171893.0
-6490266.0
-2526381.0
1247083.0
3618020.0
4099406.0
3039156.0
1350481.0
14296.0
-397233.0
48141.0
750652.0
950065.0
161001.0
-1549611.0
-3576902.0
-5068811.0
-5341852.0
-4214031.0
-2094326.0
208377.0
1857561.0
2360747.0
1767578.0
612303.0
-356580.0
-520393.0
354514.0
2057468.0
4075417.0
5846625.0
6994248.0
7434177.0
7326932.0
6925455.0
6416904.0
5846461.0
5154613.0
4290502.0
3320738.0
2458100.0
1983238.0
2096791.0
2783449.0
3769092.0
4606711.0
4860136.0
4301250.0
3024788.0
1421377.0
16915.0
-748957.0
-702562.0
8970.0
1010620.0
1891801.0
2401944.0
2551942.0
2570717.0
2738306.0
3180221.0
3731551.0
3950639.0
3293082.0
1378344.0
-1770163.0
-5629465.0
-9287883.0
-1.1736342E7
-1.2231753E7
-1.0585093E7
-7250381.0
-3169472.0
570685.0
3131101.0
4203252.0
4066118.0
3399437.0
2940832.0
3142209.0
3979272.0
4996656.0
5561608.0
5201768.0
3863026.0
1961371.0
201394.0
-752682.0
-594298.0
475861.0
1844307.0
2780667.0
2792376.0
1863694.0
459090.0
-713826.0
-1066595.0
-437434.0
811795.0
1962246.0
2290101.0
1431538.0
-420682.0
-2588312.0
-4213006.0
-4646148.0
-3732186.0
-1850167.0
297816.0
2034283.0
3006842.0
3289151.0
3241256.0
3220973.0
3320409.0
3288021.0
2691847.0
1238870.0
-934361.0
-3185727.0
-4587316.0
-4362237.0
-2328144.0
892524.0
4039162.0
5718897.0
5036627.0
2051856.0
-2173173.0
-5986542.0
-7853481.0
-7040391.0
-3956730.0
13806.0
3125944.0
4053482.0
2480248.0
-770655.0
-4127851.0
-6000854.0
-5511193.0
-2892681.0
615122.0
3322184.0
3833226.0
1647886.0
-2641081.0
-7619120.0
-1.1649548E7
-1.3527905E7
-1.2914481E7
-1.0386357E7
-7125059.0
-4405050.0
-3109259.0
-3455876.0
-5008668.0
-6920700.0
-8282401.0
-8433782.0
-7145916.0
-4644449.0
-1503150.0
1539131.0
3785559.0
4770063.0
4391444.0
2957520.0
1111472.0
-361349.0
-803147.0
58805.0
1974439.0
4231069.0
5913791.0
6275382.0
5060952.0
2635519.0
-158646.0
-2365016.0
-3336608.0
-3021977.0
-1971907.0
-1056083.0
-1021711.0
-2108708.0
-3913961.0
-5577220.0
-6201222.0
-5298797.0
-3042623.0
-189905.0
2282270.0
3647569.0
3768162.0
3127313.0
2540575.0
2695639.0
3761403.0
5273763.0
6364449.0
6221498.0
4546924.0
1772980.0
-1083423.0
-2867175.0
-2818590.0
-934113.0
2022599.0
4864674.0
6513863.0
6464928.0
4966179.0
2843589.0
1070509.0
302791.0
603924.0
1478699.0
2175366.0
2086648.0
1043416.0
-635891.0
-2343280.0
-3503680.0
-3845344.0
-3483265.0
-2790404.0
-2146689.0
-1715306.0
-1370464.0
-809167.0
225725.0
1744316.0
3447868.0
4843435.0
5472997.0
5132887.0
3966860.0
2387626.0
875683.0
-231443.0
-847120.0
-1091569.0
-1136004.0
-1039051.0
-682097.0
150239.0
1587569.0
3499108.0
5442515.0
6790101.0
6989232.0
5833778.0
3604990.0
996414.0
-1158519.0
-2238102.0
-2101236.0
-1146912.0
-134644.0
152421.0
-751069.0
-2797018.0
-5452245.0
-7924972.0
-9478579.0
-9694317.0
-8582658.0
-6521370.0
-4075482.0
-1793513.0
-62666.0
942056.0
1232520.0
952044.0
329292.0
-349532.0
-770317.0
-648775.0
179427.0
1666990.0
3515554.0
5233311.0
6292208.0
6332463.0
5325280.0
3610423.0
1776304.0
424178.0
-82062.0
234615.0
987852.0
1616138.0
1648453.0
921853.0
-351788.0
-1699533.0
-2623717.0
-2844136.0
-2428299.0
-1748426.0
-1289440.0
-1404275.0
-2136507.0
-3195244.0
-4092290.0
-4374109.0
-3838440.0
-2636150.0
-1215378.0
-137947.0
147112.0
-524675.0
-1982665.0
-3801303.0
-5466251.0
-6552939.0
-6849852.0
-6391040.0
-5402544.0
-4197542.0
-3065326.0
-2190982.0
-1624482.0
-1299327.0
-1087657.0
-871467.0
-606362.0
-354896.0
-272511.0
-542972.0
-1280765.0
-2438297.0
-3764712.0
-4851312.0
-5265148.0
-4728770.0
-3270945.0
-1270503.0
648406.0
1847365.0
1944231.0
1004122.0
-447505.0
-1616925.0
-1773922.0
-586309.0
1693728.0
4286548.0
6176092.0
6519279.0
4999094.0
1965720.0
-1698939.0
-4935451.0
-6923969.0
-7381943.0
-6617173.0
-5325416.0
-4238844.0
-3796054.0
-3986005.0
-4427360.0
-4626892.0
-4274071.0
-3415931.0
-2422538.0
-1764700.0
-1725303.0
-2203244.0
-2724096.0
-2666219.0
-1597392.0
447285.0
2896337.0
4835964.0
5394004.0
4143079.0
1333470.0
-2162333.0
-5181415.0
-6738442.0
-6424146.0
-4557004.0
-2021679.0
130326.0
1134870.0
818285.0
-384299.0
-1695524.0
-2414348.0
-2283346.0
-1626436.0
-1187561.0
-1742892.0
-3668733.0
-6673096.0
-9828533.0
-1.1908536E7
-1.1890864E7
-9411662.0
-4970084.0
212165.0
4625078.0
7022469.0
6868247.0
4500919.0
961379.0
-2431448.0
-4574933.0
-4948807.0
-3722702.0
-1592205.0
557235.0
2000169.0
2392034.0
1794643.0
536121.0
-994984.0
-2508567.0
-3856080.0
-4963128.0
-5720120.0
-5919684.0
-5297853.0
-3671091.0
-1098906.0
2023928.0
5015657.0
7100807.0
7680100.0
6565081.0
4073895.0
941738.0
-1921164.0
-3727041.0
-4046637.0
-2899125.0
-677892.0
2036901.0
4688703.0
6892904.0
8480876.0
9452542.0
9889614.0
9887390.0
9537006.0
8950499.0
8292051.0
7776355.0
7619066.0
7958889.0
8794320.0
9975422.0
1.1262539E7
1.2425691E7
1.3332615E7
1.3976569E7
1.4427011E7
1.4731117E7
1.4826395E7
1.4525315E7
1.3597959E7
1.1924699E7
9645192.0
7218286.0
5339184.0
4723476.0
5833347.0
8657798.0
1.2646654E7
1.6840558E7
2.0160316E7
2.1753241E7
2.1269931E7
1.8972166E7
1.5638429E7
1.2309399E7
9970471.0
9282018.0
1.0439462E7
1.3190442E7
1.6979659E7
2.1155022E7
2.5161265E7
2.8666168E7
3.1596993E7
3.4096435E7
3.6427957E7
3.8867083E7
4.1610605E7
4.4725076E7
4.814331E7
5.1705224E7
5.5228385E7
5.8585521E7
6.1763584E7
6.488392E7
6.8175438E7
7.1908851E7
7.6313872E7
8.1506667E7
8.7449665E7
9.3952655E7
1.00709678E8
1.07357305E8
1.1353937E8
1.18968773E8
1.23482242E8
1.27083769E8
1.29966127E8
1.32493449E8
1.35129604E8
1.38312892E8
1.42304228E8
1.47061329E8
1.52199343E8
1.57077387E8
1.61003029E8
1.63490488E8
1.64470314E8
1.64351579E8
1.63888637E8
1.63886232E8
1.64854224E8
1.66758646E8
1.68987483E8
1.70564149E8
1.70534034E8
1.68368197E8
1.64212297E8
1.5886944E8
1.53517658E8
1.49277032E8
1.46805972E8
1.46091269E8
1.46509717E8
1.47120674E8
1.47053745E8
1.45825975E8
1.43468812E8
1.40440469E8
1.37396096E8
1.34940108E8
1.33471366E8
1.3316547E8
1.34058616E8
1.36147417E8
1.39424081E8
1.43820144E8
1.49101526E8
1.54801582E8
1.60270029E8
1.64856304E8
1.68166806E8
1.70279883E8
1.71802713E8
1.73715045E8
1.77039311E8
1.82459744E8
1.90044409E8
1.99186959E8
2.08795923E8
2.17658551E8
2.24838502E8
2.29959781E8
2.33282319E8
2.35560384E8
2.37754674E8
2.40711329E8
2.44915077E8
2.50380916E8
2.56693552E8
2.6315965E8
2.6901693E8
2.73643628E8
2.76722021E8
2.7832132E8
2.78876964E8
2.79060322E8
2.79559787E8
2.80828359E8
2.82880247E8
2.85221635E8
2.86966472E8
2.87121749E8
2.84952353E8
2.80287455E8
2.7363672E8
2.6605107E8
2.58766018E8
2.52761444E8
2.48414795E8
2.45391293E8
2.42815891E8
2.39650409E8
2.35111038E8
2.28947545E8
2.21473069E8
2.13350354E8
2.05251076E8
1.97557061E8
1.9024198E8
1.82976243E8
1.75384759E8
1.6731305E8
1.58957791E8
1.50791238E8
1.43317163E8
1.36784034E8
1.31005486E8
1.25387185E8
1.19158869E8
1.11710728E8
1.02882202E8
9.3072674E7
8.3124822E7
7.4032588E7
6.6599068E7
6.1183102E7
5.7625345E7
5.5361881E7
5.3656725E7
5.1847273E7
4.9510628E7
4.6509501E7
4.2935123E7
3.9002381E7
3.4955572E7
3.101743E7
2.7378968E7
2.4203972E7
2.1621005E7
1.9693488E7
1.8381338E7
1.7520175E7
1.6839041E7
1.6018914E7
1.477375E7
1.2925274E7
1.0447217E7
7469726.0
4250522.0
1126996.0
-1539219.0
-3421305.0
-4290014.0
-4075431.0
-2911565.0
-1138905.0
755835.0
2262835.0
3004571.0
2867963.0
2054148.0
1012109.0
268915.0
217352.0
947214.0
2195036.0
3440175.0
4112869.0
3829991.0
2560393.0
650666.0
-1298716.0
-2654580.0
-2978937.0
-2174740.0
-499021.0
1551076.0
3425558.0
4706806.0
5227973.0
5092762.0
4603443.0
4132391.0
3983136.0
4281925.0
4927327.0
5609928.0
5899623.0
5382905.0
3816730.0
1252261.0
-1920719.0
-5042021.0
-7359470.0
-8269711.0
-7537513.0
-5403353.0
-2522448.0
256945.0
2197711.0
2939154.0
2609984.0
1736292.0
981088.0
829498.0
1361865.0
2219763.0
2782107.0
2470546.0
1041575.0
-1272039.0
-3837533.0
-5880624.0
-6805540.0
-6428950.0
-5024239.0
-3164974.0
-1451783.0
-258045.0
386613.0
730403.0
1099584.0
1678335.0
2386670.0
2919020.0
2919727.0
2199730.0
877493.0
-633430.0
-1789216.0
-2154658.0
-1600677.0
-365576.0
1048349.0
2092872.0
2405019.0
1948373.0
1008051.0
52137.0
-470145.0
-302971.0
536674.0
1793064.0
3087471.0
4056663.0
4459097.0
4220700.0
3423584.0
2260608.0
979892.0
-168001.0
-978854.0
-1340136.0
-1265266.0
-899461.0
-480148.0
-250878.0
-353761.0
-746954.0
-1194911.0
-1353397.0
-926882.0
166001.0
1699616.0
3179601.0
4015627.0
3767803.0
2363119.0
180238.0
-2049474.0
-3499414.0
-3566950.0
-2125074.0
400738.0
3169012.0
5224413.0
5850620.0
4838306.0
2566262.0
-133550.0
-2274549.0
-3066219.0
-2190222.0
93666.0
3044219.0
5699235.0
7206657.0
7112184.0
5506462.0
2983546.0
426003.0
-1309089.0
-1694056.0
-716568.0
1120805.0
2989937.0
4047316.0
3748740.0
2046848.0
-606745.0
-3455398.0
-5746754.0
-7026980.0
-7294731.0
-6950836.0
-6571092.0
-6610331.0
-7177945.0
-7991356.0
-8528956.0
-8307292.0
-7145700.0
-5286297.0
-3307285.0
-1869588.0
-1420296.0
-1999076.0
-3242850.0
-4584158.0
-5539685.0
-5938322.0
-5968225.0
-6016163.0
-6383252.0
-7031983.0
-7512085.0
-7127709.0
-5285611.0
-1864218.0
2582497.0
6908090.0
9738610.0
9983486.0
7282633.0
2198796.0
-3932618.0
-9442405.0
-1.2884245E7
-1.349557E7
-1.1395684E7
-7465682.0
-2980356.0
850668.0
3258083.0
4081732.0
3702369.0
2796204.0
2027358.0
1798205.0
2138990.0
2757322.0
3209568.0
3118169.0
2349456.0
1084992.0
-241624.0
-1122006.0
-1199130.0
-451619.0
748919.0
1751125.0
1883811.0
769090.0
-1445170.0
-4053607.0
-6010089.0
-6333849.0
-4549565.0
-968232.0
3336804.0
6882801.0
8337421.0
7058960.0
3381929.0
-1488329.0
-5940810.0
-8591665.0
-8813876.0
-6936832.0
-4037690.0
-1431281.0
-98773.0
-313670.0
-1619364.0
-3138348.0
-4036335.0
-3902165.0
-2865022.0
-1418794.0
-79666.0
915267.0
1695587.0
2588676.0
3804585.0
5174798.0
6120797.0
5900745.0
4020400.0
587428.0
-3600492.0
-7314528.0
-9399067.0
-9281695.0
-7230808.0
-4220705.0
-1460649.0
181269.0
569192.0
305386.0
347386.0
1435379.0
3631341.0
6218461.0
8025500.0
8019511.0
5866442.0
2168370.0
-1754340.0
-4438722.0
-4934326.0
-3219081.0
-177780.0
2835938.0
4628918.0
4677902.0
3281447.0
1307626.0
-303162.0
-1007079.0
-858495.0
-364075.0
-102138.0
-342503.0
-888878.0
-1228217.0
-888974.0
213654.0
1662028.0
2734241.0
2815256.0
1787040.0
161062.0
-1149115.0
-1316226.0
-92298.0
1973201.0
3738143.0
4021737.0
2238507.0
-1219122.0
-5069600.0
-7688600.0
-7861611.0
-5374252.0
-1140334.0
3207919.0
6074805.0
6632843.0
5171555.0
2894105.0
1269700.0
1272484.0
2892766.0
5165605.0
6697185.0
6415953.0
4162316.0
814325.0
-2116485.0
-3216649.0
-1863503.0
1464783.0
5411392.0
8379048.0
9265651.0
7939771.0
5237554.0
2504970.0
930323.0
1001952.0
2345720.0
3994319.0
4923361.0
4567733.0
3062205.0
1108503.0
-431227.0
-981517.0
-504931.0
557636.0
1598538.0
2214726.0
2424716.0
2613014.0
3241787.0
4501951.0
6111128.0
7386345.0
7568666.0
6236530.0
3589060.0
439698.0
-2096345.0
-3083366.0
-2190881.0
137601.0
2854210.0
4739409.0
4904563.0
3145975.0
6509.0
-3465203.0
-6139368.0
-7228425.0
-6542959.0
-4499845.0
-1910269.0
343949.0
1612550.0
1655511.0
659381.0
-884490.0
-2376214.0
-3306030.0
-3398304.0
-2669165.0
-1391583.0
16181.0
1144384.0
1739606.0
1794855.0
1543788.0
1353152.0
1550179.0
2256252.0
3305142.0
4293700.0
4754004.0
4374402.0
3164588.0
1477278.0
-136769.0
-1181597.0
-1458470.0
-1175968.0
-863844.0
-1121237.0
-2314476.0
-4370812.0
-6773718.0
-8770290.0
-9698004.0
-9277983.0
-7735897.0
-5693473.0
-3883231.0
-2822392.0
-2598292.0
-2860693.0
-3015792.0
-2523083.0
-1154374.0
898726.0
3104801.0
4809048.0
5481589.0
4894556.0
3172838.0
726734.0
-1880751.0
-4072372.0
-5366032.0
-5452789.0
-4256782.0
-1979429.0
895003.0
3670055.0
5604909.0
6152700.0
5187377.0
3110728.0
759550.0
-886095.0
-1093241.0
301335.0
2793651.0
5407478.0
7113849.0
7292202.0
6016200.0
4018816.0
2340149.0
1817643.0
2663569.0
4341838.0
5816322.0
6061225.0
4589840.0
1740152.0
-1433423.0
-3624550.0
-3883518.0
-2082851.0
984141.0
3924561.0
5342550.0
4439152.0
1345141.0
-2954843.0
-7057490.0
-9725195.0
-1.03538E7
-9128748.0
-6831515.0
-4421174.0
-2606865.0
-1607748.0
-1185654.0
-894182.0
-388364.0
373166.0
1128029.0
1491892.0
1208204.0
324515.0
-798120.0
-1644017.0
-1785133.0
-1084846.0
232701.0
1673367.0
2674405.0
2823439.0
2006367.0
437796.0
-1419220.0
-2999779.0
-3796664.0
-3492662.0
-2045196.0
285644.0
2973043.0
5330105.0
6681766.0
6569705.0
4927575.0
2151202.0
-989076.0
-3588892.0
-4926734.0
-4732220.0
-3285161.0
-1289707.0
432064.0
1294410.0
1187414.0
487610.0
-165995.0
-220020.0
496513.0
1679934.0
2715505.0
3016148.0
2361069.0
1052625.0
-201744.0
-635038.0
175389.0
2052933.0
4256010.0
5799574.0
5916104.0
4432780.0
1876616.0
-750806.0
-2426282.0
-2570898.0
-1307315.0
611918.0
2166106.0
2541564.0
1494053.0
-566559.0
-2796021.0
-4320846.0
-4628694.0
-3763233.0
-2248222.0
-800264.0
14369.0
10731.0
-593320.0
-1350094.0
-1840140.0
-1875844.0
-1554551.0
-1153609.0
-943097.0
-1027237.0
-1298380.0
-1517919.0
-1467593.0
-1080582.0
-480261.0
89018.0
394099.0
332052.0
-26656.0
-486751.0
-832621.0
-925803.0
-743320.0
-344396.0
203470.0
886342.0
1752008.0
2858673.0
4196106.0
5628648.0
6897398.0
7685740.0
7718699.0
6851615.0
5114197.0
2702911.0
-60554.0
-2779715.0
-5029943.0
-6408706.0
-6605929.0
-5498446.0
-3242928.0
-315037.0
2557940.0
4587351.0
5190840.0
4236049.0
2143436.0
-225109.0
-1874942.0
-2070830.0
-645314.0
1921249.0
4697563.0
6696648.0
7294112.0
6477737.0
4813001.0
3143897.0
2175870.0
2144022.0
2725715.0
3233542.0
2984489.0
1655149.0
-555254.0
-3029593.0
-5041359.0
-6100063.0
-6153230.0
-5547056.0
-4780414.0
-4198057.0
-3798745.0
-3266500.0
-2205761.0
-443534.0
1780662.0
3858722.0
5085480.0
5022406.0
3758448.0
1918041.0
394647.0
-66830.0
769084.0
2509483.0
4321273.0
5335752.0
5067853.0
3640724.0
1706185.0
107225.0
-541103.0
-138396.0
887497.0
1836251.0
2117477.0
1555878.0
462268.0
-558419.0
-951292.0
-519606.0
467117.0
1418413.0
1739122.0
1145555.0
-184933.0
-1705114.0
-2775570.0
-2979735.0
-2314704.0
-1169331.0
-116710.0
358262.0
52917.0
-924217.0
-2276947.0
-3701610.0
-5007929.0
-6115703.0
-6951508.0
-7339869.0
-6990712.0
-5622607.0
-3166172.0
77062.0
3441463.0
6109102.0
7447694.0
7308262.0
6114883.0
4673610.0
3774388.0
3780212.0
4422727.0
4930434.0
4446358.0
2532409.0
-505284.0
-3661474.0
-5657502.0
-5558653.0
-3280718.0
280702.0
3589893.0
5141318.0
4151584.0
941679.0
-3180760.0
-6491341.0
-7605509.0
-6067398.0
-2500644.0
1733779.0
5189272.0
6968630.0
7038557.0
6092754.0
5065414.0
4570167.0
4566088.0
4422086.0
3334328.0
862255.0
-2714565.0
-6422271.0
-9003248.0
-9509913.0
-7780510.0
-4550912.0
-1137960.0
1155397.0
1624416.0
454265.0
-1415866.0
-2780067.0
-2759186.0
-1211495.0
1229101.0
3488314.0
4579859.0
4062085.0
2207354.0
-178741.0
-2176522.0
-3188857.0
-3181401.0
-2625022.0
-2194079.0
-2391499.0
-3294691.0
-4540236.0
-5535481.0
-5771515.0
-5071165.0
-3652913.0
-1995926.0
-594284.0
263260.0
578998.0
570667.0
496853.0
493058.0
511162.0
387375.0
-13719.0
-674756.0
-1402335.0
-1924376.0
-2053877.0
-1821562.0
-1492098.0
-1440221.0
-1941434.0
-2984561.0
-4211184.0
-5029388.0
-4864185.0
-3436752.0
-944000.0
1950455.0
4321645.0
5307381.0
4422770.0
1741464.0
-2124131.0
-6230640.0
-9615791.0
-1.1597971E7
-1.1960233E7
-1.0966332E7
-9220216.0
-7432846.0
-6184121.0
-5758933.0
-6102455.0
-6895058.0
-7707294.0
-8172005.0
-8109893.0
-7566004.0
-6750095.0
-5911792.0
-5207889.0
-4622918.0
-3982013.0
-3054213.0
-1701079.0
393.0
1726195.0
2993278.0
3340516.0
2528962.0
671468.0
-1772778.0
-4145506.0
-5820896.0
-6423888.0
-5942466.0
-4689628.0
-3140457.0
-1726504.0
-685456.0
-30736.0
359448.0
597174.0
675225.0
461232.0
-197916.0
-1322486.0
-2694269.0
-3878595.0
-4388553.0
-3925739.0
-2578697.0
-865288.0
429189.0
569003.0
-791197.0
-3398025.0
-6431665.0
-8785051.0
-9485809.0
-8089253.0
-4877578.0
-779478.0
2959559.0
5224407.0
5419212.0
3653021.0
664712.0
-2465808.0
-4696817.0
-5351204.0
-4284639.0
-1862544.0
1214456.0
4152770.0
6287908.0
7226967.0
6893267.0
5488957.0
3407407.0
1126289.0
-896997.0
-2313923.0
-2946748.0
-2813260.0
-2106880.0
-1134059.0
-224407.0
359759.0
486102.0
169091.0
-458950.0
-1205306.0
-1877833.0
-2329183.0
-2477361.0
-2308686.0
-1874304.0
-1286205.0
-708536.0
-333547.0
-335471.0
-809772.0
-1720958.0
-2888661.0
-4030919.0
-4858098.0
-5182454.0
-4993213.0
-4456440.0
-3831853.0
-3340359.0
-3045407.0
-2810743.0
-2363878.0
-1442743.0
42159.0
1912360.0
3748884.0
5042358.0
5405299.0
4751765.0
3359205.0
1778207.0
624289.0
339918.0
1028360.0
2428120.0
4033254.0
5301176.0
5855256.0
5598664.0
4701882.0
3485014.0
2259553.0
1203740.0
320620.0
-516177.0
-1463829.0
-2611572.0
-3925298.0
-5251898.0
-6371084.0
-7066145.0
-7186073.0
-6683865.0
-5629426.0
-4201715.0
-2662921.0
-1313242.0
-426137.0
-173416.0
-562751.0
-1416767.0
-2414340.0
-3190502.0
-3461657.0
-3124012.0
-2278498.0
-1166681.0
-46015.0
933292.0
1783518.0
2632522.0
3594878.0
4630608.0
5477455.0
5713030.0
4938366.0
3005520.0
175221.0
-2890375.0
-5324462.0
-6375376.0
-5715808.0
-3600064.0
-788057.0
1742464.0
3176022.0
3166779.0
1938718.0
138430.0
-1485516.0
-2422974.0
-2602166.0
-2359138.0
-2200091.0
-2481701.0
-3175161.0
-3839008.0
-3822943.0
-2609384.0
-127194.0
3121618.0
6198270.0
8080984.0
8087173.0
6177780.0
3004609.0
-328571.0
-2696282.0
-3395117.0
-2416913.0
-439246.0
1460751.0
2250081.0
1360673.0
-1079333.0
-4290045.0
-7135162.0
-8546932.0
-7915273.0
-5297470.0
-1380381.0
2776506.0
6109561.0
7890198.0
7916069.0
6500308.0
4284871.0
1967438.0
55029.0
-1264741.0
-2100540.0
-2713793.0
-3334013.0
-4022665.0
-4645967.0
-4962085.0
-4773036.0
-4061247.0
-3038883.0
-2080713.0
-1568415.0
-1718499.0
-2476097.0
-3527302.0
-4427162.0
-4785491.0
-4425172.0
-3441189.0
-2137083.0
-874918.0
84220.0
670446.0
985440.0
1191229.0
1374482.0
1466882.0
1272168.0
592266.0
-611943.0
-2114626.0
-3442044.0
-4022812.0
-3414305.0
-1506179.0
1393571.0
4634547.0
7434568.0
9138598.0
9420966.0
8355167.0
6337076.0
3910187.0
1576329.0
-331864.0
-1681392.0
-2487720.0
-2831599.0
-2795857.0
-2448350.0
-1861889.0
-1138819.0
-409708.0
201267.0
623801.0
867780.0
1004973.0
1111011.0
1201141.0
1202600.0
988535.0
461742.0
-357418.0
-1294310.0
-2066354.0
-2398350.0
-2149647.0
-1382161.0
-325061.0
752007.0
1689977.0
2526510.0
3456379.0
4673019.0
6171298.0
7628314.0
8453869.0
8021217.0
5989309.0
2561970.0
-1463332.0
-4919194.0
-6698962.0
-6219345.0
-3705304.0
-151359.0
3048141.0
4655970.0
4099827.0
1707281.0
-1440203.0
-3974249.0
-4824450.0
-3665442.0
-1033264.0
1933113.0
4002757.0
4385612.0
3053895.0
719696.0
-1507896.0
-2623974.0
-2164111.0
-391707.0
1831216.0
3419555.0
3518525.0
1846214.0
-1203940.0
-4723610.0
-7631366.0
-9053400.0
-8602240.0
-6466710.0
-3304482.0
2185.0
2629888.0
4040913.0
4090270.0
2996897.0
1207741.0
-786188.0
-2613450.0
-4109668.0
-5303739.0
-6317338.0
-7228228.0
-7965532.0
-8294562.0
-7910047.0
-6603625.0
-4427476.0
-1764885.0
748703.0
2443316.0
2887388.0
2091489.0
534422.0
-1023540.0
-1874931.0
-1701307.0
-748933.0
256567.0
439252.0
-792018.0
-3403374.0
-6662182.0
-9386591.0
-1.042578E7
-9164255.0
-5821880.0
-1406155.0
2672200.0
5156661.0
5432956.0
3738262.0
1010441.0
-1541067.0
-2941281.0
-2809000.0
-1427581.0
472919.0
2091495.0
2901179.0
2812098.0
2107781.0
1226196.0
523175.0
142679.0
40373.0
112669.0
326906.0
759395.0
1516342.0
2594974.0
3787621.0
4711539.0
4971982.0
4379079.0
3093163.0
1599087.0
498339.0
211899.0
747881.0
1668000.0
2290446.0
2041667.0
782297.0
-1067305.0
-2683372.0
-3216907.0
-2215733.0
119215.0
2978690.0
5280855.0
6143617.0
5269939.0
3063954.0
427532.0
-1657356.0
-2554441.0
-2205394.0
-1071629.0
161639.0
950188.0
1131701.0
928073.0
729767.0
801655.0
1088313.0
1235463.0
817892.0
-357017.0
-2049958.0
-3622835.0
-4307482.0
-3581411.0
-1456067.0
1479749.0
4295653.0
6124154.0
6533447.0
5682035.0
4180641.0
2739024.0
1787638.0
1276684.0
759967.0
-282748.0
-2062632.0
-4254699.0
-6066996.0
-6592228.0
-5275082.0
-2257178.0
1589002.0
4977442.0
6743384.0
6349309.0
4122348.0
1107239.0
-1399826.0
-2420884.0
-1707290.0
191494.0
2221448.0
3331084.0
2950066.0
1221229.0
-1106879.0
-3057279.0
-3880920.0
-3376694.0
-1937604.0
-322561.0
719237.0
786226.0
-27281.0
-1222835.0
-2163824.0
-2375646.0
-1738783.0
-498777.0
888913.0
1986529.0
2559252.0
2638403.0
2451373.0
2271980.0
2275172.0
2465635.0
2703798.0
2801814.0
2632009.0
2192548.0
1603946.0
1047196.0
680308.0
574374.0
694435.0
926058.0
1128721.0
1190118.0
1061241.0
764418.0
377783.0
5604.0
-255422.0
-345415.0
-258945.0
-45270.0
211597.0
429143.0
566563.0
650575.0
770310.0
1036500.0
1517913.0
2183216.0
2879615.0
3366643.0
3398476.0
2823025.0
1654057.0
81722.0
-1585905.0
-3025309.0
-3998268.0
-4407200.0
-4286129.0
-3742481.0
-2889977.0
-1814622.0
-592327.0
658819.0
1735897.0
2363668.0
2279795.0
1365685.0
-240682.0
-2120126.0
-3673947.0
-4331516.0
-3785956.0
-2153708.0
24621.0
1961002.0
2914509.0
2486611.0
792446.0
-1568825.0
-3738038.0
-4925266.0
-4710207.0
-3192305.0
-933268.0
1278559.0
2740716.0
3097989.0
2451818.0
1283866.0
236269.0
-154931.0
334944.0
1551453.0
3047816.0
4282419.0
4843381.0
4611135.0
3797585.0
2849150.0
2252565.0
2318970.0
3031743.0
4022693.0
4695847.0
4462163.0
3001191.0
445965.0
-2593719.0
-5199024.0
-6455376.0
-5800617.0
-3270160.0
470303.0
4335839.0
7208511.0
8350791.0
7676500.0
5760536.0
3575591.0
2062475.0
1717766.0
2380742.0
3317398.0
3568096.0
2405169.0
-306065.0
-4008715.0
-7666353.0
-1.0192317E7
-1.0903279E7
-9793181.0
-7506950.0
-5032255.0
-3256489.0
-2594735.0
-2856099.0
-3399759.0
-3494966.0
-2706192.0
-1118892.0
696809.0
1959363.0
2049288.0
803759.0
-1402956.0
-3822539.0
-5653916.0
-6369383.0
-5899870.0
-4609164.0
-3089464.0
-1889332.0
-1304218.0
-1315192.0
-1680780.0
-2112875.0
-2436369.0
-2654572.0
-2901685.0
-3325176.0
-3972717.0
-4746688.0
-5444924.0
-5856624.0
-5855052.0
-5437092.0
-4695826.0
-3753454.0
-2703084.0
-1597915.0
-491884.0
501214.0
1180005.0
1294357.0
646993.0
-787120.0
-2788236.0
-4915637.0
-6633621.0
-7494708.0
-7303954.0
-6192845.0
-4570352.0
-2972780.0
-1876854.0
-1551989.0
-2004209.0
-3019769.0
-4274027.0
-5450770.0
-6325583.0
-6795025.0
-6863403.0
-6613948.0
-6185634.0
-5757999.0
-5529490.0
-5673055.0
-6268630.0
-7235925.0
-8306158.0
-9065095.0
-9071022.0
-8012825.0
-5845827.0
-2843020.0
469441.0
3474224.0
5659792.0
6772803.0
6865912.0
6227888.0
5235216.0
4196416.0
3257871.0
2405293.0
1546664.0
624729.0
-302524.0
-1053663.0
-1389099.0
-1114839.0
-173960.0
1314772.0
3083796.0
4792246.0
6116778.0
6826582.0
6826531.0
6168767.0
5040468.0
3732377.0
2585530.0
1912808.0
1902999.0
2534087.0
3536671.0
4443952.0
4735961.0
4041317.0
2320665.0
-54678.0
-2384933.0
-3876757.0
-3951003.0
-2498679.0
31864.0
2770770.0
4745934.0
5262381.0
4184473.0
1998048.0
-380018.0
-1969605.0
-2120564.0
-768285.0
1551652.0
3929250.0
5444732.0
5516647.0
4093611.0
1624600.0
-1159239.0
-3542023.0
-5068324.0
-5642176.0
-5461300.0
-4843789.0
-4045732.0
-3159319.0
-2130426.0
-870279.0
610614.0
2125595.0
3338991.0
3889795.0
3554952.0
2373976.0
672034.0
-1036968.0
-2233197.0
-2587115.0
-2088839.0
-1055298.0
-7471.0
538516.0
286946.0
-700953.0
-2008827.0
-3014081.0
-3135136.0
-2085284.0
-30390.0
2423662.0
4426375.0
5200065.0
4361717.0
2117265.0
-764482.0
-3208429.0
-4235116.0
-3354390.0
-788414.0
2578295.0
5515810.0
6914018.0
6210152.0
3602777.0
-36786.0
-3516937.0
-5791165.0
-6339187.0
-5308124.0
-3368588.0
-1368846.0
43467.0
658018.0
700448.0
617113.0
773491.0
1229768.0
1709130.0
1768583.0
1073969.0
-373826.0
-2187613.0
-3749881.0
-4497088.0
-4183673.0
-2986345.0
-1393227.0
62832.0
1082785.0
1739279.0
2395426.0
3444578.0
5012069.0
6787971.0
8097671.0
8194196.0
6635748.0
3557757.0
-308191.0
-3894648.0
-6224183.0
-6801132.0
-5782140.0
-3846069.0
-1832754.0
-335119.0
549126.0
1183547.0
2101250.0
3615350.0
5545588.0
7218359.0
7757661.0
6531864.0
3533747.0
-505446.0
-4343054.0
-6703871.0
-6798379.0
-4645947.0
-1058898.0
2699679.0
5424299.0
6414199.0
5673349.0
3802365.0
1665234.0
6119.0
-807918.0
-826116.0
-361140.0
239856.0
766012.0
1176633.0
1511193.0
1761932.0
1809924.0
1475854.0
655523.0
-552409.0
-1823678.0
-2729877.0
-2954745.0
-2488654.0
-1680890.0
-1096441.0
-1229752.0
-2215019.0
-3691107.0
-4913015.0
-5080272.0
-3736593.0
-1045840.0
2203362.0
4887378.0
6012198.0
5143855.0
2604828.0
-657355.0
-3471189.0
-4928847.0
-4740233.0
-3300115.0
-1452424.0
-75684.0
310785.0
-257574.0
-1266251.0
-2009448.0
-1936479.0
-889646.0
865560.0
2807509.0
4418405.0
5400163.0
5748382.0
5670956.0
5419397.0
5137392.0
4807278.0
4309680.0
3544246.0
2528283.0
1410466.0
393702.0
-380395.0
-908357.0
-1309413.0
-1721892.0
-2173341.0
-2509078.0
-2436379.0
-1677141.0
-155597.0
1882431.0
3897013.0
5236275.0
5401152.0
4272762.0
2192764.0
-147748.0
-1967170.0
-2688809.0
-2147077.0
-623118.0
1291998.0
2933995.0
3795241.0
3659570.0
2610385.0
942017.0
-960915.0
-2717390.0
-3995240.0
-4526693.0
-4131366.0
-2768758.0
-605370.0
1951011.0
4300584.0
5801247.0
5980343.0
4724183.0
2353906.0
-462281.0
-2937314.0
-4442068.0
-4711448.0
-3891348.0
-2413935.0
-772005.0
689711.0
1862694.0
2807885.0
3587607.0
4108535.0
4084592.0
3161893.0
1152045.0
-1753255.0
-4921585.0
-7441845.0
-8465753.0
-7584556.0
-5060315.0
-1783520.0
1050043.0
2416515.0
1887415.0
-194571.0
-2874798.0
-5016633.0
-5811785.0
-5140158.0
-3614083.0
-2284401.0
-2139882.0
