x	y
-358.85719986405945	9023.177009861882
-358.2417634005722	7540.371880903227
-357.62632693708497	7359.253401631359
-357.0108904735977	4607.816417729723
-356.3954540101105	6298.360476940539
-355.78001754662324	4364.567752219251
-355.164581083136	5787.636476760672
-354.54914461964876	2876.661738620869
-353.9337081561615	5193.468268034216
-353.3182716926743	10062.233579724507
-352.70283522918703	8541.091219701939
-352.0873987656998	9930.400292961553
-351.47196230221255	6335.095892577732
-350.8565258387253	8602.04427559363
-350.24108937523806	2390.554371258423
-349.6256529117508	9115.956013606024
-349.0102164482636	5550.181025517356
-348.39477998477633	8465.041986033553
-347.7793435212891	9241.585689742195
-347.16390705780185	6781.430430334429
-346.5484705943146	5748.448425272167
-345.93303413082737	7574.397993503507
-345.3175976673401	5895.158570279536
-344.7021612038529	10156.625178682427
-344.08672474036564	6910.99029250206
-343.4712882768784	7199.829682640129
-342.85585181339115	8367.869752022714
-342.2404153499039	2418.6511519808673
-341.62497888641667	4012.5274867814314
-341.0095424229294	13384.953963976443
-340.3941059594422	11977.17651259962
-339.77866949595494	1333.1854293936017
-339.1632330324677	2643.8690201744266
-338.54779656898046	-251.06948408187327
-337.9323601054932	9174.998019652583
-337.316923642006	9911.141901746349
-336.70148717851873	6484.151984566351
-336.0860507150315	9625.012789990078
-335.47061425154425	10519.638827532004
-334.855177788057	8077.983613039431
-334.23974132456976	8856.904955667811
-333.6243048610825	13474.566639583061
-333.0088683975953	4808.741919672288
-332.39343193410804	11452.932112865308
-331.7779954706208	14338.616761391604
-331.16255900713355	5193.278169046418
-330.5471225436463	7569.085256028863
-329.93168608015907	6271.205268405649
-329.3162496166718	10848.707820842632
-328.7008131531846	16803.45043587991
-328.08537668969734	11662.160944974978
-327.4699402262101	4650.296609937701
-326.85450376272286	9410.69534066204
-326.2390672992356	5635.163986474563
-325.6236308357484	14173.909814486155
-325.00819437226113	9828.205285304604
-324.3927579087739	4229.445226752933
-323.77732144528665	6057.857999273478
-323.1618849817994	16582.885233328787
-322.54644851831216	4749.4697954478615
-321.9310120548249	10605.401226467093
-321.3155755913377	5160.989698450312
-320.70013912785043	2984.5452945320703
-320.0847026643632	11777.933884884824
-319.46926620087595	3042.7115910119655
-318.8538297373887	3083.7443797517462
-318.23839327390147	10641.761211090241
-317.6229568104142	5901.729417189877
-317.007520346927	8476.913768233238
-316.39208388343974	2591.0125859797245
-315.7766474199525	10113.514845931577
-315.16121095646525	14264.389561216947
-314.545774492978	9596.19212740694
-313.93033802949077	7498.612373565239
-313.3149015660035	8936.024436842317
-312.6994651025163	11908.926837819334
-312.08402863902904	12101.039007035062
-311.4685921755418	6643.691356023368
-310.85315571205456	14128.720517729089
-310.2377192485673	9827.933602759678
-309.6222827850801	5885.502129335322
-309.00684632159283	19821.93363199848
-308.3914098581056	11834.401610517329
-307.77597339461835	3621.8332443032596
-307.1605369311311	15824.89350623897
-306.54510046764386	12451.376410018676
-305.9296640041566	3581.295230580773
-305.3142275406694	9293.1668355908
-304.69879107718214	2822.464135382953
-304.0833546136949	9509.531502114929
-303.46791815020765	10699.45881631715
-302.8524816867204	10237.274988622561
-302.23704522323317	5039.205662812608
-301.6216087597459	6594.099668591323
-301.0061722962587	6019.158841320376
-300.39073583277144	12397.411454097804
-299.7752993692842	9477.502562816038
-299.15986290579696	8250.235007244755
-298.5444264423097	9947.4978153435
-297.9289899788225	5558.518996897266
-297.31355351533523	8550.580655248194
-296.698117051848	6688.307865276194
-296.08268058836074	7809.6517721277905
-295.4672441248735	10126.24023223183
-294.85180766138626	5900.761788564551
-294.236371197899	11846.184188797415
-293.6209347344118	6621.621309912911
-293.00549827092453	7642.962773385483
-292.3900618074373	15646.27127716417
-291.77462534395005	5112.472897620315
-291.1591888804628	11748.122457085277
-290.54375241697556	10092.988253907924
-289.9283159534883	4810.900763249921
-289.3128794900011	15303.655320926566
-288.69744302651384	6228.448344703737
-288.0820065630266	11117.107290949187
-287.46657009953935	14066.057410584766
-286.8511336360521	6911.354235585996
-286.23569717256487	3211.5313407469357
-285.6202607090776	13103.052742196047
-285.0048242455904	7441.212468600606
-284.38938778210314	7557.95700638109
-283.7739513186159	10718.543955997116
-283.15851485512866	14688.192847908434
-282.5430783916414	7564.129799424356
-281.9276419281542	8971.12183023798
-281.31220546466693	8725.728309858694
-280.6967690011797	6663.533346918151
-280.08133253769245	5444.080910038342
-279.4658960742052	9915.623483816442
-278.85045961071796	10553.086969597602
-278.2350231472307	3247.8393429396147
-277.6195866837435	6451.448837754912
-277.00415022025624	2902.0635312208906
-276.388713756769	4626.482840896907
-275.77327729328175	6167.588495607299
-275.1578408297945	4599.9084759551815
-274.54240436630727	6041.153178950386
-273.92696790282	6359.37271067107
-273.3115314393328	8187.55981777871
-272.69609497584554	7046.538244463408
-272.0806585123583	9469.02645136051
-271.46522204887106	2969.671647345647
-270.8497855853838	2564.9141352720308
-270.23434912189657	9786.46694635681
-269.61891265840933	2663.3425651924317
-269.0034761949221	5881.454953232538
-268.38803973143484	8555.963118590407
-267.7726032679476	1418.0135770872425
-267.15716680446036	5064.315186256151
-266.5417303409731	8760.27370396223
-265.9262938774859	9423.286501563402
-265.31085741399863	-297.8864601817313
-264.6954209505114	1496.4059507302695
-264.07998448702415	3429.5427512631727
-263.4645480235369	10897.62821586454
-262.84911156004966	6951.767534044081
-262.2336750965624	1155.4047656903522
-261.6182386330752	5135.613905908706
-261.00280216958794	4412.19572421488
-260.3873657061007	8404.22887442882
-259.77192924261345	4736.019967732962
-259.1564927791262	2798.0014269283824
-258.54105631563897	3346.926492897993
-257.9256198521517	-3681.884851575396
-257.3101833886645	226.38655614687877
-256.69474692517724	5376.961961085781
-256.07931046169	3007.66460710384
-255.46387399820276	3450.002785522751
-254.84843753471552	2018.1957636035036
-254.23300107122827	-1421.6825858801171
-253.61756460774103	852.9082934634489
-253.0021281442538	497.18857267975045
-252.38669168076655	-1584.0076874557021
-251.7712552172793	3624.01872899385
-251.15581875379206	6840.135153559866
-250.54038229030482	-5214.321080301654
-249.92494582681758	1680.9380990082557
-249.30950936333033	5074.238291233714
-248.6940728998431	5707.739692817751
-248.07863643635585	-3949.444095931518
-247.4631999728686	308.2786386565929
-246.84776350938137	3131.0306257284356
-246.23232704589412	3060.1996620221275
-245.61689058240688	-943.0691131593303
-245.00145411891964	-10005.50264225346
-244.3860176554324	-3298.9350877148
-243.77058119194515	-4425.053166039714
-243.1551447284579	-3536.317900219542
-242.53970826497067	419.04913744828855
-241.92427180148343	-4692.214314185739
-241.3088353379962	-3829.19556705737
-240.69339887450894	-3103.442814043465
-240.0779624110217	-3380.83648555353
-239.46252594753446	1355.4362572027164
-238.84708948404722	881.5522091080004
-238.23165302055997	1853.3225410037783
-237.61621655707273	2397.805467511015
-237.0007800935855	-3422.25348211287
-236.38534363009825	-2343.763681448082
-235.769907166611	-3474.7185782463584
-235.15447070312376	4910.279580998495
-234.53903423963652	721.9789899329021
-233.92359777614928	471.56094189157693
-233.30816131266204	-3767.7031007815094
-232.6927248491748	1766.740936810755
-232.07728838568755	4657.9086655557485
-231.4618519222003	4827.273367575809
-230.84641545871307	-2386.785526193481
-230.23097899522583	2222.4958162658986
-229.61554253173858	-1372.9289143663614
-229.00010606825134	-102.64454651764981
-228.3846696047641	-1336.495618648294
-227.76923314127686	-2611.45401959015
-227.15379667778961	1541.7170202292893
-226.53836021430237	1272.4834866385418
-225.92292375081513	-4611.332394833587
-225.3074872873279	-6086.631810685307
-224.69205082384065	-1040.76840661887
-224.0766143603534	-6845.738696990982
-223.46117789686616	-11228.768633033938
-222.84574143337892	6615.122364062885
-222.23030496989168	-4640.571332532731
-221.61486850640443	1478.5511481578055
-220.9994320429172	-2185.5131792774237
-220.38399557942995	-5074.721093684767
-219.7685591159427	-297.8017919106528
-219.15312265245547	-6282.278184029689
-218.53768618896822	-864.4999049271587
-217.92224972548098	-4228.634186952131
-217.30681326199374	-2172.342508920849
-216.6913767985065	-5012.341239207764
-216.07594033501925	-6576.546665180487
-215.460503871532	-1784.999483945483
-214.84506740804477	-5017.563155287211
-214.22963094455753	-3310.4512593109794
-213.61419448107029	-9054.147728914077
-212.99875801758304	-7393.979782983993
-212.3833215540958	-9950.638570391106
-211.76788509060856	-15530.41176220747
-211.15244862712132	-7787.84944140888
-210.53701216363407	-11597.123577201062
-209.92157570014683	-16983.110782409633
-209.3061392366596	-13274.846574530577
-208.69070277317235	-6427.679757996086
-208.0752663096851	-11499.472700933027
-207.45982984619786	-9473.558045428112
-206.84439338271062	-11183.61357122816
-206.22895691922338	-8526.915945484549
-205.61352045573614	-9673.617171118702
-204.9980839922489	-7688.6754690657845
-204.38264752876165	-10249.299429638068
-203.7672110652744	-9934.793355651971
-203.15177460178717	-9083.44133245225
-202.53633813829993	-11473.861710053143
-201.92090167481268	-8820.606589113448
-201.30546521132544	-9249.954038619428
-200.6900287478382	-7144.826553213737
-200.07459228435096	-11978.89058902884
-199.4591558208637	-14392.392811921669
-198.84371935737647	-13300.18719885292
-198.22828289388923	-5915.858926893976
-197.612846430402	-10224.684815807914
-196.99740996691474	-6208.964615948025
-196.3819735034275	-11545.686486205115
-195.76653703994026	-11347.48892711033
-195.15110057645302	-9677.220810228524
-194.53566411296578	-10554.397694012463
-193.92022764947853	-15977.182122640854
-193.3047911859913	-13065.515102007515
-192.68935472250405	-15866.217615411066
-192.0739182590168	-14808.839692231239
-191.45848179552956	-10273.189597436169
-190.84304533204232	-12690.285521756014
-190.22760886855508	-9711.065711717269
-189.61217240506784	-16152.361873178026
-188.9967359415806	-14967.857267730415
-188.38129947809335	-18866.033484451633
-187.7658630146061	-17311.98038904049
-187.15042655111887	-15041.353968380463
-186.53499008763163	-17796.784829404067
-185.91955362414438	-15136.16900529943
-185.30411716065714	-7042.8389353972525
-184.6886806971699	-14802.349727843954
-184.07324423368266	-19813.628971936985
-183.45780777019542	-12491.502332674047
-182.84237130670817	-19974.954811285985
-182.22693484322093	-14919.56790201388
-181.6114983797337	-17210.04032727782
-180.99606191624645	-11473.190712510197
-180.3806254527592	-12242.84784967971
-179.76518898927196	-12126.546530317413
-179.14975252578472	-12773.001716174884
-178.53431606229748	-17060.08635480811
-177.91887959881024	-14186.335158560334
-177.303443135323	-12179.878941916915
-176.68800667183575	-15870.723384413617
-176.0725702083485	-12064.61198086743
-175.45713374486127	-17936.288332779368
-174.84169728137402	-22566.85511757363
-174.22626081788678	-13650.82256654524
-173.61082435439954	-15432.23257241628
-172.9953878909123	-15105.867967415912
-172.37995142742506	-14495.100210059523
-171.7645149639378	-18698.647929774146
-171.14907850045057	-15822.348884455476
-170.53364203696333	-17274.006767926294
-169.9182055734761	-18765.23861759027
-169.30276910998884	-15785.133249843668
-168.6873326465016	-16517.441422087977
-168.07189618301436	-18427.871238134936
-167.45645971952712	-18478.836400610387
-166.84102325603988	-17424.387943190202
-166.22558679255263	-15294.819710169566
-165.6101503290654	-15443.267833900536
-164.99471386557815	-18549.97179666948
-164.3792774020909	-15076.739907083038
-163.76384093860366	-21512.521227652986
-163.14840447511642	-17113.235868418622
-162.53296801162918	-19697.436553887113
-161.91753154814194	-22210.815186646098
-161.3020950846547	-19457.81191574112
-160.68665862116745	-17535.506970504095
-160.0712221576802	-17309.65908303887
-159.45578569419297	-16699.796392536115
-158.84034923070573	-18869.75546712176
-158.22491276721848	-18151.583783406375
-157.60947630373124	-19982.328187264164
-156.994039840244	-26729.172436226036
-156.37860337675676	-20027.682134181476
-155.76316691326952	-23422.96776465864
-155.14773044978227	-21533.715477349127
-154.53229398629503	-13082.244053415674
-153.9168575228078	-16602.73802176827
-153.30142105932055	-18689.84701719948
-152.6859845958333	-18586.33768344539
-152.07054813234606	-21054.161836431413
-151.45511166885882	-24976.796060115455
-150.83967520537158	-22399.40698568991
-150.22423874188434	-23876.269898350838
-149.6088022783971	-28855.76120451484
-148.99336581490985	-22757.536628850234
-148.3779293514226	-15112.626460822505
-147.76249288793537	-19842.92932057535
-147.14705642444812	-24473.839408808526
-146.53161996096088	-21750.48255867559
-145.91618349747364	-21543.998305118876
-145.3007470339864	-19027.33300528145
-144.68531057049915	-20657.645132117985
-144.0698741070119	-25623.78244175966
-143.45443764352467	-18526.297500798348
-142.83900118003743	-20243.18074541231
-142.2235647165502	-30039.206237433424
-141.60812825306294	-20929.755450310724
-140.9926917895757	-25804.52994634583
-140.37725532608846	-22064.11724874533
-139.76181886260122	-15613.239167547003
-139.14638239911397	-23468.33975405112
-138.53094593562673	-20913.73785099914
-137.9155094721395	-18290.625069989517
-137.30007300865225	-22753.03338878916
-136.684636545165	-24850.893878625473
-136.06920008167776	-25585.05049774667
-135.45376361819052	-23817.179768634713
-134.83832715470328	-22477.416782388416
-134.22289069121604	-35689.051652532995
-133.6074542277288	-20887.5018002246
-132.99201776424155	-23114.412639066322
-132.3765813007543	-28611.21037123332
-131.76114483726707	-27874.112269087553
-131.14570837377983	-25185.409519799305
-130.53027191029258	-23329.61586412379
-129.91483544680534	-29794.933829569356
-129.2993989833181	-29196.97331745921
-128.68396251983086	-24505.495930655947
-128.06852605634361	-27172.056018030686
-127.45308959285639	-31836.733176754024
-126.83765312936916	-22613.824276705105
-126.22221666588193	-21961.269779709808
-125.6067802023947	-25048.294359506028
-124.99134373890747	-26239.812056795265
-124.37590727542025	-23324.16251040216
-123.76047081193302	-21317.43990811803
-123.14503434844579	-24786.82315440703
-122.52959788495856	-22540.793695929795
-121.91416142147133	-7610.472638690626
-121.2987249579841	-14219.083001985273
-120.68328849449688	-1412.7721317380347
-120.06785203100965	20999.28928557677
-119.45241556752242	44717.414921996824
-118.8369791040352	59379.88958847425
-118.22154264054797	90086.27186840388
-117.60610617706074	125681.58154099442
-116.99066971357351	164599.33518325601
-116.37523325008628	203929.89537485794
-115.75979678659905	250365.0465865786
-115.14436032311183	303625.27924838604
-114.5289238596246	352050.1779351188
-113.91348739613737	401470.7376221764
-113.29805093265014	446010.5306252405
-112.68261446916291	481908.7989143495
-112.06717800567569	514833.9395927834
-111.45174154218846	532874.1338164655
-110.83630507870123	544624.8156393671
-110.220868615214	542401.0142815234
-109.60543215172677	547966.7231136484
-108.98999568823955	521634.74990929256
-108.37455922475232	494763.1769538893
-107.75912276126509	465036.5904026955
-107.14368629777786	430953.3562471309
-106.52824983429063	392196.7324612204
-105.9128133708034	347945.4553644295
-105.29737690731618	302777.3719803211
-104.68194044382895	267646.73385468515
-104.06650398034172	225831.02048973955
-103.4510675168545	184363.20245409542
-102.83563105336727	164183.54598256413
-102.22019458988004	125222.0814417587
-101.60475812639281	106573.95852615718
-100.98932166290558	77455.89911312338
-100.37388519941835	60979.59136131793
-99.75844873593113	42096.886276793244
-99.1430122724439	28325.720755149247
-98.52757580895667	22545.303122455894
-97.91213934546944	11418.349290985381
-97.29670288198221	2618.4827130858466
-96.68126641849499	-6616.937775732236
-96.06582995500776	-11236.59445015194
-95.45039349152053	-8268.170153782106
-94.8349570280333	-19186.70300148723
-94.21952056454607	-12320.952370402389
-93.60408410105885	-21048.92525489113
-92.98864763757162	-18309.271257957887
-92.37321117408439	-21090.75466996146
-91.75777471059716	-22148.24861119571
-91.14233824710993	-19924.655202731803
-90.5269017836227	-20734.274456354207
-89.91146532013548	-22311.369209519748
-89.29602885664825	-26382.206739555753
-88.68059239316102	-23319.497821904748
-88.0651559296738	-24733.57665509877
-87.44971946618656	-24176.764643066483
-86.83428300269934	-27083.73647032537
-86.21884653921211	-28485.76208199541
-85.60341007572488	-23431.5920482261
-84.98797361223765	-21418.847417306242
-84.37253714875042	-24357.01600125029
-83.7571006852632	-29413.12499779959
-83.14166422177597	-24180.93674449247
-82.52622775828874	-23676.977977173734
-81.91079129480151	-26132.387932044956
-81.29535483131428	-20805.0020357847
-80.67991836782706	-16262.689257237562
-80.06448190433983	-24774.854642428512
-79.4490454408526	-24894.63683345272
-78.83360897736537	-26722.19173108341
-78.21817251387814	-31278.361681598235
-77.60273605039092	-25493.117883925985
-76.98729958690369	-27249.424692852426
-76.37186312341646	-24055.030976685604
-75.75642665992923	-25533.35513306854
-75.140990196442	-30672.15365990406
-74.52555373295478	-21222.510544067292
-73.91011726946755	-20106.56992161891
-73.29468080598032	-27308.46034383519
-72.67924434249309	-23225.502426894767
-72.06380787900586	-14483.769273479684
-71.44837141551864	-26634.255129814723
-70.83293495203141	-18211.800319062448
-70.21749848854418	-13552.726624773044
-69.60206202505695	-23725.218147577947
-68.98662556156972	-24979.142808312965
-68.3711890980825	-23289.844954956563
-67.75575263459527	-18781.10522780022
-67.14031617110804	-23721.81211288563
-66.52487970762081	-21711.29862187055
-65.90944324413358	-16041.875665037627
-65.29400678064636	-15050.842615379936
-64.67857031715913	-21156.51442972899
-64.0631338536719	-17378.18910740275
-63.44769739018467	-20492.58768667982
-62.832260926697444	-19933.005912772158
-62.216824463210216	-23634.90021470937
-61.60138799972299	-28354.761108616396
-60.98595153623576	-26820.188835272922
-60.37051507274853	-18545.836193511044
-59.755078609261304	-15877.314444179565
-59.139642145774076	-26415.960029777667
-58.52420568228685	-25395.292795116417
-57.90876921879962	-19983.82197152797
-57.29333275531239	-15032.090500763346
-56.677896291825164	-26439.804067428468
-56.062459828337936	-23637.760021647802
-55.44702336485071	-18319.100800459444
-54.83158690136348	-15596.491806799942
-54.21615043787625	-18486.601702219003
-53.60071397438902	-18172.92377491295
-52.985277510901795	-21423.38642084546
-52.36984104741457	-26272.31558735823
-51.75440458392734	-19748.37297318023
-51.13896812044011	-27638.758330591914
-50.52353165695288	-20434.535909276023
-49.908095193465655	-15612.267999755291
-49.29265872997843	-12809.083629051189
-48.6772222664912	-19687.20093723006
-48.06178580300397	-21223.047440761467
-47.44634933951674	-22043.90464279719
-46.830912876029515	-21183.115281175622
-46.21547641254229	-21462.06344462777
-45.60003994905506	-25133.493316145737
-44.98460348556783	-20935.76554704436
-44.3691670220806	-20760.808156975138
-43.753730558593375	-14808.562242835185
-43.13829409510615	-23457.96113240637
-42.52285763161892	-17163.26855769954
-41.90742116813169	-12629.129683928419
-41.29198470464446	-16012.807733168323
-40.676548241157235	-18751.687210978187
-40.06111177767001	-16133.46520515826
-39.44567531418278	-11949.802700935134
-38.83023885069555	-14471.145004089787
-38.21480238720832	-17041.426721823358
-37.599365923721095	-24879.841136813076
-36.98392946023387	-15225.947649309815
-36.36849299674664	-13934.282788916176
-35.75305653325941	-20279.997979044656
-35.13762006977218	-17546.88643361537
-34.522183606284955	-20907.339455798974
-33.90674714279773	-15790.240855578217
-33.2913106793105	-16332.198878068797
-32.67587421582327	-11139.637065608913
-32.06043775233604	-18452.669898704793
-31.44500128884881	-13571.135248514627
-30.82956482536158	-15224.063391521959
-30.214128361874348	-10560.411312085154
-29.598691898387116	-18517.31278160366
-28.983255434899885	-20923.74635271207
-28.367818971412653	-14458.435062589651
-27.75238250792542	-18614.009891723184
-27.13694604443819	-16053.049165654085
-26.52150958095096	-15249.120874673874
-25.906073117463727	-15906.234106130452
-25.290636653976495	-18598.209159981478
-24.675200190489264	-18354.467369792055
-24.059763727002032	-20537.73026246421
-23.4443272635148	-19431.5857289583
-22.82889080002757	-12658.305959212308
-22.213454336540337	-16318.832718940019
-21.598017873053106	-11883.388431392765
-20.982581409565874	-15394.558672216965
-20.367144946078643	-11390.742787726613
-19.75170848259141	-16202.475052883065
-19.13627201910418	-14304.196246157293
-18.520835555616948	-13811.515261814708
-17.905399092129716	-10047.011268077906
-17.289962628642485	-7731.548440396466
-16.674526165155253	-13653.726458579233
-16.05908970166802	-17972.307474145815
-15.44365323818079	-5046.416706062385
-14.828216774693558	-19468.922112809112
-14.212780311206327	-7738.4456111102945
-13.597343847719095	-17180.41753911902
-12.981907384231864	-16694.650559874106
-12.366470920744632	-9534.491770758505
-11.7510344572574	-9574.729204318834
-11.135597993770169	-6931.171756203044
-10.520161530282937	-15375.642144125697
-9.904725066795706	-8773.498639582767
-9.289288603308474	-10488.40220745339
-8.673852139821243	-6786.2296792885345
-8.058415676334011	-12214.276854401178
-7.44297921284678	-12297.928968445261
-6.82754274935955	-15684.089342974854
-6.212106285872319	-14321.3208992185
-5.596669822385088	-9910.977228140906
-4.981233358897858	-13006.891863239192
-4.365796895410627	-9854.350219392913
-3.7503604319233963	-11855.373284061705
-3.1349239684361656	-3666.557256100392
-2.519487504948935	-7205.9081450544145
-1.9040510414617042	-5920.409921082811
-1.2886145779744735	-5781.248892892252
-0.6731781144872429	-4312.0503362116915
-0.05774165100001216	-11497.221087887905
0.5576948124872185	-15951.301572248223
1.1731312759744492	-12945.82734583964
1.78856773946168	-10091.915652792883
2.4040042029489106	-11119.701633284338
3.0194406664361413	-7435.754514252964
3.634877129923372	-4068.4242909729896
4.250313593410603	-14380.972211146694
4.865750056897833	-6300.875063618391
5.481186520385064	-8003.59546843464
6.096622983872295	-5676.115059104768
6.712059447359525	-6987.393157102473
7.327495910846756	-8038.49027725695
7.942932374333987	-12156.955263692369
8.558368837821217	-12514.887402824013
9.173805301308448	-9938.42275974567
9.78924176479568	-785.4326777983293
10.404678228282911	-11563.539050863306
11.020114691770143	-5880.713617465573
11.635551155257374	-11463.329696884368
12.250987618744606	-1198.2186991745752
12.866424082231838	-7500.1861493934075
13.48186054571907	-329.53952147991845
14.0972970092063	-10106.887827776314
14.712733472693532	-10887.154901768023
15.328169936180764	-6430.926759242335
15.943606399667996	-5009.741231218209
16.559042863155227	-3040.08449932288
17.17447932664246	-2660.3961387608565
17.78991579012969	-4499.36769760443
18.405352253616922	-59.65121547519652
19.020788717104153	-6300.706883491044
19.636225180591385	-8578.71896819599
20.251661644078617	-7053.4092649434715
20.867098107565848	2586.7686794747924
21.48253457105308	-4768.61515319511
22.09797103454031	-4888.807045911233
22.713407498027543	-1791.3751930840774
23.328843961514774	-2770.5930928240605
23.944280425002006	-4094.8144048075874
24.559716888489238	-7777.565686429865
25.17515335197647	-4654.407054963322
25.7905898154637	-5572.215301576805
26.406026278950932	-9938.41390161592
27.021462742438164	-5613.294320396417
27.636899205925396	1480.8635428479029
28.252335669412627	-5408.252631981149
28.86777213289986	-2059.179281748964
29.48320859638709	-6432.190485991829
30.098645059874322	-5748.991493397664
30.714081523361553	-1414.6187991314391
31.329517986848785	-7838.113842607827
31.944954450336017	-2055.8022035463036
32.56039091382325	3500.9934624968446
33.175827377310476	-5038.974399149443
33.791263840797704	-3954.155792333744
34.40670030428493	1735.6462570890608
35.02213676777216	2069.8352954479915
35.63757323125939	196.7281388647266
36.253009694746616	-6637.438025142743
36.868446158233844	250.95826960638988
37.48388262172107	-9472.019967984083
38.0993190852083	-3991.373542577473
38.71475554869553	4592.870121149763
39.330192012182756	37.922468381018916
39.945628475669984	3112.4453968336834
40.56106493915721	1323.4070133279213
41.17650140264444	-964.7518374746899
41.79193786613167	829.4439691005537
42.4073743296189	-888.4210557573201
43.022810793106125	-2171.60207459078
43.63824725659335	-1818.2425656997918
44.25368372008058	623.5639045191656
44.86912018356781	4055.2648202569035
45.48455664705504	1399.1722923922293
46.099993110542265	6279.724686326122
46.71542957402949	6326.806774889656
47.33086603751672	3785.0565574102206
47.94630250100395	3230.9556593692755
48.56173896449118	1868.6831861537116
49.177175427978405	1963.651257657947
49.79261189146563	4555.768979229003
50.40804835495286	3004.961029836955
51.02348481844009	5384.7449811734905
51.63892128192732	2754.8225487468903
52.254357745414545	2925.209927866546
52.86979420890177	-1265.9832196422326
53.485230672389	-204.71846549723386
54.10066713587623	4680.272524612785
54.71610359936346	2680.8854651381816
55.331540062850685	6864.165349360883
55.94697652633791	5413.96977593641
56.56241298982514	2466.2168214000894
57.17784945331237	1035.4199078048061
57.7932859167996	-3361.658217170141
58.408722380286825	10720.388129516508
59.02415884377405	9161.153113283426
59.63959530726128	5677.034474719858
60.25503177074851	3420.42877743996
60.87046823423574	5575.026012201592
61.485904697722965	1814.77201882219
62.10134116121019	-2308.1830120031973
62.71677762469742	1509.853998891499
63.33221408818465	8043.167712530181
63.94765055167188	3138.591509192849
64.56308701515911	11897.273431700294
65.17852347864634	2338.3201234726757
65.79395994213357	3157.7977316124375
66.4093964056208	5337.96038709483
67.02483286910802	10207.02485044003
67.64026933259525	8891.704635661896
68.25570579608248	4605.403549962811
68.87114225956971	11167.696454521963
69.48657872305694	4930.906783546442
70.10201518654416	3337.616462631361
70.71745165003139	-677.4887238699898
71.33288811351862	11936.489491907341
71.94832457700585	12863.332601655076
72.56376104049308	5349.477292089223
73.1791975039803	8129.342171664603
73.79463396746753	5647.717705446238
74.41007043095476	9133.656887492856
75.02550689444199	7019.216455919883
75.64094335792922	6429.94116163004
76.25637982141644	8265.368686423133
76.87181628490367	5219.512773776116
77.4872527483909	9552.019279723492
78.10268921187813	3621.635902143198
78.71812567536536	3374.8424090610383
79.33356213885259	11206.413976277987
79.94899860233981	1534.7547576703446
80.56443506582704	2242.520865677379
81.17987152931427	2199.695102648879
81.7953079928015	16087.810984937509
82.41074445628873	11056.866272012565
83.02618091977595	2711.661125307824
83.64161738326318	6066.827003271884
84.25705384675041	8877.21259405944
84.87249031023764	5633.541542364963
85.48792677372487	9353.486807676833
86.1033632372121	10852.618059294422
86.71879970069932	6549.797278844901
87.33423616418655	9272.821715240158
87.94967262767378	10545.61276949151
88.565109091161	9806.437202687048
89.18054555464823	13022.25028049816
89.79598201813546	6223.284213346231
90.41141848162269	9835.101050316167
91.02685494510992	5148.891820674656
91.64229140859715	1827.9982651257492
92.25772787208437	9151.703404309725
92.8731643355716	11912.634132983188
93.48860079905883	5342.305384647813
94.10403726254606	3183.2140800193383
94.71947372603329	11164.27616539129
95.33491018952051	10428.183716657433
95.95034665300774	6017.122843798004
96.56578311649497	3716.48544049012
97.1812195799822	6860.519313780806
97.79665604346943	6144.789768660469
98.41209250695665	10765.777383292068
99.02752897044388	10467.51211434031
99.64296543393111	10850.466693532104
100.25840189741834	7217.288181689685
100.87383836090557	7495.849580681368
101.4892748243928	4736.808313766448
102.10471128788002	10231.593332361754
102.72014775136725	6658.266328436559
103.33558421485448	2075.6331712542606
103.9510206783417	375.0312206111841
104.56645714182893	2993.987194669138
105.18189360531616	11033.071101550233
105.79733006880339	12828.320034933913
106.41276653229062	7171.424831449792
107.02820299577785	4451.360243203686
107.64363945926507	10134.025485912596
108.2590759227523	7960.500613928417
108.87451238623953	11310.532175270515
109.48994884972676	7163.437061554245
110.10538531321399	9958.33389350134
110.72082177670121	6354.896028148511
111.33625824018844	7352.6830896155325
111.95169470367567	12586.89714929045
112.5671311671629	10446.539398271634
113.18256763065013	7080.88004944796
113.79800409413735	18463.700236248613
114.41344055762458	6266.550379158046
115.02887702111181	9191.057867710502
115.64431348459904	12165.565058072068
116.25974994808627	9505.704270197504
116.8751864115735	13990.622692906269
117.49062287506072	2859.17164908749
118.10605933854795	5969.825191184575
118.72149580203518	12941.014174068598
119.3369322655224	10450.562006425067
119.95236872900963	11575.489968297465
120.56780519249686	3154.287156651929
121.18324165598409	6471.205624674237
121.79867811947132	11279.734924929362
122.41411458295855	5643.060255916903
123.02955104644577	9712.598440030415
123.644987509933	8901.213093428469
124.26042397342023	13050.993876608922
124.87586043690746	6432.878770273783
125.49129690039469	6456.617422322705
126.10673336388192	12103.900322304911
126.72216982736914	4655.338884563231
127.33760629085637	10137.864739602534
127.9530427543436	16709.01139136353
128.56847921783083	9921.603827479268
129.18391568131807	11767.693635834401
129.7993521448053	7616.007641725691
130.41478860829255	4862.882959712527
131.0302250717798	12377.995008309215
131.64566153526704	18001.665617463776
132.26109799875428	7951.968793235708
132.87653446224152	8092.9632005385465
133.49197092572876	10096.92355447682
134.107407389216	8055.630890801325
134.72284385270325	7091.351542936427
135.3382803161905	10052.641172247117
135.95371677967773	4968.790386543911
136.56915324316498	5046.782478255841
137.18458970665222	-560.3879304635847
137.80002617013946	11591.699595411641
138.4154626336267	6911.855936140002
139.03089909711395	9467.476917653757
139.6463355606012	17175.55331096612
140.26177202408843	12540.496343045375
140.87720848757567	9638.297539492514
141.4926449510629	11700.64223842222
142.10808141455016	9642.097954888537
142.7235178780374	10615.216401674286
143.33895434152464	15313.994095518712
143.95439080501188	5304.188009518391
144.56982726849913	5802.414297271206
145.18526373198637	4883.945329820837
145.8007001954736	9512.111632235028
146.41613665896085	11380.158102267626
147.0315731224481	4707.251497557975
147.64700958593534	10448.774233365803
148.26244604942258	7959.9031781590575
148.87788251290982	10196.710373643164
149.49331897639706	13691.020409607068
150.1087554398843	14702.867434171927
150.72419190337155	9208.56164835323
151.3396283668588	9954.38256686788
151.95506483034603	9204.195390420882
152.57050129383327	-260.6472620597176
153.18593775732052	7838.312180620609
153.80137422080776	7287.099593608029
154.416810684295	11386.692346731747
155.03224714778224	8658.663241951763
155.64768361126949	6327.474306946766
156.26312007475673	11643.563320075693
156.87855653824397	13375.758196492276
157.4939930017312	4454.107360829205
158.10942946521845	9901.25882789091
158.7248659287057	17943.730928145567
159.34030239219294	10789.884174425053
159.95573885568018	9828.016343083167
160.57117531916742	9690.354820568806
161.18661178265467	5514.95123866735
161.8020482461419	19070.187516667916
162.41748470962915	12183.84034603899
163.0329211731164	10471.937353483021
163.64835763660363	7046.286397702527
164.26379410009088	7425.201950979084
164.87923056357812	3000.9962505626863
165.49466702706536	2175.1019122952175
166.1101034905526	11899.013511003643
166.72553995403985	2189.786074910873
167.3409764175271	12998.107614322036
167.95641288101433	5432.232979238566
168.57184934450157	4410.590874296851
169.18728580798881	5845.256681436649
169.80272227147606	2847.943870529246
170.4181587349633	7237.311352360899
171.03359519845054	620.6886434765563
171.64903166193778	7160.23116677254
172.26446812542503	11612.865769966029
172.87990458891227	12261.559665602537
173.4953410523995	12593.638448163552
174.11077751588675	12871.01419702679
174.726213979374	5170.538968089246
175.34165044286124	13654.350877441826
175.95708690634848	5649.561451429667
176.57252336983572	13442.01122593459
177.18795983332296	2899.111315305377
177.8033962968102	12968.09872968483
178.41883276029745	8852.148074315608
179.0342692237847	6825.872662425249
179.64970568727193	7764.932729444359
180.26514215075917	9544.07698735642
180.88057861424642	8331.121744122802
181.49601507773366	8505.196159139103
182.1114515412209	-1957.5961591367682
182.72688800470814	3840.256039609751
183.3423244681954	5347.34035552903
183.95776093168263	6718.322894259041
184.57319739516987	6617.533565494501
185.1886338586571	11116.7336760396
185.80407032214436	5576.1450086975365
186.4195067856316	4783.7212321718325
187.03494324911884	5826.65428132463
187.65037971260608	11319.460513643928
188.26581617609332	8804.189814677628
188.88125263958057	1224.1757055235498
189.4966891030678	1875.6962607814555
190.11212556655505	11051.17664106227
190.7275620300423	5344.824099783681
191.34299849352954	7527.128352782234
191.95843495701678	6444.419936116907
192.57387142050402	6649.072033467793
193.18930788399126	10001.944053609432
193.8047443474785	6391.436840169747
194.42018081096575	7309.6215226616705
195.035617274453	5605.152175292022
195.65105373794023	532.5127518053723
196.26649020142747	4012.9586313848317
196.88192666491472	8433.47881312125
197.49736312840196	8781.875835783188
198.1127995918892	2598.947764445756
198.72823605537644	12576.054418984488
199.34367251886368	-440.07507021552374
199.95910898235093	9120.387962223589
200.57454544583817	8038.474086991408
201.1899819093254	-4478.5167293895975
201.80541837281265	6394.0333061941865
202.4208548362999	846.8832094961258
203.03629129978714	7509.357085025873
203.65172776327438	-574.616208595035
204.26716422676162	922.8175972506903
204.88260069024886	3584.489254486325
205.4980371537361	4766.896546117669
206.11347361722335	7115.691892884124
206.7289100807106	4440.249724261001
207.34434654419783	9513.195535541536
207.95978300768508	-1457.3881005073154
208.57521947117232	7821.68145084754
209.19065593465956	9422.878065451763
209.8060923981468	9346.905381362762
210.42152886163404	2930.921487996817
211.0369653251213	1584.2945070673877
211.65240178860853	4003.8159597110816
212.26783825209577	5618.233380664111
212.883274715583	7326.498075584125
213.49871117907026	1628.8827744674777
214.1141476425575	3311.2102225369836
214.72958410604474	4409.05253672352
215.34502056953198	11579.433646710342
215.96045703301922	4033.686043944614
216.57589349650647	5920.613165288485
217.1913299599937	1768.8089733693662
217.80676642348095	7133.679821523914
218.4222028869682	11615.236391863204
219.03763935045544	4751.017709193292
219.65307581394268	5767.530163499123
220.26851227742992	4168.038503454592
220.88394874091716	6881.250684129085
221.4993852044044	11120.99031588663
222.11482166789165	8913.121876718895
222.7302581313789	10047.052361328464
223.34569459486613	9034.987878711008
223.96113105835337	434.2503294872686
224.57656752184062	9756.546911132333
225.19200398532786	5313.296101549957
225.8074404488151	-2814.136404956688
226.42287691230234	-1319.6480875230986
227.03831337578958	4459.946985417845
227.65374983927683	7403.523337747147
228.26918630276407	12105.50386217728
228.8846227662513	751.4021001570882
229.50005922973855	-1102.4079254789413
230.1154956932258	9621.06584651197
230.73093215671304	4508.96803799656
231.34636862020028	2941.6223886519633
231.96180508368752	-3509.8397736132756
232.57724154717476	1821.16043410913
233.192678010662	268.92610258893467
233.80811447414925	8385.510329910843
234.4235509376365	8537.67537888308
235.03898740112373	1207.114504747824
235.65442386461098	7102.54998670372
236.26986032809822	7172.6826293576705
236.88529679158546	6256.30503808769
237.5007332550727	5061.900649018388
238.11616971855995	11027.82216508302
238.7316061820472	3191.6140163939463
239.34704264553443	-2718.024537977689
239.96247910902167	3050.3106413221903
240.5779155725089	2030.8420169355932
241.19335203599616	1516.474814248324
241.8087884994834	-468.5820918357522
242.42422496297064	4255.463038909993
243.03966142645788	-3833.3588168109613
243.65509788994513	6520.505377663424
244.27053435343237	5379.633114258179
244.8859708169196	7785.745438225007
245.50140728040685	431.7770192043863
246.1168437438941	-824.7817355276527
246.73228020738134	1853.438156052205
247.34771667086858	1038.6358531052558
247.96315313435582	-621.5029187617743
248.57858959784306	1024.9167012025869
249.1940260613303	-4356.140493541917
249.80946252481755	3175.5386953679285
250.4248989883048	4322.321570406764
251.04033545179203	567.7846554622002
251.65577191527927	562.6169222764817
252.27120837876652	3001.7115773718215
252.88664484225376	70.25808475394365
253.502081305741	1140.2487601252626
254.11751776922824	3590.7035144811325
254.73295423271549	5374.490182835372
255.34839069620273	6883.715010311685
255.96382715968997	-4819.303511371976
256.5792636231772	5941.1820360272695
257.19470008666445	2491.5472243033446
257.8101365501517	4327.8867665386615
258.42557301363894	4559.638092963958
259.0410094771262	-10.401908469737464
259.6564459406134	9858.597794150208
260.27188240410067	8840.663631243744
260.8873188675879	-385.7674109619038
261.50275533107515	-307.2528255950767
262.1181917945624	-1472.0938048324806
262.73362825804963	3952.0720834553786
263.3490647215369	6267.099945935861
263.9645011850241	2509.925957485665
264.57993764851136	5116.95891845119
265.1953741119986	-3730.6270522466193
265.81081057548585	-1403.3529294332507
266.4262470389731	216.8301839575647
267.04168350246033	3516.932612256529
267.6571199659476	2660.4005176968785
268.2725564294348	8322.956653235186
268.88799289292206	-1278.1852638350924
269.5034293564093	3687.1034341118175
270.11886581989654	4374.553338310761
270.7343022833838	636.9686761967123