# File created = Thursday, July 10, 2025 at 4:26:45 PM Mountain Standard Time
# Data set = Si29Direct_onescan.fid  1  1  /Users/yarger/Data/NMR/Si29Direct_SAA_sample_600sD1
# Spectral Region:
# LEFT = 231.6436004638672 ppm. RIGHT = -387.70592695389314 ppm.
#
# SIZE = 4031 ( = number of points)
#
# In the following ordering is from the 'left' to the 'right' limits!
# Lines beginning with '#' must be considered as comment lines.
#
-4.9003504E7
-1.60232928E8
-2.9715224E8
-4.16100944E8
-4.7286656E8
-4.40919664E8
-3.24526384E8
-1.59760416E8
-1472064.0
9.9027808E7
1.15777984E8
5.911896E7
-2.9951488E7
-9.9919888E7
-1.14020928E8
-6.8294736E7
6764432.0
6.2238992E7
5.684872E7
-2.0006416E7
-1.4024488E8
-2.4897576E8
-2.91143408E8
-2.40104E8
-1.13745904E8
3.0605504E7
1.21052944E8
1.04501264E8
-2.7262992E7
-2.3150936E8
-4.31918256E8
-5.51660976E8
-5.47020288E8
-4.26092784E8
-2.44162384E8
-7.8264944E7
6986528.0
-1.3421856E7
-1.16681008E8
-2.45638528E8
-3.36662624E8
-3.48405296E8
-2.78418144E8
-1.61033776E8
-4.8994448E7
1.1451248E7
124560.0
-7.11296E7
-1.67306256E8
-2.48160928E8
-2.85904096E8
-2.74630256E8
-2.2835296E8
-1.70324432E8
-1.20103136E8
-8.4988384E7
-5.9330864E7
-3.08032E7
1.0646112E7
6.6169408E7
1.26825056E8
1.7767576E8
2.04349328E8
1.98414032E8
1.5915936E8
9.1713792E7
3441536.0
-9.8846688E7
-2.093204E8
-3.21459872E8
-4.26031168E8
-5.10706736E8
-5.62275712E8
-5.70699872E8
-5.32988288E8
-4.54758544E8
-3.48502368E8
-2.2932488E8
-1.10289664E8
297376.0
9.8421936E7
1.81268224E8
2.43592464E8
2.76093248E8
2.67368368E8
2.09161008E8
1.0268088E8
-3.7204288E7
-1.82632528E8
-2.99161856E8
-3.56372032E8
-3.39027232E8
-2.54404752E8
-1.32343664E8
-1.7007904E7
4.7528592E7
3.3122096E7
-6.1027536E7
-2.06185904E8
-3.52845232E8
-4.48050912E8
-4.55258192E8
-3.69063648E8
-2.18505744E8
-5.6764048E7
5.9417696E7
9.2632848E7
4.0469904E7
-6.3189376E7
-1.6251768E8
-2.04133584E8
-1.61066848E8
-4.5414768E7
9.6589536E7
2.0553568E8
2.36662848E8
1.81685136E8
7.39512E7
-2.629128E7
-6.037592E7
-394192.0
1.3492056E8
2.8583176E8
3.770256E8
3.51589104E8
1.97891824E8
-4.330344E7
-2.950724E8
-4.76537104E8
-5.36198592E8
-4.7117888E8
-3.24111392E8
-1.60258736E8
-3.6791648E7
2.0600256E7
2.3004912E7
4434096.0
-2296144.0
1.3955424E7
3.7240528E7
3.6958224E7
-9239232.0
-9.5673152E7
-1.8439592E8
-2.2069048E8
-1.61552976E8
-2486176.0
2.12491856E8
4.0502256E8
4.95979568E8
4.43134512E8
2.64315584E8
3.3455136E7
-1.50391056E8
-2.07686992E8
-1.16075632E8
7.7069984E7
2.73963536E8
3.69466304E8
2.98488144E8
6.6086992E7
-2.53467952E8
-5.48116496E8
-7.15471136E8
-7.04895392E8
-5.3579E8
-2.85031488E8
-5.0646784E7
9.0907488E7
1.14622416E8
5.1699168E7
-3.0981344E7
-6.5505872E7
-1.504544E7
1.10733616E8
2.62482592E8
3.75343776E8
3.98368944E8
3.1590712E8
1.52503664E8
-3.9164896E7
-2.0055432E8
-2.89521808E8
-2.93748736E8
-2.31272048E8
-1.39758032E8
-6.0191456E7
-2.174528E7
-3.2952416E7
-8.1199968E7
-1.39502512E8
-1.77483328E8
-1.72757088E8
-1.19210288E8
-2.9663696E7
6.8116656E7
1.412044E8
1.64198096E8
1.3033848E8
5.6337088E7
-2.211896E7
-6.3758464E7
-3.952328E7
5.25348E7
1.8246096E8
2.9736592E8
3.41960608E8
2.82803472E8
1.25720688E8
-8.2184496E7
-2.68348176E8
-3.62943344E8
-3.28036E8
-1.75107552E8
3.718048E7
2.247968E8
3.11061024E8
2.56801104E8
7.5539312E7
-1.72250656E8
-4.0289008E8
-5.41003424E8
-5.45954976E8
-4.23386416E8
-2.189236E8
1444032.0
1.7514384E8
2.61617248E8
2.50168528E8
1.56911344E8
1.494584E7
-1.36737232E8
-2.61716592E8
-3.31076288E8
-3.26320448E8
-2.42159056E8
-8.9490192E7
1.032684E8
2.93365648E8
4.3309288E8
4.83955936E8
4.30938416E8
2.90618864E8
1.08408432E8
-5.5586144E7
-1.4743848E8
-1.38859728E8
-3.7071056E7
1.19301024E8
2.76716416E8
3.88546208E8
4.32799872E8
4.18203696E8
3.76393392E8
3.44293024E8
3.45145216E8
3.77116176E8
4.14739424E8
4.2239856E8
3.7339016E8
2.65448992E8
1.25162736E8
-1257312.0
-6.7135536E7
-4.6062848E7
5.5111024E7
1.97141728E8
3.23263856E8
3.82078944E8
3.48812976E8
2.35774032E8
8.7304944E7
-3.8877744E7
-9.6144416E7
-6.8728784E7
2.1841968E7
1.26678896E8
1.91720224E8
1.82555216E8
1.0082928E8
-1.5383152E7
-1.07894112E8
-1.24565584E8
-4.380128E7
1.1379032E8
2.92280224E8
4.23345216E8
4.55386384E8
3.7592856E8
2.17159024E8
4.1947152E7
-8.3470816E7
-1.17848864E8
-6.1562576E7
4.5794432E7
1.45292128E8
1.86378128E8
1.4932744E8
5.2154976E7
-6.0582464E7
-1.40885984E8
-1.60556192E8
-1.23194656E8
-5.9606496E7
-9797392.0
-1457840.0
-3.6279424E7
-9.0979072E7
-1.31924112E8
-1.34984816E8
-9.9535616E7
-4.8814032E7
-1.6368928E7
-2.6052608E7
-7.674984E7
-1.40697104E8
-1.76982288E8
-1.53466E8
-6.5441296E7
5.9382544E7
1.73023552E8
2.3087008E8
2.14808224E8
1.43619424E8
6.470688E7
3.0803872E7
7.3248848E7
1.85472272E8
3.25335872E8
4.35398928E8
4.70990064E8
4.2192208E8
3.1693E8
2.08767024E8
1.47752896E8
1.57314384E8
2.23740448E8
3.047756E8
3.51863344E8
3.34014304E8
2.50954304E8
1.29428976E8
5833152.0
-9.4380736E7
-1.68703328E8
-2.34394128E8
-3.12408624E8
-4.08249392E8
-5.0157256E8
-5.51666176E8
-5.17009376E8
-3.78909216E8
-1.56282912E8
9.72276E7
3.13524528E8
4.38175552E8
4.52464976E8
3.78372016E8
2.64253248E8
1.59014464E8
8.8454912E7
4.6077312E7
2702288.0
-7.1032384E7
-1.82240704E8
-3.06363376E8
-3.9658792E8
-4.07565024E8
-3.20806704E8
-1.57816464E8
2.6785504E7
1.69363728E8
2.2659592E8
1.95058528E8
1.1102648E8
3.0706768E7
1293232.0
3.790472E7
1.18169728E8
1.96719856E8
2.31239184E8
2.05667408E8
1.37906192E8
6.797296E7
3.3348528E7
4.5424304E7
8.0561424E7
9.1455024E7
3.3387888E7
-1.08486448E8
-3.05864704E8
-4.96166832E8
-6.10253424E8
-6.05612752E8
-4.8827792E8
-3.11947344E8
-1.54009456E8
-7.9734656E7
-1.11914544E8
-2.20656128E8
-3.38188704E8
-3.9138528E8
-3.36288016E8
-1.78324592E8
3.0805488E7
2.17231808E8
3.17906688E8
3.06910736E8
2.03606752E8
6.0447888E7
-6.2163168E7
-1.21304256E8
-1.05835232E8
-3.4698096E7
5.7526688E7
1.38986704E8
1.9349168E8
2.22825072E8
2.39428752E8
2.55241472E8
2.73552144E8
2.88000816E8
2.8826024E8
2.6817384E8
2.31172624E8
1.89852832E8
1.60192464E8
1.53850672E8
1.72742784E8
2.08451888E8
2.4622376E8
2.71028016E8
2.72653472E8
2.48049728E8
2.01066768E8
1.41015888E8
8.1321104E7
3.8274816E7
2.8707728E7
6.5389136E7
1.50513792E8
2.6985488E8
3.91496432E8
4.7218264E8
4.71110784E8
3.66813504E8
1.69888032E8
-7.5327744E7
-3.0301888E8
-4.48818672E8
-4.74673936E8
-3.85033424E8
-2.26683664E8
-7.129848E7
1.2665584E7
-1.2775888E7
-1.40073888E8
-3.19436496E8
-4.787904E8
-5.51812752E8
-5.02490384E8
-3.36807328E8
-9.8117744E7
1.5038168E8
3.47979184E8
4.5473424E8
4.59878336E8
3.79345872E8
2.45749552E8
9.6102896E7
-3.8076864E7
-1.36007776E8
-1.88451552E8
-1.95773552E8
-1.65030336E8
-1.07121312E8
-3.429312E7
4.1954672E7
1.12320112E8
1.70125952E8
2.10671504E8
2.30185808E8
2.25621696E8
1.96277952E8
1.46987136E8
9.095472E7
4.9417088E7
4.608992E7
9.6984096E7
1.9944152E8
3.26277712E8
4.30061728E8
4.58524512E8
3.76398032E8
1.84482848E8
-7.3848528E7
-3.24115568E8
-4.87656192E8
-5.13657168E8
-4.02161648E8
-2.06659264E8
-1.3432544E7
9.4464432E7
7.2994896E7
-6.3642112E7
-2.49657408E8
-3.97680608E8
-4.38616736E8
-3.5297448E8
-1.79108144E8
5370304.0
1.20089632E8
1.1901896E8
1.080752E7
-1.46738496E8
-2.74681392E8
-3.0957696E8
-2.31255376E8
-6.929096E7
1.1353936E8
2.5146304E8
3.043552E8
2.71511296E8
1.85571584E8
9.1797536E7
2.466208E7
-6160896.0
-1.4448656E7
-2.3507104E7
-4.901016E7
-8.8909792E7
-1.25908128E8
-1.40319936E8
-1.2503392E8
-9.3096368E7
-7.2753152E7
-9.209264E7
-1.6159904E8
-2.64499072E8
-3.60869168E8
-4.0419904E8
-3.6242728E8
-2.3298056E8
-4.4359456E7
1.56334272E8
3.23514672E8
4.30938736E8
4.7899512E8
4.88985344E8
4.88584544E8
4.96672912E8
5.1516864E8
5.31009632E8
5.25746448E8
4.86505792E8
4.12226096E8
3.12619664E8
2.0192792E8
9.2385904E7
-8210128.0
-9.382064E7
-1.55318736E8
-1.78353712E8
-1.47299696E8
-5.4548896E7
8.9825728E7
2.54596608E8
3.94250912E8
4.64970512E8
4.43019424E8
3.36490544E8
1.83804848E8
3.8631472E7
-5.2175984E7
-6.7193744E7
-1.6647536E7
6.648064E7
1.45406912E8
1.9833592E8
2.27124736E8
2.51497472E8
2.92509696E8
3.55007872E8
4.19540944E8
4.49069824E8
4.07587696E8
2.80888416E8
8.8028688E7
-1.23416736E8
-2.9674456E8
-3.90743792E8
-3.97163024E8
-3.42229232E8
-2.71715776E8
-2.27621344E8
-2.28743568E8
-2.65030368E8
-3.0788912E8
-3.29854112E8
-3.21992064E8
-2.98945552E8
-2.88749008E8
-3.13476272E8
-3.7236024E8
-4.3801288E8
-4.69148576E8
-4.33671152E8
-3.29456032E8
-1.9048912E8
-7.337784E7
-2.9888272E7
-7.9358288E7
-1.95940256E8
-3.18653056E8
-3.80527616E8
-3.42763088E8
-2.1636776E8
-5.9370704E7
5.0216464E7
5.3008304E7
-6.0688304E7
-2.43319072E8
-4.10640256E8
-4.8101136E8
-4.14494672E8
-2.3260776E8
-8885600.0
1.65338512E8
2.23420032E8
1.53694496E8
3215088.0
-1.46376736E8
-2.18688096E8
-1.78669648E8
-4.783008E7
1.08044432E8
2.1191032E8
2.12829456E8
1.098632E8
-4.8190432E7
-1.86081824E8
-2.36649344E8
-1.70371008E8
-7047472.0
1.94243568E8
3.6079592E8
4.35176592E8
3.95039872E8
2.57011408E8
6.5540112E7
-1.2627632E8
-2.74942752E8
-3.5730152E8
-3.718556E8
-3.33096336E8
-2.63216576E8
-1.84896064E8
-1.16676816E8
-7.0516096E7
-5.0526064E7
-5.2612384E7
-6.568904E7
-7.5248448E7
-6.8934512E7
-4.2092368E7
-348704.0
4.2886336E7
7.3593232E7
8.568256E7
8.6086576E7
9.2718768E7
1.25164576E8
1.92208064E8
2.8284672E8
3.66582336E8
4.04532032E8
3.67228256E8
2.50831904E8
8.3275168E7
-8.3923744E7
-1.95617584E8
-2.16147824E8
-1.44884496E8
-1.6555776E7
1.14242848E8
1.97405056E8
2.09219616E8
1.61582032E8
9.4311504E7
5.4454848E7
7.2622752E7
1.4766744E8
2.4683336E8
3.21028992E8
3.27769648E8
2.51008736E8
1.08930688E8
-5.332352E7
-1.82103488E8
-2.3632416E8
-2.02206848E8
-9.631744E7
4.2958416E7
1.70684672E8
2.5070328E8
2.65620576E8
2.19265616E8
1.32669968E8
3.6393824E7
-3.8000592E7
-6.5599184E7
-3.4145184E7
5.2203968E7
1.7245024E8
2.92934752E8
3.76482496E8
3.94764624E8
3.39798192E8
2.2946632E8
1.03354736E8
8982384.0
-1.6882704E7
3.597912E7
1.45812912E8
2.67230864E8
3.50483696E8
3.633868E8
3.058076E8
2.09618832E8
1.2365704E8
9.0398208E7
1.25243744E8
2.08322528E8
2.92899328E8
3.26593984E8
2.75500208E8
1.39949552E8
-4.5258992E7
-2.25890272E8
-3.51153648E8
-3.93676768E8
-3.57775616E8
-2.73317584E8
-1.79502208E8
-1.07303264E8
-6.9056688E7
-5.915736E7
-6.3639712E7
-7.1906768E7
-8.335072E7
-1.05162848E8
-1.43147776E8
-1.91710064E8
-2.29937616E8
-2.27433936E8
-1.58027904E8
-1.4733824E7
1.82024368E8
3.8803944E8
5.50214048E8
6.26515328E8
6.02112016E8
4.94454064E8
3.4516984E8
2.02685072E8
1.03464592E8
5.9907232E7
5.9342912E7
7.3254496E7
7.1460416E7
3.4554768E7
-4.023288E7
-1.40754256E8
-2.46604064E8
-3.36497952E8
-3.93079728E8
-4.04402384E8
-3.6369984E8
-2.69805456E8
-1.29338576E8
4.0483504E7
2.11214864E8
3.47308288E8
4.15316496E8
3.95354496E8
2.89859472E8
1.24974192E8
-5.7202256E7
-2.13004352E8
-3.12321744E8
-3.47842832E8
-3.34377904E8
-2.98902832E8
-2.6643496E8
-2.48797968E8
-2.41682E8
-2.30946736E8
-2.04141296E8
-1.60358672E8
-1.12397776E8
-7.9440784E7
-7.3912704E7
-8.9961952E7
-1.00919776E8
-6.8921104E7
3.64872E7
2.19274576E8
4.47368224E8
6.59046736E8
7.84554272E8
7.74681984E8
6.23856448E8
3.76671984E8
1.13515936E8
-7.9874544E7
-1.46572224E8
-8.1700064E7
6.5669776E7
2.13350592E8
2.81087712E8
2.2493224E8
5.615688E7
-1.63459376E8
-3.479028E8
-4.23317104E8
-3.5875752E8
-1.78160544E8
5.125456E7
2.48575008E8
3.53442064E8
3.49884272E8
2.69621344E8
1.7407336E8
1.23811024E8
1.49594176E8
2.3812168E8
3.3872912E8
3.87711424E8
3.39043264E8
1.87526E8
-2.6070512E7
-2.3018888E8
-3.51327648E8
-3.44045888E8
-2.09406592E8
5553632.0
2.2644208E8
3.79798032E8
4.19116352E8
3.38460064E8
1.69484912E8
-3.5063184E7
-2.23075232E8
-3.60603648E8
-4.38840496E8
-4.69670288E8
-4.74027968E8
-4.69748384E8
-4.64585392E8
-4.56530608E8
-4.39526688E8
-4.10213136E8
-3.7151816E8
-3.31317696E8
-2.97498016E8
-2.72820976E8
-2.5294152E8
-2.28929104E8
-1.92917728E8
-1.43617488E8
-8.840888E7
-4.0586544E7
-1.2983584E7
-1.1228592E7
-3.017704E7
-5.5480624E7
-6.9666704E7
-5.9857856E7
-2.3504816E7
3.0444416E7
8.5279088E7
1.23259696E8
1.32295616E8
1.09894064E8
6.3251792E7
6143136.0
-4.5631104E7
-7.84392E7
-8.3656048E7
-5.907896E7
-9310512.0
5.4705952E7
1.17313856E8
1.61424624E8
1.73393856E8
1.48303408E8
9.3450144E7
2.7781024E7
-2.3677648E7
-3.905072E7
-8967312.0
5.8300816E7
1.38931152E8
2.02781808E8
2.26157568E8
2.02377744E8
1.44947744E8
8.134352E7
3.990768E7
3.593928E7
6.3842416E7
9.9582224E7
1.12788464E8
8.2987136E7
1.2074144E7
-7.3424656E7
-1.320836E8
-1.2534096E8
-3.5337056E7
1.2541112E8
3.17099264E8
4.87261456E8
5.9048624E8
6.04647776E8
5.36978784E8
4.18203152E8
2.8836488E8
1.81319376E8
1.14630448E8
8.822384E7
9.0529632E7
1.07438512E8
1.28846144E8
1.49886288E8
1.67632992E8
1.76890592E8
1.6906768E8
1.35880048E8
7.611712E7
1068064.0
-6.5871872E7
-9.7131776E7
-7.389664E7
1936624.0
1.03359472E8
1.85115552E8
2.0035584E8
1.20593472E8
-4.984328E7
-2.7192E8
-4.84417904E8
-6.26340112E8
-6.60056176E8
-5.85377008E8
-4.38443776E8
-2.75774032E8
-1.50190112E8
-8.8851456E7
-8.2712064E7
-9.1847984E7
-6.4374928E7
3.9036384E7
2.25374928E8
4.62623184E8
6.89259152E8
8.36445232E8
8.54315056E8
7.32061984E8
5.03844E8
2.37921872E8
1.2870224E7
-1.10289696E8
-1.09498192E8
-8388288.0
1.34349216E8
2.48950752E8
2.82578192E8
2.202052E8
8.9877248E7
-4.9998704E7
-1.36301232E8
-1.29163792E8
-3.0320816E7
1.16398016E8
2.43221056E8
2.87928656E8
2.2213816E8
6.5904704E7
-1.18240016E8
-2.4985112E8
-2.63550624E8
-1.36354064E8
1.02412384E8
3.82779696E8
6.22106448E8
7.57040784E8
7.65770256E8
6.71683088E8
5.28259824E8
3.9342568E8
3.05767296E8
2.73120864E8
2.77237536E8
2.90067664E8
2.91799632E8
2.80757056E8
2.70404336E8
2.76173056E8
3.00580864E8
3.26100592E8
3.20935296E8
2.55571168E8
1.21629488E8
-5.7416288E7
-2.30481264E8
-3.3747296E8
-3.34237184E8
-2.12249552E8
-3644304.0
2.30926432E8
4.25966128E8
5.35412064E8
5.46758736E8
4.7967408E8
3.71515632E8
2.5824752E8
1.60652112E8
8.1930176E7
1.6043808E7
-3.9788496E7
-7.6985184E7
-7.7427104E7
-2.4585152E7
8.253048E7
2.21297632E8
3.49255872E8
4.19425952E8
4.00427472E8
2.91543968E8
1.24889184E8
-4.6998944E7
-1.72636576E8
-2.22175392E8
-1.97651616E8
-1.286764E8
-5.6493024E7
-1.473224E7
-1.6180144E7
-5.113392E7
-9.6633152E7
-1.30429008E8
-1.417844E8
-1.33790048E8
-1.17149888E8
-1.00269872E8
-8.2263232E7
-5.3298304E7
-1976896.0
7.5016672E7
1.67284944E8
2.53100384E8
3.09012672E8
3.21423136E8
2.93391984E8
2.4243568E8
1.90210848E8
1.49847984E8
1.18413248E8
7.9370048E7
1.4268176E7
-8.2683984E7
-1.95769696E8
-2.90668336E8
-3.28883824E8
-2.86829232E8
-1.69419728E8
-1.0186464E7
1.43298992E8
2.51946448E8
3.04049056E8
3.20165344E8
3.4049744E8
4.00569456E8
5.07798336E8
6.32017696E8
7.16495712E8
7.05495232E8
5.75254768E8
3.523268E8
1.08427216E8
-6.7875168E7
-1.10546912E8
-8087200.0
1.87861424E8
3.82773728E8
4.80182608E8
4.24885472E8
2.28332928E8
-3.5958272E7
-2.65239616E8
-3.7362208E8
-3.30158048E8
-1.71393952E8
1.7128768E7
1.41427808E8
1.42552496E8
2.282816E7
-1.56818928E8
-3.06399712E8
-3.48777136E8
-2.54190256E8
-5.1771072E7
1.86238416E8
3.78963472E8
4.73142624E8
4.64233696E8
3.93462848E8
3.23726832E8
3.07116224E8
3.60102688E8
4.57866208E8
5.4938648E8
5.84774416E8
5.40783232E8
4.31984272E8
3.0266216E8
2.04146736E8
1.69275904E8
1.96686832E8
2.5240224E8
2.87484864E8
2.62723296E8
1.6814896E8
2.8044032E7
-1.10598736E8
-2.00142E8
-2.13975472E8
-1.57412E8
-6.2974464E7
2.7032912E7
8.1674368E7
9.5692896E7
9.0041408E7
9.8629872E7
1.48109792E8
2.40934896E8
3.50347776E8
4.30178752E8
4.35211904E8
3.42782304E8
1.65591184E8
-5.0293392E7
-2.41591232E8
-3.5121184E8
-3.49036912E8
-2.41750864E8
-6.8489104E7
1.14788576E8
2.54968048E8
3.17551104E8
2.9343648E8
1.96288832E8
5.4093072E7
-1.00023392E8
-2.34045408E8
-3.19859936E8
-3.34768064E8
-2.64535552E8
-1.0895976E8
1.1218016E8
3.572052E8
5.68737344E8
6.88804544E8
6.78778992E8
5.36250144E8
3.00525136E8
4.2302768E7
-1.6017784E8
-2.49634048E8
-2.10942864E8
-7.546696E7
9.398088E7
2.3126952E8
2.95651072E8
2.87907664E8
2.4644104E8
2.25186288E8
2.63961056E8
3.65687264E8
4.91849728E8
5.78915488E8
5.6831136E8
4.3583552E8
2.06373712E8
-5.3426448E7
-2.6152696E8
-3.53995568E8
-3.10477552E8
-1.60451024E8
3.1800528E7
1.95760592E8
2.83291008E8
2.84650944E8
2.2607464E8
1.52140736E8
1.02965856E8
9.7569072E7
1.30323376E8
1.79932896E8
2.23972848E8
2.50022576E8
2.5759E8
2.51267568E8
2.31138656E8
1.88094784E8
1.08466848E8
-1.3885648E7
-1.65430176E8
-3.09547552E8
-3.96666656E8
-3.85296432E8
-2.64355136E8
-6.4811248E7
1.47351472E8
2.9600992E8
3.27443712E8
2.35424016E8
6.6110288E7
-1.00983984E8
-1.88248256E8
-1.55493584E8
-1.8992736E7
1.55327824E8
2.81776448E8
2.94048048E8
1.75303008E8
-3.4862032E7
-2.59503328E8
-4.19973424E8
-4.70872368E8
-4.17795024E8
-3.10120944E8
-2.13459264E8
-1.76171648E8
-2.06831872E8
-2.73459424E8
-3.24043168E8
-3.17024336E8
-2.45499904E8
-1.42347952E8
-6.3446256E7
-5.7548928E7
-1.3841424E8
-2.7387816E8
-3.98179904E8
-4.42167936E8
-3.66885424E8
-1.84023216E8
4.713392E7
2.4534376E8
3.43764192E8
3.19917616E8
2.05119088E8
6.8962784E7
-1.3733632E7
2100064.0
1.11304976E8
2.61946688E8
3.80832736E8
4.08912416E8
3.29876912E8
1.78586576E8
2.5407632E7
-5.6321712E7
-2.4785584E7
1.09572192E8
2.8648912E8
4.20510128E8
4.3701808E8
3.04041984E8
4.6304624E7
-2.64137888E8
-5.36237104E8
-6.95013008E8
-7.0874864E8
-5.97665472E8
-4.216464E8
-2.53376528E8
-1.48894272E8
-1.2778568E8
-1.70330544E8
-2.3123264E8
-2.62591472E8
-2.35447472E8
-1.5075248E8
-3.60008E7
6.9613488E7
1.33783856E8
1.44655424E8
1.13611184E8
6.6968E7
3.1493712E7
2.1238496E7
3.2037728E7
4.5908144E7
4.2542816E7
1.1677136E7
-4.012952E7
-9.1762832E7
-1.17693168E8
-1.0084656E8
-4.1742208E7
4.0653696E7
1.16774976E8
1.5917192E8
1.54014464E8
1.06102496E8
3.5456E7
-3.2315248E7
-7.6861264E7
-9.0022416E7
-7.6137904E7
-4.6614096E7
-1.2419248E7
2.1260432E7
5.57496E7
9.5500352E7
1.43451888E8
1.9838672E8
2.55838992E8
3.1145928E8
3.6387768E8
4.14319984E8
4.6252312E8
5.0150216E8
5.15457392E8
4.8415792E8
3.9360512E8
2.48429232E8
7.8879936E7
-6.3608832E7
-1.23377904E8
-6.4491504E7
1.08805984E8
3.45894256E8
5.633628E8
6.75068704E8
6.27006912E8
4.21725072E8
1.20423328E8
-1.7974824E8
-3.84445968E8
-4.40398944E8
-3.56221312E8
-1.9629504E8
-5.0371664E7
7328736.0
-4.9095376E7
-1.87347056E8
-3.34021904E8
-4.10189072E8
-3.68574768E8
-2.1513856E8
-5605024.0
1.80496416E8
2.75354528E8
2.51178544E8
1.28767888E8
-3.6151968E7
-1.80676576E8
-2.623068E8
-2.73330608E8
-2.36475856E8
-1.86059008E8
-1.45846592E8
-1.1570608E8
-7.3731824E7
8055264.0
1.43567072E8
3.19404368E8
4.96063504E8
6.23503584E8
6.63501264E8
6.07695072E8
4.82326688E8
3.37213984E8
2.24088736E8
1.74364976E8
1.86417008E8
2.27774352E8
2.50734736E8
2.1408216E8
1.01421168E8
-7.1259008E7
-2.61158784E8
-4.1431104E8
-4.84695648E8
-4.49747072E8
-3.17383744E8
-1.23192528E8
8.036032E7
2.3885712E8
3.10666112E8
2.77750192E8
1.49990176E8
-3.8036272E7
-2.37129584E8
-3.97820432E8
-4.84834672E8
-4.8693432E8
-4.18481488E8
-3.11850016E8
-2.03426784E8
-1.18863168E8
-6.3926864E7
-2.5102864E7
2.0270672E7
8.9136416E7
1.80470048E8
2.72063504E8
3.2856504E8
3.17482608E8
2.25713856E8
6.8544064E7
-1.13614816E8
-2.69742528E8
-3.57667248E8
-3.59862016E8
-2.888364E8
-1.80369792E8
-7.8403776E7
-1.8796944E7
-1.8816528E7
-7.5654576E7
-1.72533424E8
-2.8766904E8
-4.01084416E8
-4.96797072E8
-5.61451568E8
-5.82759328E8
-5.5077368E8
-4.62391744E8
-3.26357024E8
-1.64613632E8
-7306512.0
1.1760544E8
1.95412672E8
2.30308448E8
2.41751104E8
2.52559952E8
2.74736704E8
3.01053712E8
3.0801416E8
2.69779584E8
1.76177296E8
4.4639072E7
-8.1897872E7
-1.52137296E8
-1.31311952E8
-2.1335632E7
1.35134096E8
2.70695088E8
3.2306E8
2.64839632E8
1.1830728E8
-5.309976E7
-1.73443152E8
-1.89698752E8
-9.6637296E7
6.1290384E7
2.12195968E8
2.92095968E8
2.7559816E8
1.8647336E8
8.2934336E7
2.5480752E7
4.4206928E7
1.22751344E8
2.07364272E8
2.36368512E8
1.74483728E8
3.3779552E7
-1.30100736E8
-2.44893552E8
-2.58104736E8
-1.64041248E8
-7454080.0
1.38133648E8
2.06247424E8
1.690512E8
4.8753904E7
-9.6395328E7
-2.03447696E8
-2.36520288E8
-2.0233816E8
-1.42007488E8
-1.04447152E8
-1.16736464E8
-1.680448E8
-2.160908E8
-2.124708E8
-1.32589984E8
6852560.0
1.53251328E8
2.4427696E8
2.4116192E8
1.51029568E8
2.5598896E7
-6.3994512E7
-6.3663872E7
3.48704E7
1.88418528E8
3.2329488E8
3.72541408E8
3.10347872E8
1.65828016E8
8845232.0
-8.5018208E7
-7.2487136E7
3.5784864E7
1.80932064E8
2.85832176E8
2.9389128E8
1.9697888E8
3.8678208E7
-1.08210032E8
-1.77969408E8
-1.43560816E8
-2.8021136E7
1.09059008E8
2.02006608E8
2.10454624E8
1.3611032E8
1.773144E7
-9.1363728E7
-1.50424944E8
-1.489404E8
-1.06907008E8
-5.9582352E7
-3.660488E7
-4.7369824E7
-7.9878304E7
-1.11975184E8
-1.26853136E8
-1.22866656E8
-1.11875696E8
-1.07834336E8
-1.13605104E8
-1.1525224E8
-8.8555616E7
-1.4817952E7
1.03242544E8
2.35769072E8
3.35382976E8
3.58737712E8
2.89321808E8
1.49076288E8
-8504816.0
-1.2164328E8
-1.48911456E8
-8.884704E7
1.9718192E7
1.17215264E8
1.53155824E8
1.11184272E8
1.6668064E7
-7.6951792E7
-1.15944864E8
-7.3920784E7
3.4748256E7
1.62293904E8
2.51544288E8
2.63990208E8
1.9764024E8
8.6055536E7
-2.0108576E7
-7.8827216E7
-7.6215552E7
-3.0241696E7
2.22036E7
4.695192E7
3.082848E7
-1.3050176E7
-5.5023632E7
-6.744168E7
-4.1240208E7
8685392.0
5.1931632E7
5.9647376E7
2.0304592E7
-5.4711424E7
-1.3856448E8
-2.04803168E8
-2.42103168E8
-2.59141264E8
-2.76613152E8
-3.11023168E8
-3.59985728E8
-3.98400752E8
-3.8904488E8
-3.02957184E8
-1.3897936E8
6.8627888E7
2.59953408E8
3.73176336E8
3.71366848E8
2.59317408E8
8.1894832E7
-9.5647424E7
-2.16108736E8
-2.54002528E8
-2.23420144E8
-1.67021312E8
-1.32379792E8
-1.4787024E8
-2.09975648E8
-2.87648496E8
-3.40514816E8
-3.40833616E8
-2.87652816E8
-2.06109168E8
-1.32808288E8
-9.5481664E7
-9.7936464E7
-1.18344368E8
-1.21804944E8
-8.0589888E7
8620288.0
1.19808752E8
2.08177968E8
2.31581408E8
1.72634224E8
5.0622944E7
-8.3137872E7
-1.65278448E8
-1.47364688E8
-1.8214336E7
1.88375776E8
4.04330256E8
5.52578416E8
5.7703672E8
4.65435664E8
2.55904336E8
2.4500272E7
-1.41857728E8
-1.77094304E8
-6.0615248E7
1.7425368E8
4.51258048E8
6.77776432E8
7.77361344E8
7.16386928E8
5.15005904E8
2.38399808E8
-2.8266272E7
-2.11500768E8
-2.75458896E8
-2.3217944E8
-1.32393296E8
-4.119624E7
-9153824.0
-5.1225168E7
-1.42346272E8
-2.3106536E8
-2.64558736E8
-2.1334448E8
-8.4391584E7
8.3048592E7
2.36330288E8
3.33552432E8
3.61220688E8
3.37173184E8
2.97974768E8
2.7771984E8
2.89327616E8
3.17906256E8
3.29408672E8
2.898724E8
1.8509992E8
3.04744E7
-1.34231152E8
-2.62413008E8
-3.21582992E8
-3.07104096E8
-2.42020368E8
-1.6360784E8
-1.04121712E8
-7.5986576E7
-6.8953312E7
-6.0059808E7
-3.0221216E7
2.2256944E7
7.9100224E7
1.12063024E8
9.99696E7
4.3082816E7
-3.3747056E7
-9.1725136E7
-9.751704E7
-4.1292864E7
5.6450832E7
1.5352488E8
2.06272816E8
1.91239184E8
1.17057856E8
2.0160768E7
-5.380968E7
-7.355128E7
-3.8575136E7
1.994944E7
5.4614976E7
2.5833376E7
-7.7460544E7
-2.3071208E8
-3.83627712E8
-4.81979504E8
-4.90615152E8
-4.0684312E8
-2.58639312E8
-8.9866256E7
5.9173888E7
1.66070464E8
2.2940928E8
2.61073648E8
2.73876256E8
2.7250024E8
2.529156E8
2.09801728E8
1.46398816E8
7.9597264E7
3.5870512E7
3.9236752E7
9.7560016E7
1.95149776E8
2.96704736E8
3.61654464E8
3.6214744E8
2.9557328E8
1.85021952E8
6.7258288E7
-2.5629744E7
-8.1315456E7
-1.1108848E8
-1.40442736E8
-1.91477936E8
-2.66725664E8
-3.43489504E8
-3.82407312E8
-3.46464048E8
-2.21004016E8
-2.440224E7
1.965264E8
3.84794368E8
4.96806672E8
5.20185808E8
4.77581216E8
4.14924448E8
3.7990424E8
4.00753504E8
4.74806704E8
5.71267408E8
6.45896592E8
6.6021528E8
5.9659248E8
4.63439104E8
2.8983016E8
1.13511584E8
-3.1726256E7
-1.24442848E8
-1.57953072E8
-1.3808664E8
-7.9090464E7
144672.0
7.910136E7
1.38841888E8
1.6627144E8
1.5885008E8
1.27428656E8
9.441224E7
8.603424E7
1.2063624E8
1.97819072E8
2.94234E8
3.6961776E8
3.82086752E8
3.06836256E8
1.49827312E8
-5.0565024E7
-2.3591088E8
-3.49576608E8
-3.58794304E8
-2.67126848E8
-1.11657248E8
5.376976E7
1.81426176E8
2.4806592E8
2.60467056E8
2.46197312E8
2.3492768E8
2.40217152E8
2.51314592E8
2.39343712E8
1.74815088E8
4.744776E7
-1.22224224E8
-2.86221184E8
-3.86973936E8
-3.81951184E8
-2.6366952E8
-6.5414144E7
1.50635088E8
3.181228E8
3.93352896E8
3.72402528E8
2.90963392E8
2.07073632E8
1.74525856E8
2.18822928E8
3.26298336E8
4.51037936E8
5.36257568E8
5.40377584E8
4.5602192E8
3.13404656E8
1.66586304E8
6.8768672E7
4.7763104E7
9.2815744E7
1.59048912E8
1.87987488E8
1.35361152E8
-6185040.0
-2.00023616E8
-3.78124944E8
-4.68731536E8
-4.27689808E8
-2.59875952E8
-2.0893296E7
2.02590928E8
3.26294912E8
3.01774576E8
1.3572728E8
-1.13186752E8
-3.58733936E8
-5.22230016E8
-5.632384E8
-4.92726064E8
-3.63494384E8
-2.42978912E8
-1.8141952E8
-1.90246864E8
-2.40413872E8
-2.80710208E8
-2.66446544E8
-1.83945072E8
-5.84696E7
5.8440048E7
1.15854336E8
9.0855744E7
2230256.0
-9.7088896E7
-1.45677184E8
-1.04850592E8
2.0328528E7
1.81418784E8
3.09018752E8
3.467584E8
2.80152464E8
1.45600512E8
1.4278768E7
-4.1939456E7
1.379432E7
1.63578528E8
3.41250032E8
4.62642304E8
4.65444768E8
3.395296E8
1.32965536E8
-6.9416368E7
-1.84762368E8
-1.6970752E8
-3.8765824E7
1.44920208E8
3.014948E8
3.73026336E8
3.49875168E8
2.7212584E8
2.05931104E8
2.07082576E8
2.90365264E8
4.2022104E8
5.275028E8
5.44025744E8
4.37710096E8
2.30752416E8
-8408320.0
-1.95699968E8
-2.69918464E8
-2.20595232E8
-9.1883424E7
3.9287648E7
1.00212656E8
5.6878192E7
-7.035464E7
-2.16974736E8
-3.05256E8
-2.81111936E8
-1.39659584E8
7.20468E7
2.75817456E8
3.96603904E8
3.94473792E8
2.80233776E8
1.08648768E8
-4.6530272E7
-1.2379176E8
-9.7540848E7
1.5164464E7
1.6602E8
2.98258816E8
3.69861168E8
3.6734584E8
3.05637888E8
2.16204992E8
1.3051384E8
6.6890048E7
2.6075568E7
-4050928.0
-3.8476976E7
-8.5558432E7
-1.42659328E8
-1.98347312E8
-2.39096672E8
-2.56461552E8
-2.50965952E8
-2.3109056E8
-2.08429584E8
-1.9191632E8
-1.84142112E8
-1.81338208E8
-1.76475168E8
-1.63342528E8
-1.39208816E8
-1.04776272E8
-6.192936E7
-1.1189568E7
4.8988896E7
1.20074976E8
1.99342704E8
2.76249104E8
3.32124736E8
3.44736512E8
2.96887328E8
1.85806368E8
2.8915168E7
-1.37597792E8
-2.6823584E8
-3.22998528E8
-2.82089872E8
-1.54478224E8
2.3710992E7
2.01003904E8
3.28334608E8
3.75814176E8
3.41797328E8
2.50692608E8
1.40753264E8
4.738744E7
-1.0631664E7
-3.6177952E7
-4.8314608E7
-6.9599392E7
-1.12711856E8
-1.7308944E8
-2.31117248E8
-2.62541232E8
-2.51586256E8
-1.99870368E8
-1.26352E8
-5.8178464E7
-1.7076304E7
-8367312.0
-1.8477888E7
-2.247544E7
2104480.0
6.2336928E7
1.448548E8
2.216888E8
2.64324816E8
2.58792448E8
2.1371488E8
1.566236E8
1.19875776E8
1.23141824E8
1.61659872E8
2.06941664E8
2.20440576E8
1.73906272E8
6.6253264E7
-7.207424E7
-1.90411312E8
-2.40269088E8
-1.98440272E8
-7.9603456E7
6.8069984E7
1.82754624E8
2.15254016E8
1.4957984E8
8425424.0
-1.58572256E8
-2.97671888E8
-3.73798992E8
-3.82644176E8
-3.47269248E8
-3.023572E8
-2.7525216E8
-2.73944016E8
-2.87757392E8
-2.99150512E8
-2.9872424E8
-2.93739312E8
-3.04186288E8
-3.47799472E8
-4.22376176E8
-4.96436912E8
-5.15873152E8
-4.26186E8
-2.01204096E8
1.35644768E8
5.0951944E8
8.1563728E8
9.5705896E8
8.835292E8
6.14482496E8
2.35409504E8
-1.31989664E8
-3.7412072E8
-4.26274592E8
-2.93491952E8
-4.3830544E7
2.21887824E8
4.10245072E8
4.68497152E8
3.983216E8
2.46684656E8
8.0376112E7
-4.3118784E7
-9.5774768E7
-8.314464E7
-3.340272E7
2.115128E7
6.0319968E7
8.2732848E7
1.0146752E8
1.3261904E8
1.83822512E8
2.48866672E8
3.10704656E8
3.5058472E8
3.58043552E8
3.3645144E8
3.01422384E8
2.73158672E8
2.66738096E8
2.85113216E8
3.18008736E8
3.4695344E8
3.5388832E8
3.29422704E8
2.77312272E8
2.1363304E8
1.61389456E8
1.42907568E8
1.72793136E8
2.53579664E8
3.74987088E8
5.16560208E8
6.52713168E8
7.5889408E8
8.1751816E8
8.22343792E8
7.80106768E8
7.08655472E8
6.31679136E8
5.71285776E8
5.40754544E8
5.40190816E8
5.57135664E8
5.7245448E8
5.69628304E8
5.43830784E8
5.06774912E8
4.84639104E8
5.090596E8
6.04171488E8
7.7470576E8
1.000234512E9
1.23860264E9
1.438104288E9
1.554418224E9
1.566166016E9
1.483142048E9
1.343804896E9
1.202583424E9
1.11141448E9
1.102182528E9
1.17647448E9
1.306363344E9
1.445808576E9
1.548278304E9
1.583884848E9
1.54957152E9
1.46861032E9
1.379828208E9
1.320974704E9
1.312922016E9
1.35104728E9
1.4072932E9
1.44213672E9
1.421687808E9
1.3329968E9
1.191253168E9
1.035716512E9
9.15701568E8
8.719624E8
9.20761776E8
1.046965488E9
1.20902368E9
1.354070144E9
1.43742976E9
1.439136864E9
1.371276112E9
1.273544368E9
1.198941296E9
1.195147696E9
1.28855856E9
1.476648736E9
1.730978064E9
2.009079088E9
2.270290496E9
2.489448816E9
2.663537632E9
2.809328432E9
2.953539328E9
3.119770496E9
3.31749488E9
3.537408368E9
3.754911232E9
3.940362336E9
4.072151696E9
4.14749288E9
4.18655672E9
4.227920096E9
4.316481552E9
4.487876544E9
4.754936448E9
5.101253936E9
5.484518912E9
5.848788224E9
6.14153832E9
6.329514752E9
6.407809952E9
6.399166208E9
6.344222528E9
6.28680064E9
6.259967696E9
6.27786168E9
6.33550488E9
6.4153312E9
6.4965064E9
6.56248912E9
6.603852272E9
6.616272768E9
6.596278432E9
6.538417696E9
6.4364308E9
6.288337296E9
6.10256904E9
5.900951632E9
5.715350144E9
5.577812848E9
5.507636048E9
5.501073488E9
5.529087088E9
5.545476816E9
5.50319904E9
5.372757184E9
5.155127856E9
4.883567808E9
4.613108912E9
4.40164952E9
4.290032864E9
4.288839744E9
4.376715008E9
4.510247408E9
4.640864912E9
4.731816192E9
4.768933632E9
4.761983568E9
4.737441344E9
4.726683472E9
4.754670176E9
4.833067216E9
4.959280384E9
5.120348992E9
5.299136336E9
5.480153456E9
5.653312144E9
5.815179584E9
5.968228192E9
6.118874688E9
6.274958208E9
6.443097504E9
6.62635376E9
6.822767984E9
7.025364352E9
7.22385808E9
7.407594352E9
7.56852952E9
7.702844848E9
7.810353728E9
7.892058112E9
7.947401664E9
7.9731908E9
7.96538392E9
7.923229296E9
7.8534632E9
7.771563152E9
7.698059504E9
7.65039568E9
7.63361704E9
7.634691616E9
7.624400992E9
7.567528688E9
7.43786928E9
7.231493472E9
6.97154344E9
6.701097216E9
6.466087216E9
6.295359808E9
6.187092352E9
6.108566816E9
6.010435424E9
5.849704608E9
5.61103936E9
5.316091616E9
5.015648816E9
4.767306592E9
4.608416272E9
4.53680184E9
4.50867616E9
4.455548288E9
4.313177696E9
4.0498904E9
3.681579632E9
3.266543904E9
2.882297872E9
2.59447464E9
2.431262448E9
2.374045856E9
2.367476976E9
2.343640544E9
2.249238064E9
2.064256064E9
1.805277408E9
1.513922496E9
1.237290624E9
1.009849648E9
8.44174224E8
7.32733648E8
6.57440192E8
6.00610528E8
5.51592544E8
5.06798592E8
4.65062896E8
4.2274176E8
3.72551008E8
3.0725856E8
2.25858864E8
1.37872688E8
6.2141264E7
1.9542784E7
2.271976E7
6.806264E7
1.34538912E8
1.9071928E8
2.07191936E8
1.6867872E8
8.01336E7
-3.6013104E7
-1.49968912E8
-2.3700888E8
-2.86238976E8
-3.01827824E8
-2.96864096E8
-2.83787296E8
-2.6691832E8
-2.41192288E8
-1.9758696E8
-1.31912E8
-5.1647376E7
2.3537312E7
6.8579392E7
6.4122992E7
6398928.0
-8.9298048E7
-1.93662128E8
-2.74876096E8
-3.1126752E8
-2.99263136E8
-2.53127824E8
-1.97011744E8
-1.53499312E8
-1.34321904E8
-1.37494912E8
-1.516744E8
-1.64833136E8
-1.72318816E8
-1.79950672E8
-2.00624352E8
-2.4639008E8
-3.2031664E8
-4.12485264E8
-5.02250432E8
-5.65681696E8
-5.84563888E8
-5.52741088E8
-4.7714152E8
-3.73588304E8
-2.59984176E8
-1.5039776E8
-5.261296E7
3.0490976E7
9.7492304E7
1.45574928E8
1.70197536E8
1.67379664E8
1.36928096E8
8.4279984E7
1.9489744E7
-4.6298848E7
-1.04898048E8
-1.53189792E8
-1.91952128E8
-2.22087824E8
-2.40731552E8
-2.40098464E8
-2.10546336E8
-1.46811968E8
-5.4143936E7
4.9538192E7
1.37719488E8
1.84703248E8
1.76365648E8
1.16949312E8
2.8007936E7
-6.0732E7
-1.24673424E8
-1.55410784E8
-1.63801488E8
-1.73013328E8
-2.04604384E8
-2.64599648E8
-3.37120192E8
-3.89814016E8
-3.8952456E8
-3.21097264E8
-1.99821696E8
-7.0214192E7
1.0068672E7
-4845888.0
-1.26239328E8
-3.21096624E8
-5.21287872E8
-6.49124288E8
-6.49123344E8
-5.12402E8
-2.827048E8
-4.0701888E7
1.27443568E8
1.64309136E8
6.3947904E7
-1.2633872E8
-3.25740528E8
-4.52682736E8
-4.56812944E8
-3.37208016E8
-1.40011568E8
6.2444208E7
2.0143816E8
2.37907536E8
1.74507232E8
5.0000928E7
-8.0106016E7
-1.67466736E8
-1.89123728E8
-1.53251024E8
-9.1474992E7
-4.2484256E7
-3.4683856E7
-7.5111024E7
-1.4836936E8
-2.24776656E8
-2.73302416E8
-2.7356216E8
-2.22330144E8
-1.3285648E8
-2.8324464E7
6.7196608E7
1.36568352E8
1.73544288E8
1.82145472E8
1.7255048E8
1.5570976E8
1.3902104E8
1.24657952E8
1.10894944E8
9.5481472E7
7.9230336E7
6.7821184E7
7.0498336E7
9.5701184E7
1.45239904E8
2.09751808E8
2.6822008E8
2.9302832E8
2.5968416E8
1.57878096E8
-865264.0
-1.83120512E8
-3.425928E8
-4.35891936E8
-4.39267232E8
-3.59243168E8
-2.31887936E8
-1.09879184E8
-4.1845536E7
-5.2281456E7
-1.30733568E8
-2.35456272E8
-3.10645072E8
-3.10303904E8
-2.18568064E8
-5.7511408E7
1.21249888E8
2.57756992E8
3.08601264E8
2.64695872E8
1.54236672E8
2.972704E7
-5.5035504E7
-6.7812912E7
-1.0747968E7
8.2016512E7
1.60255824E8
1.79639328E8
1.2005632E8
-7243200.0
-1.65888624E8
-3.10302288E8
-4.03793728E8
-4.31178992E8
-4.0145368E8
-3.40797952E8
-2.8019728E8
-2.4352824E8
-2.40731232E8
-2.67671136E8
-3.11161424E8
-3.55855264E8
-3.89829344E8
-4.07205504E8
-4.0796512E8
-3.96208192E8
-3.78118288E8
-3.60185248E8
-3.47555472E8
-3.42304192E8
-3.41970848E8
-3.3933264E8
-3.24417744E8
-2.88852064E8
-2.31134032E8
-1.60231216E8
-9.4911056E7
-5.7805056E7
-6.5807024E7
-1.20746528E8
-2.05002448E8
-2.85152528E8
-3.23364512E8
-2.92516544E8
-1.88811408E8
-3.6150736E7
1.20273696E8
2.29187552E8
2.51442448E8
1.74086864E8
1.4899024E7
-1.84033312E8
-3.70713104E8
-4.99794256E8
-5.45285728E8
-5.0564088E8
-4.00885808E8
-2.64338736E8
-1.32679968E8
-3.7488224E7
341696.0
-2.654056E7
-1.11044624E8
-2.32390128E8
-3.58993104E8
-4.5423608E8
-4.85075664E8
-4.31852592E8
-2.96204576E8
-1.03678576E8
1.00999936E8
2.65406704E8
3.44291264E8
3.12921408E8
1.74399104E8
-4.1313504E7
-2.85901312E8
-5.0553384E8
-6.53916768E8
-7.02171344E8
-6.43838416E8
-4.94929584E8
-2.8981904E8
-7.3875632E7
1.06351184E8
2.14203616E8
2.3306936E8
1.72421376E8
6.652424E7
-3.5665408E7
-8.7526352E7
-6.3199392E7
3.0122336E7
1.52385344E8
2.45147568E8
2.55849456E8
1.62241104E8
-1.3981472E7
-2.11556112E8
-3.51746144E8
-3.69753904E8
-2.42255712E8
1141584.0
2.88042048E8
5.31049808E8
6.61366384E8
6.53792032E8
5.32754032E8
3.57710944E8
1.95545984E8
9.2975808E7
6.1104432E7
7.771728E7
1.04148944E8
1.0695576E8
7.3308176E7
1.3314912E7
-5.0139808E7
-9.7014768E7
-1.21930192E8
-1.35845552E8
-1.57438304E8
-1.99924016E8
-2.6142656E8
-3.24659616E8
-3.66095136E8
-3.69222336E8
-3.341244E8
-2.77740432E8
-2.24580784E8
-1.93208256E8
-1.86294336E8
-1.9004928E8
-1.83427968E8
-1.51808208E8
-9.7120576E7
-3.8307616E7
-1502288.0
-5330880.0
-4.9782992E7
-1.1529688E8
-1.72965424E8
-2.00276944E8
-1.93320416E8
-1.68072192E8
-1.4950272E8
-1.54458672E8
-1.7843328E8
-1.94822256E8
-1.68567824E8
-7.7720384E7
6.8914368E7
2.28928112E8
3.41929824E8
3.57362768E8
2.6089864E8
8.5263024E7
-1.01580944E8
-2.26593936E8
-2.46014304E8
-1.66730672E8
-4.326688E7
4.9067008E7
5.2119008E7
-4.4902032E7
-1.98453392E8
-3.31050368E8
-3.69418944E8
-2.81653088E8
-9.4799584E7
1.1616488E8
2.62845744E8
2.84676512E8
1.76880304E8
-8170256.0
-1.86319856E8
-2.80875136E8
-2.56605232E8
-1.32738224E8
2.983312E7
1.59166816E8
2.0470664E8
1.56037008E8
4.071816E7
-9.4788224E7
-2.08947776E8
-2.8065424E8
-3.0962104E8
-3.04452128E8
-2.68409168E8
-1.9367008E8
-6.8878032E7
1.043812E8
2.97372112E8
4.53723952E8
5.07215344E8
4.11858352E8
1.69978256E8
-1.57252208E8
-4.65236512E8
-6.43450976E8
-6.19788384E8
-3.92023072E8
-3.158976E7
3.42938624E8
6.11631568E8
6.98638E8
5.98228752E8
3.71574368E8
1.17577264E8
-6.8060944E7
-1.27678384E8
-5.7138704E7
1.01365472E8
2.82471104E8
4.24553632E8
4.89124464E8
4.67283616E8
3.74738096E8
2.4125224E8
1.00508496E8
-1.6744224E7
-8.6951408E7
-9.7603088E7
-5.1480288E7
3.070464E7
1.12958352E8
1.54292832E8
1.2481328E8
2.1113568E7
-1.27446336E8
-2.6719688E8
-3.42077808E8
-3.20116352E8
-2.11524368E8
-6.7925184E7
3.9269744E7
5.26432E7
-4.1267728E7
-2.0144808E8
-3.48369072E8
-4.00530576E8
-3.14750416E8
-1.10305456E8
1.36088256E8
3.23599376E8
3.73916928E8
2.6897136E8
6.11044E7
-1.49981504E8
-2.63063856E8
-2.22339728E8
-4.303272E7
1.9651072E8
3.92187664E8
4.62747568E8
3.86286016E8
2.07600864E8
1.389696E7
-1.08310416E8
-1.13617376E8
-1.6182272E7
1.21536976E8
2.22630928E8
2.3435984E8
1.52368368E8
1.9512608E7
-9.8474416E7
-1.46907184E8
-1.08198896E8
-7679648.0
1.02187808E8
1.69612496E8
1.6837712E8
1.07555776E8
2.2511392E7
-4.6426976E7
-7.531488E7
-6.6642192E7
-4.36296E7
-3.3120768E7
-4.7376176E7
-7.5184448E7
-8.7218688E7
-5.2660736E7
4.1920144E7
1.81544368E8
3.25589872E8
4.23253376E8
4.34435872E8
3.464924E8
1.79695328E8
-2.0222896E7
-1.98418528E8
-3.0900408E8
-3.28100304E8
-2.58299424E8
-1.24832256E8
3.361744E7
1.75875344E8
2.68318496E8
2.92492256E8
2.49372736E8
1.59276592E8
5.6490224E7
-2.1237232E7
-4.6016192E7
-1.1345968E7
6.3532064E7
1.39912544E8
1.75568192E8
1.44335008E8
5.0345856E7
-7.08784E7
-1.66773584E8
-1.92269184E8
-1.33418816E8
-1.8159904E7
9.2588544E7
1.31106128E8
5.5100128E7
-1.29213184E8
-3.65068496E8
-5.66628304E8
-6.55251248E8
-5.9430744E8
-4.06327568E8
-1.64110512E8
4.0547216E7
1.36352E8
1.02244048E8
-2.59844E7
-1.74628112E8
-2.67148832E8
-2.5882728E8
-1.55249584E8
-7044272.0
1.15400912E8
1.54543312E8
9.0395136E7
-5.3153264E7
-2.21661696E8
-3.55347504E8
-4.13797008E8
-3.8938392E8
-3.04982896E8
-1.99211952E8
-1.07589712E8
-4.8552384E7
-1.9634624E7
-3648800.0
1.9709872E7
6.2871456E7
1.24493664E8
1.89993824E8
2.37010304E8
2.43011632E8
1.92579344E8
8.289736E7
-7.3314272E7
-2.48136512E8
-4.02897408E8
-4.97015152E8
-4.99892256E8
-4.0235976E8
-2.2285416E8
-4369344.0
1.98429664E8
3.37932624E8
3.90599632E8
3.64445568E8
2.92924768E8
2.17501488E8
1.67053312E8
1.44402672E8
1.27161792E8
8.2894176E7
-9121776.0
-1.41349536E8
-2.76471008E8
-3.6315624E8
-3.62050992E8
-2.68682144E8
-1.20488912E8
1.73604E7
8.1830768E7
4.3315728E7
-7.7651152E7
-2.17762688E8
-3.00027888E8
-2.70993088E8
-1.27764096E8
7.9003568E7
2.68234672E8
3.66620528E8
3.42987792E8
2.21672176E8
6.8240944E7
-4.5021168E7
-7.6052688E7
-3.3288704E7
3.1218592E7
5.21732E7
-1.1138832E7
-1.49755344E8
-3.06497696E8
-4.04104272E8
-3.8613536E8
-2.49664512E8
-5.2381712E7
1.1068344E8
1.50382224E8
2.6003184E7
-2.33415632E8
-5.3940584E8
-7.81184352E8
-8.72077968E8
-7.8385064E8
-5.54023552E8
-2.6463864E8
-4320080.0
1.67622128E8
2.38927328E8
2.38073568E8
2.102744E8
1.90112064E8
1.85157808E8
1.77626528E8
1.4084384E8
5.9668752E7
-5.7158768E7
-1.7934248E8
-2.6997848E8
-3.04133232E8
-2.80508224E8
-2.20047536E8
-1.52944112E8
-1.01926736E8
-7.1428032E7
-4.8472528E7
-1.4188976E7
4.125288E7
1.09339488E8
1.6525784E8
1.80436848E8
1.38683136E8
4.6856224E7
-6.6072656E7
-1.61436896E8
-2.0843408E8
-1.97789296E8
-1.4465928E8
-7.9687968E7
-3.328592E7
-2.1446384E7
-4.0116048E7
-7.0218928E7
-8.9719136E7
-8.5728E7
-6.029688E7
-2.7572592E7
-4956064.0
-3953376.0
-2.5942704E7
-6.4608768E7
-1.12547952E8
-1.6710992E8
-2.31330192E8
-3.09247328E8
-3.9880096E8
-4.87404144E8
-5.53918656E8
-5.7687648E8
-5.4471016E8
-4.62025808E8
-3.47799968E8
-2.25912992E8
-1.13070976E8
-1.1115152E7
9.1399296E7
2.08691696E8
3.4410688E8
4.81613104E8
5.88539472E8
6.29656864E8
5.86049456E8
4.68652864E8
3.18132432E8
1.89386688E8
1.27118592E8
1.44278496E8
2.14651552E8
2.84332816E8
2.97409744E8
2.23655712E8
7.4449776E7
-1.01440384E8
-2.40679072E8
-2.95824448E8
-2.58356928E8
-1.62635728E8
-6.8542624E7
-3.126048E7
-7.32164E7
-1.7231488E8
-2.7257584E8
-3.12149552E8
-2.54970768E8
-1.10391776E8
6.9043568E7
2.1086104E8
2.55902272E8
1.85725328E8
3.124792E7
-1.41206912E8
-2.5959072E8
-2.77491712E8
-1.9282024E8
-4.5893168E7
1.01148544E8
1.93186192E8
2.05657584E8
1.52510352E8
7.6142192E7
2.530584E7
3.1987984E7
9.7845872E7
1.95538464E8
2.83048064E8
3.23362944E8
3.00171152E8
2.22908096E8
1.19947792E8
2.4183296E7
-4.175848E7
-7.3969152E7
-8.6160416E7
-1.00368464E8
-1.34366176E8
-1.91787952E8
-2.59387904E8
-3.12492096E8
-3.26103984E8
-2.86753728E8
-1.99915728E8
-8.965968E7
9624480.0
6.6312816E7
6.4216464E7
9511632.0
-7.132224E7
-1.42253968E8
-1.731284E8
-1.53427744E8
-9.8211248E7
-4.2973632E7
-2.87792E7
-8.348664E7
-2.07144976E8
-3.68459808E8
-5.14816288E8
-5.924492E8
-5.68576992E8
-4.45958768E8
-2.63239152E8
-8.0501056E7
4.4020608E7
7.6122848E7
1.725832E7
-9.9050256E7
-2.23742384E8
-3.1367848E8
-3.481248E8
-3.33203744E8
-2.93346912E8
-2.55097856E8
-2.3203192E8
-2.18477264E8
-1.94813488E8
-1.40979088E8
-5.0600576E7
6.202768E7
1.66029344E8
2.27192384E8
2.2371728E8
1.5654184E8
4.9112288E7
-6.3194112E7
-1.48690368E8
-1.92442416E8
-2.00727904E8
-1.95310144E8
-2.0094904E8
-2.3259168E8
-2.88352784E8
-3.51116112E8
-3.97217696E8
-4.07468368E8
-3.75199872E8
-3.08070048E8
-2.23704624E8
-1.42056624E8
-7.832016E7
-3.9178224E7
-2.3012112E7
-2.279512E7
-2.9682656E7
-3.5865632E7
-3.6358032E7
-3.012536E7
-2.0847344E7
-1.6917344E7
-2.9787776E7
-7.0161328E7
-1.42823264E8
-2.42350528E8
-3.52411648E8
-4.5018776E8
-5.14895376E8
-5.36771664E8
-5.21827328E8
-4.89163408E8
-4.61281632E8
-4.51820864E8
-4.57244496E8
-4.57680224E8
-4.27641024E8
-3.51854688E8
-2.37879136E8
-1.17831856E8
-3.6568816E7
-3.0755952E7
-1.08819392E8
-2.42548112E8
-3.76228352E8
-4.5066696E8
-4.31486928E8
-3.2788792E8
-1.91703648E8
-9.5678096E7
-1.00130624E8
-2.23444896E8
-4.30730816E8
-6.46800192E8
-7.88103632E8
-7.9911048E8
-6.7634608E8
-4.6912136E8
-2.57058336E8
-1.15375504E8
-8.4228336E7
-1.55716272E8
-2.83040144E8
-4.05489104E8
-4.7591352E8
-4.77430896E8
-4.22862864E8
-3.39929536E8
-2.52368224E8
-1.68229472E8
-8.1380224E7
1.6097504E7
1.1956632E8
2.05693904E8
2.39757536E8
1.93464848E8
6.3605184E7
-1.19561552E8
-3.00342832E8
-4.19532304E8
-4.39900144E8
-3.624488E8
-2.24929024E8
-8.3065824E7
1.6151328E7
5.5647936E7
5.3354256E7
4.906136E7
8.0375856E7
1.60639024E8
2.70383712E8
3.66554384E8
4.04295984E8
3.5965672E8
2.41414144E8
8.6343792E7
-5.8831376E7
-1.58716448E8
-2.02500768E8
-2.02957936E8
-1.83175248E8
-1.59782928E8
-1.3302088E8
-8.9531616E7
-1.5903216E7
8.5754272E7
1.9060208E8
2.58173168E8
2.51488816E8
1.58495632E8
3808720.0
-1.56940064E8
-2.58998464E8
-2.567548E8
-1.44613744E8
4.0044352E7
2.33568496E8
3.7432544E8
4.287412E8
4.02597072E8
3.32778944E8
2.64681232E8
2.27547056E8
2.20554064E8
2.1631016E8
1.7899752E8
8.6753088E7
-5.4008032E7
-2.0989904E8
-3.3645544E8
-3.9978312E8
-3.92308992E8
-3.34507456E8
-2.62256336E8
-2.0718592E8
-1.80856E8
-1.71072096E8
-1.51694464E8
-9.9837072E7
-1.0506704E7
9.948712E7
2.00248944E8
2.64870352E8
2.83546416E8
2.67712672E8
2.41995392E8
2.28781264E8
2.344524E8
2.4541408E8
2.36480496E8
1.87095232E8
9.6224848E7
-1.2806352E7
-1.00957232E8
-1.3168536E8
-8.9505616E7
1.0778224E7
1.29142784E8
2.17384016E8
2.39775104E8
1.87393408E8
7.9695232E7
-4.64644E7
-1.54054992E8
-2.20571568E8
-2.43688704E8
-2.36722848E8
-2.18124752E8
-2.01655552E8
-1.92328096E8
-1.88913712E8
-1.89602384E8
-1.95829616E8
-2.11172064E8
-2.3619752E8
-2.63539904E8
-2.77924096E8
-2.62894032E8
-2.11326592E8
-1.33413344E8
-5.6081456E7
-1.211096E7
-2.3320192E7
-8.6590672E7
-1.71295568E8
-2.31422528E8
-2.27818064E8
-1.4974984E8
-2.4086528E7
9.4147696E7
1.46715952E8
1.00995152E8
-3.1863216E7
-1.99416656E8
-3.3093768E8
-3.70251776E8
-3.02240528E8
-1.59564736E8
-5952608.0
9.565256E7
1.13895888E8
6.297712E7
-7345920.0
-4.0327568E7
-4162544.0
8.9836608E7
1.92748048E8
2.44595024E8
2.0793152E8
9.0358048E7
-5.6611984E7
-1.62535616E8
-1.74285216E8
-8.456648E7
6.2748256E7
1.94111472E8
2.44201152E8
1.9087216E8
6.8765344E7
-4.6241296E7
-7.4684192E7
2.533056E7
2.342836E8
4.77162816E8
6.56823552E8
6.98738128E8
5.85355504E8
3.6343672E8
1.21111392E8
-5.37516E7
-1.13377984E8
-6.9031248E7
1.9280064E7
7.6136096E7
4.9868976E7
-6.1816208E7
-2.11704544E8
-3.27399856E8
-3.47253952E8
-2.50075408E8
-6.4795024E7
1.43280496E8
3.01635376E8
3.6051376E8
3.10057056E8
1.78434672E8
1.4439936E7
-1.35147216E8
-2.42222832E8
-3.01619584E8
-3.23854048E8
-3.22955824E8
-3.07238288E8
-2.77585664E8
-2.32421904E8
-1.74386128E8
-1.13210992E8
-6.2403328E7
-3.1878368E7
-2.1720672E7
-2.178624E7
-1.8167744E7
-2909152.0
1.9272176E7
3.2291936E7
1.8488656E7
-2.804504E7
-9.2503504E7
-1.41214064E8
-1.35232448E8
-4.9951504E7
1.091688E8
3.03711632E8
4.7529688E8
5.69448656E8
5.59332672E8
4.57735616E8
3.11015792E8
1.77558768E8
1.0107968E8
9.1855152E7
1.25095232E8
1.57033424E8
1.50276352E8
9.5163664E7
1.5870336E7
-4.2185664E7
-3.734184E7
4.3836384E7
1.75642032E8
3.02300784E8
3.63407968E8
3.23631872E8
1.91989392E8
2.0661952E7
-1.16975344E8
-1.59398032E8
-8.5839584E7
7.2451568E7
2.44058336E8
3.4723296E8
3.24517824E8
1.66999904E8
-8.2026608E7
-3.44921024E8
-5.40730656E8
-6.15925536E8
-5.62394816E8
-4.16550992E8
-2.41728752E8
-1.02637488E8
-4.2766704E7
-7.29496E7
-1.73554432E8
-3.06911488E8
-4.33160064E8
-5.22796512E8
-5.62137744E8
-5.51813264E8
-5.01287712E8
-4.23166384E8
-3.29785872E8
-2.32445248E8
-1.41940416E8
-6.8663744E7
-2.1389232E7
-5217952.0
-2.0056368E7
-6.0868704E7
-1.19897936E8
-1.89775392E8
-2.65757488E8
-3.45710576E8
-4.27745568E8
-5.06883568E8
-5.7295344E8
-6.11552592E8
-6.08433104E8
-5.55799344E8
-4.57672992E8
-3.31437056E8
-2.0405552E8
-1.03741056E8
-5.0009296E7
-4.6113408E7
-7.7239264E7
-1.1572216E8
-1.3173744E8
-1.05569504E8
-3.6671376E7
5.4282608E7
1.316012E8
1.57144768E8
1.04844208E8
-2.8153136E7
-2.17952224E8
-4.19555728E8
-5.79973104E8
-6.54428656E8
-6.2024576E8
-4.8386296E8
-2.78866256E8
-5.5961824E7
1.31642896E8
2.42773248E8
2.58471264E8
1.85276544E8
5.1336128E7
-1.02872448E8
-2.3617896E8
-3.17459584E8
-3.3284016E8
-2.8786416E8
-2.04436416E8
-1.13582192E8
-4.603712E7
-2.3252688E7
-5.1391184E7
-1.2016032E8
-2.06940464E8
-2.84911616E8
-3.32381504E8
-3.39911056E8
-3.12533856E8
-2.66255472E8
-2.20392224E8
-1.89128592E8
-1.76037744E8
-1.73938832E8
-1.69917744E8
-1.52814624E8
-1.1926512E8
-7.5163568E7
-3.1881408E7
515312.0
1.9017488E7
2.8766368E7
3.8403648E7
5.2014336E7
6.243504E7
5.0645168E7
-6858432.0
-1.25144608E8
-2.98473056E8
-4.95394112E8
-6.65487776E8
-7.56550592E8
-7.35599888E8
-6.04347184E8
-4.01448608E8
-1.89424464E8
-3.1169392E7
3.3932672E7
3739056.0
-8.9128176E7
-1.94502464E8
-2.68243248E8
-2.90848992E8
-2.72425488E8
-2.42250144E8
-2.28981936E8
-2.42309968E8
-2.66050624E8
-2.66709728E8
-2.13315472E8
-9.8106384E7
5.3298528E7
1.88662656E8
2.5074728E8
2.03919296E8
5.2822368E7
-1.56479776E8
-3.5424936E8
-4.75958208E8
-4.89076E8
-4.05429056E8
-2.73664928E8
-1.55819712E8
-9.9384992E7
-1.180144E8
-1.89347904E8
-2.69813216E8
-3.18054352E8
-3.14899504E8
-2.70228752E8
-2.14281232E8
-1.7904232E8
-1.80196624E8
-2.09334688E8
-2.40244384E8
-2.45398912E8
-2.13276E8
-1.56761408E8
-1.07747408E8
-1.00516384E8
-1.52627072E8
-2.53550752E8
-3.67417296E8
-4.48942256E8
-4.64715504E8
-4.09129088E8
-3.06835792E8
-2.00433696E8
-1.295776E8
-1.1207888E8
-1.3653688E8
-1.7016416E8
-1.7771856E8
-1.417688E8
-7.3774784E7
-1.0032784E7
5874064.0
-5.4340352E7
-1.87174928E8
-3.55283648E8
-5.01332832E8
-5.71679648E8
-5.39128672E8
-4.14464464E8
-2.4167936E8
-7.9258096E7
2.3969552E7
4.7806704E7
6632336.0
-5.9480176E7
-1.03762928E8
-9.316056E7
-2.1500288E7
8.9449824E7
2.00409152E8
2.7118896E8
2.76206816E8
2.12924448E8
1.00787168E8
-2.7711152E7
-1.39423376E8
-2.11388608E8
-2.36540304E8
-2.23224944E8
-1.89863472E8
-1.57461328E8
-1.42770736E8
-1.54034224E8
-1.8998288E8
-2.41660464E8
-2.95982352E8
-3.39739248E8
-3.62907056E8
-3.60497808E8
-3.32696288E8
-2.83586992E8
-2.19248704E8
-1.46188192E8
-7.0850912E7
-303072.0
5.6620544E7
8.8941312E7
8.5058032E7
3.6423024E7
-5.7674688E7
-1.86369408E8
-3.26893936E8
-4.490376E8
-5.23772784E8
-5.33293136E8
-4.78455328E8
-3.8003808E8
-2.72400032E8
-1.91259616E8
-1.60094352E8
-1.80733696E8
-2.32419328E8
-2.80289136E8
-2.90223792E8
-2.44025872E8
-1.48384224E8
-3.3403872E7
5.9204064E7
9.3671856E7
5.6144368E7
-3.7904688E7
-1.4838312E8
-2.25904848E8
-2.31604704E8
-1.53211584E8
-1.0545328E7
1.52008816E8
2.82959088E8
3.43730736E8
3.22773152E8
2.37873184E8
1.26022272E8
2.57304E7
-3.995856E7
-7.1892512E7
-9.0871552E7
-1.23447264E8
-1.84608272E8
-2.66258224E8
-3.37887504E8
-3.60075216E8
-3.05028768E8
-1.74339856E8
-4599360.0
1.4344112E8
2.08933584E8
1.58364576E8
3963584.0
-1.96250768E8
-3.5853496E8
-4.06412E8
-3.03141712E8
-6.9610992E7
2.20809744E8
4.69314016E8
5.90030224E8
5.4400352E8
3.54623632E8
9.8002768E7
-1.27686112E8
-2.41114384E8
-2.08886688E8
-5.6366128E7
1.45409952E8
3.10301664E8
3.71750608E8
3.07234688E8
1.43309152E8
-5.9222944E7
-2.32160976E8
-3.26613216E8
-3.2865424E8
-2.58858736E8
-1.58079248E8
-6.7445216E7
-1.2016464E7
5403200.0
-701664.0
-1.0399552E7
-1.0143488E7
1281088.0
1.48176E7
1.8951808E7
8234016.0
-1.2474384E7
-3.0354144E7
-3.2168E7
-1.2718416E7
2.060192E7
5.0033104E7
5.585968E7
2.7195248E7
-3.012744E7
-9.2805968E7
-1.27657712E8
-1.05033264E8
-1.2765744E7
1.35261904E8
3.00046592E8
4.2845712E8
4.70924176E8
3.9965856E8
2.20634288E8
-2.5519504E7
-2.74780624E8
-4.59835968E8
-5.32322208E8
-4.79390064E8
-3.2847472E8
-1.38194944E8
2.1696368E7
9.4269264E7
5.4636896E7
-8.2550432E7
-2.69931296E8
-4.45700208E8
-5.56077952E8
-5.73308368E8
-5.02607904E8
-3.76243856E8
-2.38250496E8
-1.26878384E8
-6.2176768E7
-4.3120896E7
-5.3937008E7
-7.508296E7
-9.2712176E7
-1.02064624E8
-1.04107984E8
-9.8754E7
-7.9912288E7
-3.6437872E7
4.068832E7
1.4878688E8
2.67600448E8
3.620472E8
3.9434504E8
3.4103656E8
2.06995408E8
2.8839776E7
-1.35495488E8
-2.27861184E8
-2.13094512E8
-9.4117936E7
8.809176E7
2.70057264E8
3.90273936E8
4.12003232E8
3.3473464E8
1.90094672E8
2.5232048E7
-1.1776328E8
-2.16688E8
-2.72208752E8
-2.99338432E8
-3.13595824E8
-3.20316352E8
-3.13189184E8
-2.82419872E8
-2.27078944E8
-1.63416016E8
-1.22802912E8
-1.38636128E8
-2.28020992E8
-3.77861664E8
-5.43852016E8
-6.65060224E8
-6.8903784E8
-5.96516784E8
-4.1387552E8
-2.06384704E8
-5.3730032E7
-1.7546896E7
-1.14791248E8
-3.08697392E8
-5.2167768E8
-6.651048E8
-6.73708416E8
-5.30484432E8
-2.72261632E8
2.5632624E7
2.7855264E8
4.23283312E8
4.3827344E8
3.464332E8
2.01154928E8
6.2828352E7
-2.3906208E7
-4.3455984E7
-9315488.0
4.7123312E7
9.2729968E7
1.06421872E8
8.533264E7
4.2077488E7
-4249216.0
-3.8447952E7
-5.6163904E7
-6.4710256E7
-7.8024832E7
-1.08536064E8
-1.59822992E8
-2.23364512E8
-2.80781536E8
-3.10627072E8
-2.9691552E8
-2.35897744E8
-1.38312592E8
-2.617016E7
7.4669856E7
1.43153184E8
1.69448128E8
1.56614128E8
1.17071008E8
6.5720864E7
1.3085104E7
-3.8204368E7
-9.1859872E7
-1.52198912E8
-2.1735448E8
-2.7541096E8
-3.06281136E8
-2.89388944E8
-2.14130816E8
-8.8189856E7
6.0857744E7
1.92540544E8
2.6713544E8
2.6072432E8
1.75345888E8
3.9667712E7
-1.00508576E8
-1.98293264E8
-2.21929424E8
-1.64854384E8
-4.604784E7
9.8700064E7
2.30329024E8
3.19103488E8
3.51686416E8
3.31152784E8
2.7166904E8
1.91460912E8
1.0747248E8
3.3208336E7
-2.105856E7
-4.7847008E7
-4.3542416E7
-1.1005952E7
3.814528E7
8.4173856E7
1.04283536E8
8.1181232E7
1.1745888E7
-8.8591088E7
-1.88872928E8
-2.52998784E8
-2.53803824E8
-1.84971888E8
-6.5344368E7
6.6766352E7
1.6731576E8
2.02769456E8
1.6213496E8
5.9910032E7
-7.0939312E7
-1.92586928E8
-2.76545632E8
-3.12618912E8
-3.09461264E8
-2.87457408E8
-2.67826976E8
-2.63032816E8
-2.7240176E8
-2.84136704E8
-2.820116E8
-2.53289552E8
-1.94392144E8
-1.12304672E8
-2.1747312E7
6.0199456E7
1.19659984E8
1.49728976E8
1.51444416E8
1.32068688E8
1.0158856E8
6.8743792E7
3.7930128E7
8063360.0
-2.605848E7
-7.019096E7
-1.26143616E8
-1.88351584E8
-2.43555152E8
-2.74634112E8
-2.67792784E8
-2.2030736E8
-1.44983088E8
-6.8167888E7
-2.07172E7
-2.4775344E7
-8.1988864E7
-1.69192672E8
-2.45037648E8
-2.66249072E8
-2.07300016E8
-7.4717792E7
9.1366672E7
2.30654704E8
2.86507616E8
2.30266656E8
7.5105472E7
-1.27485296E8
-3.07884032E8
-4.06792E8
-3.9943456E8
-3.04601808E8
-1.74417888E8
-6.9613312E7
-3.1834544E7
-6.5870176E7
-1.39881072E8
-2.03061536E8
-2.11814912E8
-1.5156688E8
-4.368616E7
6.5549344E7
1.2813192E8
1.17967952E8
4.3313328E7
-5.7868112E7
-1.36874064E8
-1.57753632E8
-1.1353648E8
-2.7438464E7
6.0866304E7
1.16213952E8
1.25014528E8
9.967552E7
6.8574864E7
5.7535792E7
7.3261856E7
9.8079488E7
9.9197008E7
4.776616E7
-6.2477776E7
-2.07359632E8
-3.40160288E8
-4.12053184E8
-3.95147392E8
-2.96487504E8
-1.55645328E8
-2.6719648E7
4.651336E7
4.9968368E7
3461872.0
-5.2279648E7
-7.9089952E7
-6.3139872E7
-2.3549776E7
-2950064.0
-4.431216E7
-1.6558688E8
-3.45228592E8
-5.26679632E8
-6.40726032E8
-6.35791008E8
-5.02064512E8
-2.77960896E8
-3.5537952E7
1.4870968E8
2.245416E8
1.86506192E8
7.2556592E7
-5.5669856E7
-1.41025872E8
-1.54244192E8
-1.02317792E8
-1.9345584E7
5.4177296E7
9.248032E7
9.5457968E7
8.4611536E7
8.7116992E7
1.1722024E8
1.65360592E8
2.01228368E8
1.89563296E8
1.10668128E8
-2.518264E7
-1.77570528E8
-2.912292E8
-3.20305296E8
-2.5031504E8
-1.07126592E8
5.1929808E7
1.61464896E8
1.75740544E8
8.8292784E7
-6.5401344E7
-2.23465008E8
-3.24440432E8
-3.33468496E8
-2.5636336E8
-1.3571288E8
-3.122888E7
6560352.0
-4.2398704E7
-1.60377856E8
-3.00952944E8
-4.09612528E8
-4.46324096E8
-4.0033568E8
-2.91642032E8
-1.59818784E8
-4.6322384E7
2.1501136E7
3.8225376E7
1.796224E7
-1.5432192E7
-3.9963072E7
-4.3539536E7
-2.5824864E7
5211568.0
3.8769744E7
6.5311888E7
7.7698848E7
7.024304E7
3.8004912E7
-2.1777376E7
-1.06227536E8
-2.03632368E8
-2.93625104E8
-3.52542752E8
-3.62788192E8
-3.22073952E8
-2.4734616E8
-1.69987568E8
-1.23018096E8
-1.25471136E8
-1.71483216E8
-2.30309472E8
-2.587036E8
-2.20995008E8
-1.078028E8
5.5916176E7
2.18376656E8
3.21710976E8
3.27037616E8
2.32298624E8
7.4175808E7
-8.7368496E7
-1.95139744E8
-2.19332256E8
-1.69157952E8
-8.5991328E7
-2.1393216E7
-1.071928E7
-5.5224752E7
-1.21488048E8
-1.58533024E8
-1.2433952E8
-8758832.0
1.58498848E8
3.18961248E8
4.10540784E8
3.94975728E8
2.74795248E8
9.2140672E7
-8.9583632E7
-2.12325328E8
-2.45928784E8
-1.9682344E8
