f / Hz,T=324.99K,T=319.99K,T=314.99K,T=309.99K,T=304.99K,T=299.99K,T=294.99K,T=290.01K,T=284.99K,T=280K,T=277.49K,T=275K,T=272.5K,T=269.99K,T=267.5K,T=265K,T=262.5K,T=260K,T=257.5K,T=255K,T=252.5K,T=250K
3160000,3.64816,3.40623,3.23216,3.09728,2.99399,2.9183,2.86221,2.85476,2.86558,2.85426,2.84929,2.84386,2.83826,2.83252,2.82765,2.82307,2.81937,2.81616,2.81332,2.81131,2.80962,2.80853
2370000,3.81053,3.51027,3.29739,3.14048,3.02277,2.93723,2.87461,2.86296,2.87101,2.85784,2.85215,2.84596,2.83988,2.83394,2.82868,2.8239,2.82004,2.81663,2.81362,2.81165,2.80992,2.80875
1780000,3.99873,3.64267,3.37756,3.19154,3.05632,2.95925,2.88909,2.87276,2.87773,2.86235,2.85584,2.84907,2.84257,2.83613,2.83055,2.82552,2.82136,2.81785,2.8148,2.81265,2.81094,2.80974
1330000,4.19801,3.81019,3.47965,3.25335,3.09548,2.98417,2.90521,2.88357,2.88491,2.86741,2.86,2.85254,2.84534,2.83853,2.83254,2.82721,2.82286,2.81915,2.81599,2.81368,2.81196,2.81066
1000000,4.37687,4.00356,3.60709,3.3275,3.1408,3.01272,2.9233,2.89564,2.8933,2.8732,2.86499,2.8569,2.84898,2.84164,2.83529,2.82967,2.82512,2.82107,2.8178,2.8155,2.81369,2.81232
750000,4.52175,4.21196,3.76855,3.42074,3.19559,3.04617,2.94425,2.9094,2.90276,2.88008,2.87081,2.862,2.85358,2.84554,2.83878,2.83284,2.82792,2.8237,2.82014,2.81767,2.81582,2.81448
562000,4.62632,4.40856,3.96364,3.53848,3.26176,3.08529,2.96802,2.92461,2.91306,2.8876,2.87726,2.86749,2.85849,2.84986,2.84252,2.83631,2.831,2.8266,2.82283,2.82017,2.81822,2.81688
422000,4.69469,4.56955,4.17862,3.68552,3.34224,3.1307,2.99463,2.94094,2.92392,2.89519,2.8837,2.87302,2.86325,2.85421,2.84631,2.83962,2.83411,2.82934,2.82537,2.8225,2.82053,2.81904
316000,4.73794,4.68911,4.39427,3.86852,3.44346,3.18554,3.0257,2.95943,2.93576,2.90343,2.89072,2.87917,2.86853,2.85885,2.85066,2.84352,2.83759,2.8326,2.82835,2.82526,2.82311,2.82165
237000,4.7634,4.76834,4.58088,4.08087,3.56896,3.25123,3.06123,2.97977,2.94804,2.91159,2.89777,2.88512,2.87388,2.86367,2.85484,2.8473,2.84097,2.83571,2.8314,2.82811,2.82569,2.82414
178000,4.77862,4.81853,4.72407,4.30736,3.72529,3.33132,3.10328,3.00294,2.96168,2.92056,2.90512,2.89151,2.87933,2.86844,2.85914,2.85129,2.8446,2.83904,2.83435,2.83089,2.82832,2.82675
133000,4.78729,4.84912,4.82529,4.52636,3.91898,3.43222,3.15415,3.02996,2.97655,2.92952,2.91246,2.89757,2.88459,2.87294,2.8631,2.85472,2.84785,2.84196,2.83697,2.83329,2.83075,2.82883
100000,4.79249,4.86682,4.88955,4.70599,4.13871,3.55563,3.21466,3.06052,2.99256,2.93906,2.91986,2.90369,2.8896,2.87742,2.86699,2.85825,2.85096,2.84473,2.83955,2.83585,2.83304,2.83131
75000,4.79524,4.87695,4.92902,4.84106,4.3734,3.7092,3.28803,3.09635,3.01062,2.9486,2.9278,2.90998,2.89486,2.88175,2.87113,2.86169,2.8541,2.84784,2.84224,2.83836,2.83546,2.83327
56200,4.79702,4.88332,4.95275,4.93314,4.59687,3.89688,3.37892,3.13983,3.03215,2.96028,2.93634,2.91668,2.90048,2.88657,2.87519,2.86554,2.85747,2.85085,2.84527,2.84093,2.83804,2.83589
42200,4.79823,4.88698,4.96693,4.992,4.7838,4.1161,3.49098,3.1915,3.05645,2.97225,2.94522,2.92361,2.90598,2.89123,2.87917,2.86908,2.86048,2.85385,2.84789,2.84368,2.84052,2.8383
31600,4.79868,4.88933,4.97526,5.02774,4.92548,4.35731,3.63117,3.2546,3.08511,2.98605,2.9551,2.93076,2.91164,2.89554,2.88291,2.87232,2.86348,2.85615,2.85043,2.84584,2.84266,2.84038
23700,4.79957,4.89077,4.9803,5.04988,5.02197,4.59534,3.80204,3.33136,3.11894,3.00158,2.96588,2.93875,2.91759,2.90017,2.88668,2.87553,2.8666,2.85899,2.85292,2.84828,2.84502,2.84274
17800,4.79933,4.89111,4.98281,5.06236,5.08329,4.80348,4.00468,3.42479,3.15878,3.01887,2.97775,2.94703,2.92326,2.90502,2.89009,2.87843,2.86901,2.86132,2.85486,2.85016,2.84676,2.84447
13300,4.7993,4.89149,4.9843,5.06931,5.12162,4.96939,4.24052,3.542,3.20741,3.03939,2.99125,2.95625,2.92972,2.90974,2.89395,2.88177,2.87164,2.86382,2.85734,2.85204,2.84869,2.84633
10000,4.79952,4.89113,4.98472,5.07302,5.14373,5.08452,4.48566,3.68201,3.26475,3.0625,3.00629,2.96619,2.93674,2.91446,2.89767,2.88443,2.87404,2.86576,2.85867,2.85398,2.85055,2.84796
7500,4.79976,4.89211,4.98626,5.0763,5.15736,5.16219,4.7251,3.85533,3.33592,3.09107,3.02413,2.97778,2.9448,2.9201,2.90182,2.88765,2.87689,2.86838,2.86115,2.85591,2.85251,2.85022
5620,4.79974,4.89276,4.98656,5.07775,5.16525,5.21056,4.93175,4.06101,3.4223,3.12384,3.0449,2.991,2.95366,2.92624,2.90634,2.89109,2.87965,2.87054,2.86284,2.85752,2.85377,2.85145
4220,4.80021,4.89281,4.98705,5.07926,5.1706,5.24042,5.09081,4.29527,3.52701,3.16373,3.06969,3.0066,2.9634,2.93275,2.91088,2.89457,2.88226,2.87267,2.86515,2.85955,2.85575,2.85339
3160,4.79996,4.89254,4.98739,5.07949,5.17307,5.25748,5.20358,4.54958,3.65604,3.21125,3.09874,3.02456,2.97437,2.93974,2.91533,2.89805,2.88457,2.87448,2.86666,2.86127,2.85712,2.85452
2370,4.79992,4.8925,4.98748,5.07986,5.17446,5.2677,5.27759,4.80084,3.81176,3.26837,3.13252,3.04493,2.98745,2.94763,2.92057,2.9013,2.88746,2.87655,2.8684,2.86242,2.85849,2.85632
1780,4.80051,4.89279,4.98832,5.08088,5.17643,5.27392,5.32446,5.02568,3.9972,3.33748,3.17352,3.06944,3.0022,2.95713,2.92689,2.90562,2.89031,2.8791,2.87041,2.86431,2.86029,2.85759
1330,4.79989,4.89279,4.9878,5.08041,5.17652,5.27737,5.35217,5.20906,4.21736,3.42162,3.22268,3.09821,3.01902,2.96714,2.93297,2.90941,2.89286,2.88085,2.87179,2.86536,2.86126,2.8585
1000,4.79983,4.89252,4.98756,5.08092,5.17676,5.27924,5.36862,5.34042,4.46017,3.52223,3.28103,3.13192,3.03893,2.97902,2.9402,2.91411,2.8961,2.88308,2.87365,2.86691,2.86252,2.85992
750,4.7999,4.89268,4.98778,5.0807,5.17719,5.28067,5.37866,5.4308,4.72078,3.64418,3.35154,3.1726,3.06237,2.99273,2.94844,2.91941,2.89955,2.88554,2.87536,2.86824,2.86386,2.86101
562,4.80022,4.89292,4.98787,5.08101,5.17767,5.28173,5.38474,5.48912,4.97845,3.79212,3.43671,3.22105,3.08965,3.00848,2.95775,2.9248,2.90291,2.88774,2.87703,2.8697,2.86498,2.8621
422,4.80007,4.89274,4.98772,5.08079,5.17768,5.28216,5.38804,5.52465,5.20739,3.96667,3.53861,3.27848,3.12243,3.02678,2.96821,2.93118,2.90666,2.89033,2.8787,2.87088,2.86611,2.86298
316,4.80012,4.89289,4.98774,5.08091,5.17772,5.28263,5.39042,5.54627,5.39533,4.17354,3.66266,3.34817,3.16087,3.04867,2.98073,2.93832,2.91115,2.89302,2.88065,2.87232,2.86708,2.86392
237,4.79581,4.89005,4.98609,5.08001,5.17759,5.28286,5.39177,5.55916,5.5338,4.40867,3.81096,3.43211,3.20726,3.07447,2.99524,2.94711,2.91646,2.89661,2.88301,2.87413,2.86882,2.8654
178,4.79819,4.89139,4.98694,5.08055,5.17779,5.28316,5.39254,5.56684,5.62802,4.66333,3.9853,3.53109,3.26108,3.10373,3.01151,2.95601,2.92144,2.89934,2.88465,2.87519,2.86957,2.86609
133,4.79876,4.89195,4.98753,5.08086,5.17819,5.28342,5.39355,5.57164,5.69049,4.93142,4.19294,3.65312,3.32782,3.13998,3.03137,2.9672,2.92809,2.90361,2.88732,2.87725,2.87107,2.8673
100,4.79825,4.89169,4.98731,5.08079,5.17818,5.28358,5.394,5.57461,5.7282,5.1824,4.42425,3.79454,3.40526,3.18173,3.05388,2.97966,2.93517,2.90758,2.88989,2.87873,2.87223,2.8684
75,4.79899,4.89215,4.98764,5.08105,5.17823,5.28395,5.39447,5.57663,5.7515,5.4043,4.68012,3.96388,3.49828,3.23102,3.08031,2.99402,2.94294,2.91197,2.89241,2.88017,2.87339,2.86923
56.2,4.80037,4.89337,4.98786,5.08167,5.17896,5.284,5.39472,5.57781,5.76513,5.58131,4.94708,4.16282,3.61036,3.29041,3.11159,3.01089,2.95231,2.91752,2.89564,2.88233,2.87471,2.87032
42.2,4.80067,4.89367,4.98838,5.08155,5.17851,5.28409,5.39487,5.5787,5.77342,5.71017,5.2032,4.38787,3.74232,3.35997,3.14795,3.03003,2.96257,2.92304,2.89863,2.88425,2.87585,2.87117
31.6,4.8013,4.89365,4.98842,5.08161,5.17862,5.2842,5.39517,5.57931,5.77836,5.79866,5.43431,4.64009,3.90069,3.44399,3.19143,3.05273,2.97462,2.9296,2.90261,2.88644,2.87724,2.87228
23.7,4.80156,4.89431,4.98871,5.0817,5.17874,5.28443,5.39534,5.57986,5.78161,5.85555,5.62125,4.90561,4.08524,3.5435,3.24277,3.07947,2.98871,2.93705,2.90668,2.88889,2.87915,2.87336
17.8,4.80247,4.89511,4.98919,5.08188,5.17885,5.28442,5.39548,5.58015,5.78353,5.89059,5.76024,5.16868,4.29689,3.66141,3.303,3.11075,3.00472,2.94563,2.91148,2.89202,2.88087,2.87451
13.3,4.80486,4.89525,4.98994,5.08241,5.179,5.28477,5.39552,5.5806,5.78505,5.91237,5.8582,5.41557,4.53957,3.80376,3.37634,3.14741,3.02395,2.9558,2.91716,2.89512,2.88279,2.87612
10,4.80416,4.89752,4.99047,5.08313,5.17988,5.28534,5.39622,5.58142,5.78645,5.92535,5.92134,5.62011,4.79796,3.96797,3.46102,3.19026,3.04548,2.967,2.92299,2.89835,2.88509,2.87755
7.5,4.81084,4.89831,4.99205,5.08407,5.18028,5.28575,5.39645,5.5819,5.78769,5.93382,5.961,5.77992,5.06665,4.16074,3.56266,3.24084,3.07099,2.98011,2.92998,2.9025,2.88754,2.87941
5.62,4.8131,4.89722,4.99389,5.08507,5.18082,5.28609,5.39664,5.58252,5.78846,5.93872,5.98564,5.89511,5.32717,4.38217,3.68339,3.30061,3.10085,2.99521,2.9378,2.90678,2.8899,2.88119
4.22,4.80685,4.89763,4.99219,5.084,5.17972,5.28488,5.39558,5.58146,5.78716,5.94026,5.99924,5.96942,5.55784,4.62662,3.82436,3.3704,3.13473,3.01225,2.94628,2.91109,2.89236,2.88285
3.16,4.80256,4.90285,4.99058,5.08441,5.1808,5.28521,5.39667,5.58229,5.78722,5.94176,6.00834,6.01907,5.75073,4.89449,3.99374,3.45532,3.17535,3.03241,2.95703,2.91657,2.89611,2.88506
2.37,4.81701,4.90592,4.99105,5.08448,5.18122,5.28586,5.39703,5.58227,5.78835,5.94436,6.01301,6.05025,5.89506,5.16496,4.18785,3.55436,3.22311,3.05513,2.96837,2.92244,2.89989,2.88681
1.78,4.86045,4.91777,5.00403,5.08813,5.18149,5.2854,5.39513,5.58087,5.78743,5.94387,6.01576,6.06667,5.99297,5.41986,4.40606,3.66895,3.27832,3.08144,2.98033,2.92907,2.90332,2.88908
1.33,4.85455,4.91657,4.99662,5.08704,5.1827,5.2869,5.39803,5.5826,5.78874,5.94586,6.01863,6.07881,6.06311,5.65548,4.66039,3.81018,3.34566,3.11342,2.99678,2.93758,2.90821,2.892
1,4.84672,4.92496,4.99782,5.08883,5.18319,5.28763,5.3975,5.58347,5.7894,5.94698,6.02079,6.0848,6.10315,5.83939,4.92387,3.97056,3.42397,3.15017,3.01408,2.94622,2.91264,2.89543
0.75,4.8883,4.92822,5.00546,5.09195,5.18433,5.28746,5.39739,5.58343,5.7893,5.94723,6.02167,6.0887,6.12822,5.97808,5.19644,4.15903,3.51576,3.19256,3.03398,2.95573,2.918,2.89873
0.562,4.92672,4.95036,5.01529,5.0944,5.18498,5.28781,5.39711,5.5827,5.7885,5.94666,6.0213,6.09008,6.14242,6.0745,5.45906,4.3756,3.62376,3.2421,3.05675,2.96683,2.92402,2.90185
0.422,4.99248,4.9764,5.02542,5.09761,5.18635,5.28868,5.39751,5.58271,5.78833,5.94668,6.02181,6.09236,6.1523,6.13754,5.69282,4.61716,3.75133,3.30065,3.08402,2.98006,2.93083,2.90617
0.316,5.08527,5.01221,5.03806,5.10219,5.18788,5.28902,5.39723,5.5826,5.78781,5.94667,6.02205,6.09325,6.15749,6.17718,5.88642,4.88205,3.902,3.36991,3.11545,2.99464,2.93847,2.91066
0.237,5.23153,5.06874,5.06057,5.11119,5.19212,5.29161,5.39914,5.58405,5.78905,5.94815,6.02376,6.09534,6.16222,6.20269,6.03381,5.15813,4.0781,3.45189,3.1524,3.01192,2.94749,2.91601
0.178,5.4168,5.14051,5.08711,5.12095,5.19502,5.29279,5.39963,5.58423,5.78938,5.94816,6.02359,6.09598,6.16421,6.21713,6.13561,5.42702,4.27981,3.54703,3.19477,3.03102,2.95732,2.92174
0.133,5.68628,5.24667,5.12652,5.13425,5.1996,5.29383,5.39986,5.58389,5.78825,5.94734,6.0232,6.09563,6.16534,6.22551,6.20306,5.67811,4.5108,3.6603,3.24333,3.05318,2.96819,2.92734
0.1,6.04023,5.38248,5.17645,5.15334,5.20528,5.29595,5.40062,5.58457,5.78852,5.94806,6.02388,6.09645,6.16612,6.23051,6.24541,5.88827,4.76437,3.79292,3.3027,3.07865,2.9805,2.93448
0.075,--,5.59908,5.2572,5.18141,5.21458,5.29854,5.40188,5.58517,5.78827,5.94795,6.02345,6.09626,6.16649,6.23317,6.27097,6.05223,5.03696,3.948,3.37086,3.10847,2.99434,2.94206
0.0562,--,5.88431,5.35412,5.21371,5.22506,5.30192,5.40294,5.58585,5.78827,5.94779,6.02375,6.09674,6.16705,6.23537,6.28689,6.17173,5.31806,4.1296,3.45151,3.14279,3.01077,2.95059
0.0422,--,6.3567,5.5307,5.26887,5.24474,5.30816,5.40413,5.58643,5.78846,5.94796,6.0249,6.09688,6.16752,6.23704,6.29678,6.25195,5.58357,4.33765,3.54535,3.18303,3.02866,2.96027
0.0316,--,7.17743,5.83366,5.3727,5.2775,5.31778,5.4077,5.5877,5.78855,5.94782,6.02404,6.09726,6.16732,6.2379,6.30092,6.30405,5.82285,4.57439,3.65684,3.22866,3.04931,2.97108
