# IR Spectrum
# X-Axis:  Frequency (cm-1)
# Y-Axis:  &epsilon; (M-1 cm-1)

# Peak information
#                  X                   Y
#      54.7435000000        0.0000000000
#     168.1962000000       22.3430276465
#     256.4913000000       13.3466589516
#     395.8170000000        9.9942308124
#     418.2106000000        0.0000000000
#     444.3458000000        6.5324923630
#     525.4564000000       10.5129913227
#     628.4912000000        0.3497515900
#     683.6686000000       47.3182818119
#     697.0211000000       51.7295281319
#     723.2728000000      438.7305247219
#     811.2432000000       44.4524635986
#     855.2056000000        0.0000000000
#     864.7717000000      141.9082657598
#     957.3360000000       13.1837270722
#     998.7676000000        0.0000000000
#    1011.6608000000        0.0528417480
#    1022.4959000000        0.9742362093
#    1042.3722000000       27.9969475665
#    1099.3767000000       30.3010479780
#    1118.1504000000      111.7020167601
#    1185.9534000000        2.6510688257
#    1196.7811000000       12.8420756866
#    1343.0872000000        1.5882295561
#    1347.9964000000       40.8390493334
#    1368.2633000000      840.3465478317
#    1491.4993000000        4.2563399631
#    1516.0629000000       23.5438360623
#    1569.4581000000      650.6223782678
#    1627.7156000000        8.3978252934
#    1647.7362000000       50.9785218061
#    3176.9281000000        0.8603078413
#    3189.9044000000       10.2200418849
#    3198.2541000000        8.6387665704
#    3226.0785000000        0.8724275812
#    3226.3063000000        6.5639512078

# Spectra
#                  X                   Y               DY/DX
        0.0000000000        0.0000000000        0.0000000000
        7.0000000000        0.0000000000        0.0000000000
       14.0000000000        0.0021893031        0.0000283772
       21.0000000000        0.0024023241        0.0000326170
       28.0000000000        0.0026480093        0.0000377450
       35.0000000000        0.0029333928        0.0000440065
       42.0000000000        0.0032675084        0.0000517326
       49.0000000000        0.0036621131        0.0000613777
       56.0000000000        0.0041327337        0.0000735762
       63.0000000000        0.0047002159        0.0000892319
       70.0000000000        0.0053930690        0.0001096608
       77.0000000000        0.0062511107        0.0001368282
       84.0000000000        0.0073313051        0.0001737560
       91.0000000000        0.0087174419        0.0002252468
       98.0000000000        0.0124245894        0.0003230458
      105.0000000000        0.0150566491        0.0004367351
      112.0000000000        0.0186820578        0.0006125291
      119.0000000000        0.0238885628        0.0008999407
      126.0000000000        0.0317783075        0.0014046533
      133.0000000000        0.0446208098        0.0023791336
      140.0000000000        0.0677184617        0.0045256645
      147.0000000000        0.1159047446        0.0102722578
      154.0000000000        0.2439641847        0.0313415320
      161.0000000000        0.7736343718        0.1632663243
      168.0000000000        3.2537910150        0.0795961396
      175.0000000000        0.8433377187       -0.1824952290
      182.0000000000        0.2607182740       -0.0334806729
      189.0000000000        0.1264435534       -0.0104535630
      196.0000000000        0.0789253795       -0.0042273095
      203.0000000000        0.0589326271       -0.0017939642
      210.0000000000        0.0513277169       -0.0004697167
      217.0000000000        0.0518394896        0.0006254070
      224.0000000000        0.0609171840        0.0020913187
      231.0000000000        0.0844190504        0.0050398979
      238.0000000000        0.1454226819        0.0134209689
      245.0000000000        0.3317124912        0.0495557124
      252.0000000000        1.3218335879        0.3256183777
      259.0000000000        2.1376289104       -0.4791136488
      266.0000000000        0.4545771715       -0.0797456175
      273.0000000000        0.1728154157       -0.0188490898
      280.0000000000        0.0916858444       -0.0069029469
      287.0000000000        0.0600514649       -0.0031863650
      294.0000000000        0.0436946693       -0.0016830987
      301.0000000000        0.0347555395       -0.0009480386
      308.0000000000        0.0296976640       -0.0005312295
      315.0000000000        0.0269886933       -0.0002584325
      322.0000000000        0.0259346647       -0.0000487703
      329.0000000000        0.0242559017        0.0001698777
      336.0000000000        0.0261657946        0.0003830626
      343.0000000000        0.0297813071        0.0006669264
      350.0000000000        0.0358513123        0.0011028478
      357.0000000000        0.0459601917        0.0018628548
      364.0000000000        0.0636381633        0.0033778230
      371.0000000000        0.1010532467        0.0069972846
      378.0000000000        0.1802758774        0.0178414505
      385.0000000000        0.4303650698        0.0674446616
      392.0000000000        1.8151461384        0.4485072924
      399.0000000000        2.1248297803       -0.5102821046
      406.0000000000        0.4926488731       -0.0764884803
      413.0000000000        0.2244369498       -0.0168380166
      420.0000000000        0.1642321581       -0.0019293977
      427.0000000000        0.1903308010        0.0105599219
      434.0000000000        0.3733439771        0.0532666008
      441.0000000000        1.5168365429        0.3631308152
      448.0000000000        1.4034141899       -0.3417058448
      455.0000000000        0.3416123201       -0.0512006253
      462.0000000000        0.1541985754       -0.0130118719
      469.0000000000        0.0987242019       -0.0045318050
      476.0000000000        0.0792615750       -0.0014183067
      483.0000000000        0.0760888417        0.0004392658
      490.0000000000        0.0856256660        0.0023884564
      497.0000000000        0.1126760599        0.0057428953
      504.0000000000        0.1768611937        0.0140200027
      511.0000000000        0.3536951644        0.0433968143
      518.0000000000        1.0807366706        0.2224897315
      525.0000000000        4.7515659444        0.2660686851
      532.0000000000        1.3297568338       -0.2895438961
      539.0000000000        0.4328830228       -0.0517226016
      546.0000000000        0.2270977859       -0.0158606828
      553.0000000000        0.1553099931       -0.0063703338
      560.0000000000        0.1228546423       -0.0027895124
      567.0000000000        0.2898547474        0.0012049233
      574.0000000000        0.3031540959        0.0025344232
      581.0000000000        0.3248630775        0.0036545483
      588.0000000000        0.3543334281        0.0047795436
      595.0000000000        0.3921409392        0.0060612560
      602.0000000000        0.4399531327        0.0076739490
      609.0000000000        0.4996183228        0.0099784717
      616.0000000000        0.5822479107        0.0142170790
      623.0000000000        0.7230415837        0.0306730965
      630.0000000000        0.9440228563       -0.0078233899
      637.0000000000        0.9727715718        0.0201720604
      644.0000000000        1.1742986435        0.0367496122
      651.0000000000        1.4983021936        0.0576496736
      658.0000000000        2.0467622999        0.0983944263
      665.0000000000        3.0287601236        0.1996940802
      672.0000000000        5.4192012487        0.5773832904
      679.0000000000       15.5890465586        3.1860340914
      686.0000000000       27.7167420867       -3.8008680480
      693.0000000000       24.6393191641        3.4030892281
      700.0000000000       29.6068522775       -4.3366506848
      707.0000000000       20.9023259683        1.0038255025
      714.0000000000       45.3767107704        7.6302638676
      721.0000000000      209.1126728452       44.5459402137
      728.0000000000      115.6013809130      -28.3190928355
      735.0000000000       29.3472527039       -4.3972458142
      742.0000000000       12.5872045983       -1.2355043577
      749.0000000000        7.0322718291       -0.4964153430
      756.0000000000        4.5811902921       -0.2423006138
      763.0000000000        3.3217569371       -0.1307412189
      770.0000000000        2.6336564850       -0.0709484911
      777.0000000000        2.2856227473       -0.0298999798
      784.0000000000        2.2173807610        0.0124604924
      791.0000000000        2.5364527161        0.0900055446
      798.0000000000        3.8673809068        0.3503599072
      805.0000000000       10.3034490756        2.0634652158
      812.0000000000       31.3986725220       -2.7452087602
      819.0000000000        7.9144177778       -1.3124337063
      826.0000000000        3.7362832249       -0.2215282371
      833.0000000000        3.1034203281        0.0048388630
      840.0000000000        3.6723567729        0.1662346598
      847.0000000000        5.8356551225        0.5230538802
      854.0000000000       13.4480729519        2.0857331075
      861.0000000000       56.7266667895       14.0336423091
      868.0000000000       64.7638939851      -15.7393619414
      875.0000000000       14.4419240557       -2.3973978137
      882.0000000000        5.7430962795       -0.6031334554
      889.0000000000        2.9585897416       -0.2274628034
      896.0000000000        1.8515710509       -0.1079889827
      903.0000000000        1.2913494215       -0.0583977183
      910.0000000000        0.9779848348       -0.0336151413
      917.0000000000        0.7980661560       -0.0187807017
      924.0000000000        0.7074863418       -0.0072246691
      931.0000000000        0.7020732212        0.0067164299
      938.0000000000        0.8351839876        0.0361632802
      945.0000000000        1.3961514823        0.1468182004
      952.0000000000        4.2555812622        0.9399438123
      959.0000000000        9.6883159117       -1.6543692953
      966.0000000000        2.2821237972       -0.3657365348
      973.0000000000        1.0152144973       -0.0786628240
      980.0000000000        0.6930976118       -0.0249261870
      987.0000000000        0.5893128867       -0.0071956754
      994.0000000000        0.5747250122        0.0025282715
     1001.0000000000        0.6249271747        0.0123893131
     1008.0000000000        0.7723377325        0.0334734849
     1015.0000000000        1.1020052493        0.0726905747
     1022.0000000000        2.1686858460        0.1432892463
     1029.0000000000        2.6615270493        0.2385228976
     1036.0000000000        7.6174338268        1.6084595659
     1043.0000000000       25.1911050688       -1.8799223342
     1050.0000000000        6.0632951822       -1.1044721906
     1057.0000000000        2.5176562666       -0.1976489838
     1064.0000000000        1.8262016267       -0.0333081507
     1071.0000000000        1.8558126060        0.0380294644
     1078.0000000000        2.3897631381        0.1232094725
     1085.0000000000        3.8825005359        0.3498955835
     1092.0000000000        9.2310355412        1.5524441494
     1099.0000000000       33.2925329313        1.7837100504
     1106.0000000000       18.4344525722       -0.1378287947
     1113.0000000000       43.1273826847        9.5494402988
     1120.0000000000       90.3015027128      -17.0772997772
     1127.0000000000       19.0619275169       -3.4863007089
     1134.0000000000        6.9780463884       -0.7889982099
     1141.0000000000        3.6133546609       -0.2832836339
     1148.0000000000        2.2586696966       -0.1290766273
     1155.0000000000        1.6068734380       -0.0649026451
     1162.0000000000        1.2868571696       -0.0287371270
     1169.0000000000        1.2002714943        0.0059860871
     1176.0000000000        1.4708738544        0.0895573127
     1183.0000000000        3.2936521950        0.5451629556
     1190.0000000000        5.2237132955        0.4051443135
     1197.0000000000       13.9680736542       -0.4204483678
     1204.0000000000        3.5699407554       -0.6821485883
     1211.0000000000        1.9678954951       -0.1287101835
     1218.0000000000        1.4571717944       -0.0380695219
     1225.0000000000        1.2995957818       -0.0112721792
     1232.0000000000        1.2662164308        0.0004737394
     1239.0000000000        1.2956962519        0.0075222831
     1246.0000000000        1.3680519384        0.0130296300
     1253.0000000000        1.4775820358        0.0182944304
     1260.0000000000        1.6074729500        0.0242861428
     1267.0000000000        1.8006778080        0.0311585929
     1274.0000000000        2.0479883762        0.0398806152
     1281.0000000000        2.3003452949        0.0522396802
     1288.0000000000        2.7182339457        0.0680526416
     1295.0000000000        3.2689409858        0.0907213208
     1302.0000000000        4.0142623786        0.1246234296
     1309.0000000000        5.0586169231        0.1780601440
     1316.0000000000        6.5916073967        0.2684144922
     1323.0000000000        8.9955980854        0.4378135467
     1330.0000000000       13.1849595102        0.8163640351
     1337.0000000000       22.1899284784        2.0327004652
     1344.0000000000       51.9941766854        7.8910500794
     1351.0000000000       81.6373618477       -1.8169428035
     1358.0000000000      138.0720383375       21.0723704594
     1365.0000000000      600.6303744243      146.1822114445
     1372.0000000000      533.2545227624     -132.7740343530
     1379.0000000000      122.2392068622      -19.9085177711
     1386.0000000000       48.7842072312       -5.2002733038
     1393.0000000000       25.8090449121       -2.0161002137
     1400.0000000000       15.9124324713       -0.9763893085
     1407.0000000000       10.7882742503       -0.5433997127
     1414.0000000000        8.3886215312       -0.3247247073
     1421.0000000000        6.5592963945       -0.2085819763
     1428.0000000000        5.3613663722       -0.1391481830
     1435.0000000000        4.5543668583       -0.0944166468
     1442.0000000000        4.0078080823       -0.0634328732
     1449.0000000000        3.6485490162       -0.0401266855
     1456.0000000000        3.4373584347       -0.0205533211
     1463.0000000000        3.3603025643       -0.0011340529
     1470.0000000000        3.4420022636        0.0242492678
     1477.0000000000        3.7642873836        0.0764465607
     1484.0000000000        4.8659868733        0.3061532654
     1491.0000000000        9.6294943317        0.4338749257
     1498.0000000000        6.7632352156       -0.1215686331
     1505.0000000000        8.3646013885        0.6042025509
     1512.0000000000       20.5357641001        3.9237227584
     1519.0000000000       26.5153417310       -4.5904910992
     1526.0000000000       12.5527279866       -0.4183012859
     1533.0000000000       12.3151733428        0.3871826031
     1540.0000000000       17.0167095080        1.0002272805
     1547.0000000000       27.8796417094        2.3173850349
     1554.0000000000       56.0438931070        6.7171324424
     1561.0000000000      162.1402247137       31.2371631799
     1568.0000000000      781.2738554044      125.6241121317
     1575.0000000000      303.4336909211      -71.8893292067
     1582.0000000000       82.1537590415      -11.8129358828
     1589.0000000000       36.1348824526       -3.4791291345
     1596.0000000000       20.3479280627       -1.4213713286
     1603.0000000000       13.3556684834       -0.6814296082
     1610.0000000000        9.9732301013       -0.3138647178
     1617.0000000000        8.9322027897        0.0540053368
     1624.0000000000       13.1459335939        1.5760466184
     1631.0000000000       14.7683017457       -1.4110897685
     1638.0000000000       15.1044091823        1.4961990878
     1645.0000000000       52.6809321155       11.4183620529
     1652.0000000000       36.4756275738       -8.5741271496
     1659.0000000000       10.1255649756       -1.3365099132
     1666.0000000000        4.9965047421       -0.3862883812
     1673.0000000000        3.2095231549       -0.1671306010
     1680.0000000000        2.3272226411       -0.0907726520
     1687.0000000000        1.8243735406       -0.0568758115
     1694.0000000000        1.4944700182       -0.0390838859
     1701.0000000000        1.2604780448       -0.0286081561
     1708.0000000000        1.0852917735       -0.0219024870
     1715.0000000000        0.9489154347       -0.0173331736
     1722.0000000000        0.8396136427       -0.0140670377
     1729.0000000000        0.7500245198       -0.0116435932
     1736.0000000000        0.1652804831       -0.0036702118
     1743.0000000000        0.1423068489       -0.0029306953
     1750.0000000000        0.1238183367       -0.0023774788
     1757.0000000000        0.1087176729       -0.0019553497
     1764.0000000000        0.0962240216       -0.0016276359
     1771.0000000000        0.0857693995       -0.0013693270
     1778.0000000000        0.0769326155       -0.0011629652
     1785.0000000000        0.0693959619       -0.0009961112
     1792.0000000000        0.0559002323       -0.0007743771
     1799.0000000000        0.0508497122       -0.0006718617
     1806.0000000000        0.0464538365       -0.0005866684
     1813.0000000000        0.0000000000        0.0000000000
     1820.0000000000        0.0000000000        0.0000000000
     1827.0000000000        0.0000000000        0.0000000000
     1834.0000000000        0.0000000000        0.0000000000
     1841.0000000000        0.0000000000        0.0000000000
     1848.0000000000        0.0000000000        0.0000000000
     1855.0000000000        0.0000000000        0.0000000000
     1862.0000000000        0.0000000000        0.0000000000
     1869.0000000000        0.0000000000        0.0000000000
     1876.0000000000        0.0000000000        0.0000000000
     1883.0000000000        0.0000000000        0.0000000000
     1890.0000000000        0.0000000000        0.0000000000
     1897.0000000000        0.0000000000        0.0000000000
     1904.0000000000        0.0000000000        0.0000000000
     1911.0000000000        0.0000000000        0.0000000000
     1918.0000000000        0.0000000000        0.0000000000
     1925.0000000000        0.0000000000        0.0000000000
     1932.0000000000        0.0000000000        0.0000000000
     1939.0000000000        0.0000000000        0.0000000000
     1946.0000000000        0.0000000000        0.0000000000
     1953.0000000000        0.0000000000        0.0000000000
     1960.0000000000        0.0000000000        0.0000000000
     1967.0000000000        0.0000000000        0.0000000000
     1974.0000000000        0.0000000000        0.0000000000
     1981.0000000000        0.0000000000        0.0000000000
     1988.0000000000        0.0000000000        0.0000000000
     1995.0000000000        0.0000000000        0.0000000000
     2002.0000000000        0.0000000000        0.0000000000
     2009.0000000000        0.0000000000        0.0000000000
     2016.0000000000        0.0000000000        0.0000000000
     2023.0000000000        0.0000000000        0.0000000000
     2030.0000000000        0.0000000000        0.0000000000
     2037.0000000000        0.0000000000        0.0000000000
     2044.0000000000        0.0000000000        0.0000000000
     2051.0000000000        0.0000000000        0.0000000000
     2058.0000000000        0.0000000000        0.0000000000
     2065.0000000000        0.0000000000        0.0000000000
     2072.0000000000        0.0000000000        0.0000000000
     2079.0000000000        0.0000000000        0.0000000000
     2086.0000000000        0.0000000000        0.0000000000
     2093.0000000000        0.0000000000        0.0000000000
     2100.0000000000        0.0000000000        0.0000000000
     2107.0000000000        0.0000000000        0.0000000000
     2114.0000000000        0.0000000000        0.0000000000
     2121.0000000000        0.0000000000        0.0000000000
     2128.0000000000        0.0000000000        0.0000000000
     2135.0000000000        0.0000000000        0.0000000000
     2142.0000000000        0.0000000000        0.0000000000
     2149.0000000000        0.0000000000        0.0000000000
     2156.0000000000        0.0000000000        0.0000000000
     2163.0000000000        0.0000000000        0.0000000000
     2170.0000000000        0.0000000000        0.0000000000
     2177.0000000000        0.0000000000        0.0000000000
     2184.0000000000        0.0000000000        0.0000000000
     2191.0000000000        0.0000000000        0.0000000000
     2198.0000000000        0.0000000000        0.0000000000
     2205.0000000000        0.0000000000        0.0000000000
     2212.0000000000        0.0000000000        0.0000000000
     2219.0000000000        0.0000000000        0.0000000000
     2226.0000000000        0.0000000000        0.0000000000
     2233.0000000000        0.0000000000        0.0000000000
     2240.0000000000        0.0000000000        0.0000000000
     2247.0000000000        0.0000000000        0.0000000000
     2254.0000000000        0.0000000000        0.0000000000
     2261.0000000000        0.0000000000        0.0000000000
     2268.0000000000        0.0000000000        0.0000000000
     2275.0000000000        0.0000000000        0.0000000000
     2282.0000000000        0.0000000000        0.0000000000
     2289.0000000000        0.0000000000        0.0000000000
     2296.0000000000        0.0000000000        0.0000000000
     2303.0000000000        0.0000000000        0.0000000000
     2310.0000000000        0.0000000000        0.0000000000
     2317.0000000000        0.0000000000        0.0000000000
     2324.0000000000        0.0000000000        0.0000000000
     2331.0000000000        0.0000000000        0.0000000000
     2338.0000000000        0.0000000000        0.0000000000
     2345.0000000000        0.0000000000        0.0000000000
     2352.0000000000        0.0000000000        0.0000000000
     2359.0000000000        0.0000000000        0.0000000000
     2366.0000000000        0.0000000000        0.0000000000
     2373.0000000000        0.0000000000        0.0000000000
     2380.0000000000        0.0000000000        0.0000000000
     2387.0000000000        0.0000000000        0.0000000000
     2394.0000000000        0.0000000000        0.0000000000
     2401.0000000000        0.0000000000        0.0000000000
     2408.0000000000        0.0000000000        0.0000000000
     2415.0000000000        0.0000000000        0.0000000000
     2422.0000000000        0.0000000000        0.0000000000
     2429.0000000000        0.0000000000        0.0000000000
     2436.0000000000        0.0000000000        0.0000000000
     2443.0000000000        0.0000000000        0.0000000000
     2450.0000000000        0.0000000000        0.0000000000
     2457.0000000000        0.0000000000        0.0000000000
     2464.0000000000        0.0000000000        0.0000000000
     2471.0000000000        0.0000000000        0.0000000000
     2478.0000000000        0.0000000000        0.0000000000
     2485.0000000000        0.0000000000        0.0000000000
     2492.0000000000        0.0000000000        0.0000000000
     2499.0000000000        0.0000000000        0.0000000000
     2506.0000000000        0.0000000000        0.0000000000
     2513.0000000000        0.0000000000        0.0000000000
     2520.0000000000        0.0000000000        0.0000000000
     2527.0000000000        0.0000000000        0.0000000000
     2534.0000000000        0.0000000000        0.0000000000
     2541.0000000000        0.0000000000        0.0000000000
     2548.0000000000        0.0000000000        0.0000000000
     2555.0000000000        0.0000000000        0.0000000000
     2562.0000000000        0.0000000000        0.0000000000
     2569.0000000000        0.0000000000        0.0000000000
     2576.0000000000        0.0000000000        0.0000000000
     2583.0000000000        0.0000000000        0.0000000000
     2590.0000000000        0.0000000000        0.0000000000
     2597.0000000000        0.0000000000        0.0000000000
     2604.0000000000        0.0000000000        0.0000000000
     2611.0000000000        0.0000000000        0.0000000000
     2618.0000000000        0.0000000000        0.0000000000
     2625.0000000000        0.0000000000        0.0000000000
     2632.0000000000        0.0000000000        0.0000000000
     2639.0000000000        0.0000000000        0.0000000000
     2646.0000000000        0.0000000000        0.0000000000
     2653.0000000000        0.0000000000        0.0000000000
     2660.0000000000        0.0000000000        0.0000000000
     2667.0000000000        0.0000000000        0.0000000000
     2674.0000000000        0.0000000000        0.0000000000
     2681.0000000000        0.0000000000        0.0000000000
     2688.0000000000        0.0000000000        0.0000000000
     2695.0000000000        0.0000000000        0.0000000000
     2702.0000000000        0.0000000000        0.0000000000
     2709.0000000000        0.0000000000        0.0000000000
     2716.0000000000        0.0000000000        0.0000000000
     2723.0000000000        0.0000000000        0.0000000000
     2730.0000000000        0.0000000000        0.0000000000
     2737.0000000000        0.0000000000        0.0000000000
     2744.0000000000        0.0000000000        0.0000000000
     2751.0000000000        0.0000000000        0.0000000000
     2758.0000000000        0.0000000000        0.0000000000
     2765.0000000000        0.0000000000        0.0000000000
     2772.0000000000        0.0000000000        0.0000000000
     2779.0000000000        0.0000000000        0.0000000000
     2786.0000000000        0.0000000000        0.0000000000
     2793.0000000000        0.0000000000        0.0000000000
     2800.0000000000        0.0000000000        0.0000000000
     2807.0000000000        0.0000000000        0.0000000000
     2814.0000000000        0.0000000000        0.0000000000
     2821.0000000000        0.0000000000        0.0000000000
     2828.0000000000        0.0000000000        0.0000000000
     2835.0000000000        0.0000000000        0.0000000000
     2842.0000000000        0.0000000000        0.0000000000
     2849.0000000000        0.0000000000        0.0000000000
     2856.0000000000        0.0000000000        0.0000000000
     2863.0000000000        0.0000000000        0.0000000000
     2870.0000000000        0.0000000000        0.0000000000
     2877.0000000000        0.0000000000        0.0000000000
     2884.0000000000        0.0000000000        0.0000000000
     2891.0000000000        0.0000000000        0.0000000000
     2898.0000000000        0.0000000000        0.0000000000
     2905.0000000000        0.0000000000        0.0000000000
     2912.0000000000        0.0000000000        0.0000000000
     2919.0000000000        0.0000000000        0.0000000000
     2926.0000000000        0.0000000000        0.0000000000
     2933.0000000000        0.0000000000        0.0000000000
     2940.0000000000        0.0000000000        0.0000000000
     2947.0000000000        0.0000000000        0.0000000000
     2954.0000000000        0.0000000000        0.0000000000
     2961.0000000000        0.0000000000        0.0000000000
     2968.0000000000        0.0000000000        0.0000000000
     2975.0000000000        0.0000000000        0.0000000000
     2982.0000000000        0.0000000000        0.0000000000
     2989.0000000000        0.0000000000        0.0000000000
     2996.0000000000        0.0000000000        0.0000000000
     3003.0000000000        0.0000000000        0.0000000000
     3010.0000000000        0.0000000000        0.0000000000
     3017.0000000000        0.0014802235        0.0000184995
     3024.0000000000        0.0016187390        0.0000211555
     3031.0000000000        0.0196618858        0.0002492968
     3038.0000000000        0.0215304611        0.0002856836
     3045.0000000000        0.0399729486        0.0005420130
     3052.0000000000        0.0440557078        0.0006272595
     3059.0000000000        0.0487985465        0.0007313956
     3066.0000000000        0.0543521078        0.0008599689
     3073.0000000000        0.0750571709        0.0012050403
     3080.0000000000        0.0842695722        0.0014361643
     3087.0000000000        0.0953119362        0.0017311590
     3094.0000000000        0.1087098696        0.0021139947
     3101.0000000000        0.1251948502        0.0026204459
     3108.0000000000        0.1458105599        0.0033055657
     3115.0000000000        0.1720902654        0.0042571806
     3122.0000000000        0.2063661192        0.0056215612
     3129.0000000000        0.2523380947        0.0076554415
     3136.0000000000        0.3161920796        0.0108400995
     3143.0000000000        0.4089915368        0.0161585259
     3150.0000000000        0.5524114803        0.0258701146
     3157.0000000000        0.7949571528        0.0461745517
     3164.0000000000        1.2719480195        0.1000810772
     3171.0000000000        2.5639369735        0.3344274224
     3178.0000000000        6.1143880558        0.2475872153
     3185.0000000000       13.9400056408        2.9556156053
     3192.0000000000       29.5433894570       -2.9809203304
     3199.0000000000       28.2202250026       -2.9026713795
     3206.0000000000        7.5041053899       -1.1484943192
     3213.0000000000        4.2207389736       -0.0392193154
     3220.0000000000        7.2939469197        1.2568742009
     3227.0000000000       20.9197910250       -1.8014573044
     3234.0000000000        4.9371936295       -0.9256462382
     3241.0000000000        1.8182038653       -0.1974545049
     3248.0000000000        0.9762656568       -0.0716376763
     3255.0000000000        0.6262643512       -0.0345773944
     3262.0000000000        0.4431665384       -0.0196867833
     3269.0000000000        0.3334081058       -0.0124461273
     3276.0000000000        0.2615276459       -0.0084506499
     3283.0000000000        0.2114627912       -0.0060408780
     3290.0000000000        0.1749794519       -0.0044891438
     3297.0000000000        0.1474571760       -0.0034386641
     3304.0000000000        0.1261190620       -0.0026989316
     3311.0000000000        0.1092040607       -0.0021611730
     3318.0000000000        0.0955461222       -0.0017598409
     3325.0000000000        0.0843453673       -0.0014536494
     3332.0000000000        0.0750366597       -0.0012156153
     3339.0000000000        0.0657692511       -0.0010097677
     3346.0000000000        0.0592396274       -0.0008611710
     3353.0000000000        0.0366700463       -0.0005326110
     3360.0000000000        0.0185809173       -0.0002776587
     3367.0000000000        0.0167797699       -0.0002382914
     3374.0000000000        0.0152283059       -0.0002060265
     3381.0000000000        0.0138824303       -0.0001793321
     3388.0000000000        0.0000000000        0.0000000000
     3395.0000000000        0.0000000000        0.0000000000
     3402.0000000000        0.0000000000        0.0000000000
     3409.0000000000        0.0000000000        0.0000000000
     3416.0000000000        0.0000000000        0.0000000000
     3423.0000000000        0.0000000000        0.0000000000
     3430.0000000000        0.0000000000        0.0000000000
     3437.0000000000        0.0000000000        0.0000000000
     3444.0000000000        0.0000000000        0.0000000000
     3451.0000000000        0.0000000000        0.0000000000
     3458.0000000000        0.0000000000        0.0000000000
     3465.0000000000        0.0000000000        0.0000000000
     3472.0000000000        0.0000000000        0.0000000000
     3479.0000000000        0.0000000000        0.0000000000
     3486.0000000000        0.0000000000        0.0000000000
     3493.0000000000        0.0000000000        0.0000000000
