# Raman Activity Spectrum
# X-Axis:  Frequency (cm-1)
# Y-Axis:  Intensity

# Peak information
#                  X                   Y
#      54.7435000000        0.0296000000
#     168.1962000000        1.5691000000
#     256.4913000000        0.3781000000
#     395.8170000000        2.6059000000
#     418.2106000000        0.0003000000
#     444.3458000000        0.0048000000
#     525.4564000000        2.6077000000
#     628.4912000000        5.0253000000
#     683.6686000000        0.0066000000
#     697.0211000000        1.3596000000
#     723.2728000000        0.0071000000
#     811.2432000000        1.1269000000
#     855.2056000000        0.1934000000
#     864.7717000000       15.4472000000
#     957.3360000000        0.0186000000
#     998.7676000000        0.0000000000
#    1011.6608000000        0.0518000000
#    1022.4959000000       40.5808000000
#    1042.3722000000       11.3065000000
#    1099.3767000000        0.0301000000
#    1118.1504000000       38.8117000000
#    1185.9534000000        5.9206000000
#    1196.7811000000        3.7971000000
#    1343.0872000000        0.1527000000
#    1347.9964000000        0.8939000000
#    1368.2633000000      165.5100000000
#    1491.4993000000        0.0050000000
#    1516.0629000000        0.8185000000
#    1569.4581000000       19.0930000000
#    1627.7156000000       71.3522000000
#    1647.7362000000        0.3663000000
#    3176.9281000000       55.1338000000
#    3189.9044000000       85.0381000000
#    3198.2541000000      178.7996000000
#    3226.0785000000        9.2365000000
#    3226.3063000000      151.0106000000

# Spectra
#                  X                   Y               DY/DX
        0.0000000000        0.0000125090        0.0000004546
        7.0000000000        0.0000164186        0.0000006830
       14.0000000000        0.0001044410        0.0000021555
       21.0000000000        0.0001225697        0.0000031288
       28.0000000000        0.0001506674        0.0000051831
       35.0000000000        0.0002026807        0.0000106842
       42.0000000000        0.0003335751        0.0000321185
       49.0000000000        0.0009064203        0.0001826960
       56.0000000000        0.0022986461       -0.0003037357
       63.0000000000        0.0006237088       -0.0000845043
       70.0000000000        0.0003533874       -0.0000144782
       77.0000000000        0.0003077073       -0.0000012937
       84.0000000000        0.0003176639        0.0000036039
       91.0000000000        0.0003546552        0.0000068882
       98.0000000000        0.0004327496        0.0000105175
      105.0000000000        0.0005211913        0.0000150069
      112.0000000000        0.0006478389        0.0000216612
      119.0000000000        0.0008338249        0.0000323962
      126.0000000000        0.0011198263        0.0000511934
      133.0000000000        0.0015903263        0.0000875105
      140.0000000000        0.0024433499        0.0001676331
      147.0000000000        0.0042336509        0.0003824388
      154.0000000000        0.0090113906        0.0011707303
      161.0000000000        0.0288196793        0.0061086595
      168.0000000000        0.1216381500        0.0029757798
      175.0000000000        0.0313746412       -0.0068364303
      182.0000000000        0.0095257468       -0.0012596835
      189.0000000000        0.0044476671       -0.0003998476
      196.0000000000        0.0025985269       -0.0001700527
      203.0000000000        0.0017507066       -0.0000841741
      210.0000000000        0.0013189508       -0.0000433968
      217.0000000000        0.0011058054       -0.0000184348
      224.0000000000        0.0010531383        0.0000038716
      231.0000000000        0.0011847777        0.0000374043
      238.0000000000        0.0018105841        0.0001232584
      245.0000000000        0.0035790276        0.0004766243
      252.0000000000        0.0131711315        0.0031605069
      259.0000000000        0.0210799112       -0.0046568787
      266.0000000000        0.0047185132       -0.0007755504
      273.0000000000        0.0019792198       -0.0001828897
      280.0000000000        0.0011960798       -0.0000658538
      287.0000000000        0.0008851773       -0.0000289262
      294.0000000000        0.0007442771       -0.0000132090
      301.0000000000        0.0006839179       -0.0000047403
      308.0000000000        0.0006716726        0.0000009807
      315.0000000000        0.0006956871        0.0000058384
      322.0000000000        0.0007539426        0.0000109207
      329.0000000000        0.0007759621        0.0000181265
      336.0000000000        0.0009310536        0.0000267374
      343.0000000000        0.0011609132        0.0000399661
      350.0000000000        0.0015108468        0.0000620339
      357.0000000000        0.0020709591        0.0001023320
      364.0000000000        0.0030388386        0.0001848077
      371.0000000000        0.0050408900        0.0003842859
      378.0000000000        0.0094161781        0.0009894524
      385.0000000000        0.0233602897        0.0037718569
      392.0000000000        0.1010456813        0.0251870991
      399.0000000000        0.1181911582       -0.0287381319
      406.0000000000        0.0259933123       -0.0043788145
      413.0000000000        0.0101742789       -0.0010873026
      420.0000000000        0.0054281300       -0.0004106550
      427.0000000000        0.0034495647       -0.0001893262
      434.0000000000        0.0024964905       -0.0000930353
      441.0000000000        0.0021251767       -0.0000051103
      448.0000000000        0.0018159097       -0.0000777350
      455.0000000000        0.0015220200       -0.0000195870
      462.0000000000        0.0014604399        0.0000003175
      469.0000000000        0.0017412636        0.0000194276
      476.0000000000        0.0019449201        0.0000398763
      483.0000000000        0.0023244147        0.0000712078
      490.0000000000        0.0029996013        0.0001279778
      497.0000000000        0.0042610312        0.0002492592
      504.0000000000        0.0069243759        0.0005680434
      511.0000000000        0.0139720033        0.0017158765
      518.0000000000        0.0425567217        0.0087294383
      525.0000000000        0.1857431458        0.0104276298
      532.0000000000        0.0517607183       -0.0113347200
      539.0000000000        0.0159537091       -0.0020281685
      546.0000000000        0.0078783751       -0.0006230996
      553.0000000000        0.0050583003       -0.0002497713
      560.0000000000        0.0037614676       -0.0001055886
      567.0000000000        0.0032999574       -0.0000325589
      574.0000000000        0.0032574563        0.0000189898
      581.0000000000        0.0035677100        0.0000713141
      588.0000000000        0.0043044657        0.0001449650
      595.0000000000        0.0057306429        0.0002775494
      602.0000000000        0.0085504968        0.0005712686
      609.0000000000        0.0148960283        0.0013994231
      616.0000000000        0.0334402957        0.0047673017
      623.0000000000        0.1230133527        0.0291319196
      630.0000000000        0.3097614266       -0.0510384472
      637.0000000000        0.0645774485       -0.0122946896
      644.0000000000        0.0227776022       -0.0026466407
      651.0000000000        0.0117146591       -0.0009033105
      658.0000000000        0.0075852696       -0.0003754325
      665.0000000000        0.0058678278       -0.0001371081
      672.0000000000        0.0055582875        0.0000543731
      679.0000000000        0.0070142453        0.0004282505
      686.0000000000        0.0130788001        0.0016246751
      693.0000000000        0.0483253880        0.0116487973
      700.0000000000        0.0617827502       -0.0145299311
      707.0000000000        0.0147659235       -0.0022600412
      714.0000000000        0.0066673572       -0.0005444178
      721.0000000000        0.0045387162       -0.0001273799
      728.0000000000        0.0033887879       -0.0001425967
      735.0000000000        0.0027843238       -0.0000502325
      742.0000000000        0.0025612627       -0.0000171934
      749.0000000000        0.0025152486        0.0000029845
      756.0000000000        0.0025954705        0.0000197965
      763.0000000000        0.0027950867        0.0000377637
      770.0000000000        0.0031372492        0.0000614432
      777.0000000000        0.0036868085        0.0000989758
      784.0000000000        0.0046006319        0.0001710786
      791.0000000000        0.0060999084        0.0003512340
      798.0000000000        0.0102546171        0.0009890911
      805.0000000000        0.0269386485        0.0051805828
      812.0000000000        0.0795329422       -0.0064809167
      819.0000000000        0.0240420544       -0.0029083961
      826.0000000000        0.0163847426       -0.0000888685
      833.0000000000        0.0190494129        0.0008091402
      840.0000000000        0.0285328583        0.0020631497
      847.0000000000        0.0531599979        0.0057561299
      854.0000000000        0.1374093039        0.0219750982
      861.0000000000        0.5499610659        0.1350945024
      868.0000000000        0.6270813971       -0.1525892563
      875.0000000000        0.1393770678       -0.0232073135
      882.0000000000        0.0553359741       -0.0058009183
      889.0000000000        0.0305555094       -0.0021703065
      896.0000000000        0.0200795544       -0.0010088752
      903.0000000000        0.0149213571       -0.0005264539
      910.0000000000        0.0121610736       -0.0002867827
      917.0000000000        0.0106742225       -0.0001490365
      924.0000000000        0.0099679384       -0.0000578545
      931.0000000000        0.0098168307        0.0000126826
      938.0000000000        0.0101336097        0.0000781256
      945.0000000000        0.0109383618        0.0001559147
      952.0000000000        0.0124983922        0.0003229874
      959.0000000000        0.0165175368        0.0001598834
      966.0000000000        0.0186145245        0.0004607768
      973.0000000000        0.0227380242        0.0007417363
      980.0000000000        0.0293010461        0.0011730406
      987.0000000000        0.0400138484        0.0019794588
      994.0000000000        0.0591103020        0.0037186351
     1001.0000000000        0.0983057489        0.0082861484
     1008.0000000000        0.2003734294        0.0247523171
     1015.0000000000        0.6005205135        0.1209008908
     1022.0000000000        2.6049303334        0.1596096475
     1029.0000000000        0.7817062609       -0.1516786458
     1036.0000000000        0.4216550690        0.0175592825
     1043.0000000000        0.8103346759       -0.0629718847
     1050.0000000000        0.2193185456       -0.0357394154
     1057.0000000000        0.0960588320       -0.0080471281
     1064.0000000000        0.0619262206       -0.0027928959
     1071.0000000000        0.0497263963       -0.0009241302
     1078.0000000000        0.0473927170        0.0002205709
     1085.0000000000        0.0530900159        0.0014869312
     1092.0000000000        0.0706470301        0.0038539175
     1099.0000000000        0.1159940834        0.0100300212
     1106.0000000000        0.2497947044        0.0351925017
     1113.0000000000        0.9291011794        0.2226626531
     1120.0000000000        2.0226866148       -0.3837648099
     1127.0000000000        0.4227130799       -0.0778727362
     1134.0000000000        0.1542811866       -0.0173464794
     1141.0000000000        0.0809706922       -0.0060789935
     1148.0000000000        0.0524398222       -0.0026271224
     1155.0000000000        0.0399444759       -0.0010952321
     1162.0000000000        0.0361744708        0.0000262348
     1169.0000000000        0.0418536049        0.0018750532
     1176.0000000000        0.0735252178        0.0091808133
     1183.0000000000        0.2658183028        0.0589435598
     1190.0000000000        0.2503039601       -0.0323211158
     1197.0000000000        0.2836601979       -0.0133706253
     1204.0000000000        0.0777447860       -0.0136395500
     1211.0000000000        0.0373200368       -0.0029730583
     1218.0000000000        0.0246519871       -0.0010649068
     1225.0000000000        0.0196052709       -0.0004707962
     1232.0000000000        0.0173144373       -0.0002136142
     1239.0000000000        0.0163517290       -0.0000730399
     1246.0000000000        0.0161850205        0.0000205691
     1253.0000000000        0.0165964134        0.0000952204
     1260.0000000000        0.0175059217        0.0001650251
     1267.0000000000        0.0189157754        0.0002391980
     1274.0000000000        0.0208839961        0.0003259732
     1281.0000000000        0.0220565703        0.0004529921
     1288.0000000000        0.0256993759        0.0005951906
     1295.0000000000        0.0305196224        0.0007937056
     1302.0000000000        0.0370208302        0.0010828886
     1309.0000000000        0.0460311915        0.0015243178
     1316.0000000000        0.0589849495        0.0022370553
     1323.0000000000        0.0785514769        0.0034753331
     1330.0000000000        0.1102607979        0.0058733979
     1337.0000000000        0.1680810771        0.0116140655
     1344.0000000000        0.2964344074        0.0266508648
     1351.0000000000        0.5380144812        0.0465946922
     1358.0000000000        1.3067531661        0.2183654296
     1365.0000000000        5.9163965147        1.4478717430
     1372.0000000000        5.2609307874       -1.3119056868
     1379.0000000000        1.2014182438       -0.1964132794
     1386.0000000000        0.4773815693       -0.0511818671
     1393.0000000000        0.2514945368       -0.0197940064
     1400.0000000000        0.1544232511       -0.0095661856
     1407.0000000000        0.1042543850       -0.0053165417
     1414.0000000000        0.0757754896       -0.0032404099
     1421.0000000000        0.0573918450       -0.0021169335
     1428.0000000000        0.0450808683       -0.0014546391
     1435.0000000000        0.0364600435       -0.0010386084
     1442.0000000000        0.0302153927       -0.0007633765
     1449.0000000000        0.0255766796       -0.0005729429
     1456.0000000000        0.0220715128       -0.0004354807
     1463.0000000000        0.0194020614       -0.0003316026
     1470.0000000000        0.0199518256       -0.0002156677
     1477.0000000000        0.0187190194       -0.0001369490
     1484.0000000000        0.0180556080       -0.0000475731
     1491.0000000000        0.0181972971        0.0000593705
     1498.0000000000        0.0188787674        0.0002231412
     1505.0000000000        0.0223425331        0.0009414250
     1512.0000000000        0.0408235228        0.0059487551
     1519.0000000000        0.0497204101       -0.0070213399
     1526.0000000000        0.0282051434       -0.0006799544
     1533.0000000000        0.0225338892        0.0005714808
     1540.0000000000        0.0292427512        0.0013943012
     1547.0000000000        0.0439527437        0.0030720643
     1554.0000000000        0.0803612010        0.0085451799
     1561.0000000000        0.2129747385        0.0387200710
     1568.0000000000        0.9755762681        0.1546145300
     1575.0000000000        0.3946663099       -0.0872895173
     1582.0000000000        0.1307659302       -0.0131779798
     1589.0000000000        0.0860838594       -0.0021261932
     1596.0000000000        0.0869351850        0.0021134093
     1603.0000000000        0.1175330185        0.0071589634
     1610.0000000000        0.2047376622        0.0203350884
     1617.0000000000        0.4970856459        0.0798160905
     1624.0000000000        2.1529743282        0.5350128854
     1631.0000000000        2.3941400731       -0.5857132409
     1638.0000000000        0.5320976840       -0.0883406385
     1645.0000000000        0.2202667717       -0.0191625126
     1652.0000000000        0.1177693875       -0.0109173754
     1659.0000000000        0.0688042994       -0.0044552186
     1666.0000000000        0.0460071279       -0.0023679864
     1673.0000000000        0.0331040113       -0.0014268151
     1680.0000000000        0.0249956493       -0.0009293883
     1687.0000000000        0.0195855988       -0.0006404617
     1694.0000000000        0.0157782680       -0.0004606270
     1701.0000000000        0.0129940326       -0.0003426831
     1708.0000000000        0.0108944619       -0.0002620406
     1715.0000000000        0.0092708272       -0.0002049923
     1722.0000000000        0.0079885682       -0.0001634721
     1729.0000000000        0.0069577001       -0.0001325170
     1736.0000000000        0.0054908511       -0.0001014517
     1743.0000000000        0.0048440775       -0.0000840665
     1750.0000000000        0.0043051892       -0.0000704370
     1757.0000000000        0.0038514614       -0.0000596015
     1764.0000000000        0.0034658521       -0.0000508791
     1771.0000000000        0.0031353785       -0.0000437789
     1778.0000000000        0.0028500097       -0.0000379406
     1785.0000000000        0.0026018962       -0.0000330959
     1792.0000000000        0.0000156961       -0.0000002174
     1799.0000000000        0.0000142780       -0.0000001887
     1806.0000000000        0.0000130437       -0.0000001647
     1813.0000000000        0.0000000000        0.0000000000
     1820.0000000000        0.0000000000        0.0000000000
     1827.0000000000        0.0000000000        0.0000000000
     1834.0000000000        0.0000000000        0.0000000000
     1841.0000000000        0.0000000000        0.0000000000
     1848.0000000000        0.0000000000        0.0000000000
     1855.0000000000        0.0000000000        0.0000000000
     1862.0000000000        0.0000000000        0.0000000000
     1869.0000000000        0.0000000000        0.0000000000
     1876.0000000000        0.0000000000        0.0000000000
     1883.0000000000        0.0000000000        0.0000000000
     1890.0000000000        0.0000000000        0.0000000000
     1897.0000000000        0.0000000000        0.0000000000
     1904.0000000000        0.0000000000        0.0000000000
     1911.0000000000        0.0000000000        0.0000000000
     1918.0000000000        0.0000000000        0.0000000000
     1925.0000000000        0.0000000000        0.0000000000
     1932.0000000000        0.0000000000        0.0000000000
     1939.0000000000        0.0000000000        0.0000000000
     1946.0000000000        0.0000000000        0.0000000000
     1953.0000000000        0.0000000000        0.0000000000
     1960.0000000000        0.0000000000        0.0000000000
     1967.0000000000        0.0000000000        0.0000000000
     1974.0000000000        0.0000000000        0.0000000000
     1981.0000000000        0.0000000000        0.0000000000
     1988.0000000000        0.0000000000        0.0000000000
     1995.0000000000        0.0000000000        0.0000000000
     2002.0000000000        0.0000000000        0.0000000000
     2009.0000000000        0.0000000000        0.0000000000
     2016.0000000000        0.0000000000        0.0000000000
     2023.0000000000        0.0000000000        0.0000000000
     2030.0000000000        0.0000000000        0.0000000000
     2037.0000000000        0.0000000000        0.0000000000
     2044.0000000000        0.0000000000        0.0000000000
     2051.0000000000        0.0000000000        0.0000000000
     2058.0000000000        0.0000000000        0.0000000000
     2065.0000000000        0.0000000000        0.0000000000
     2072.0000000000        0.0000000000        0.0000000000
     2079.0000000000        0.0000000000        0.0000000000
     2086.0000000000        0.0000000000        0.0000000000
     2093.0000000000        0.0000000000        0.0000000000
     2100.0000000000        0.0000000000        0.0000000000
     2107.0000000000        0.0000000000        0.0000000000
     2114.0000000000        0.0000000000        0.0000000000
     2121.0000000000        0.0000000000        0.0000000000
     2128.0000000000        0.0000000000        0.0000000000
     2135.0000000000        0.0000000000        0.0000000000
     2142.0000000000        0.0000000000        0.0000000000
     2149.0000000000        0.0000000000        0.0000000000
     2156.0000000000        0.0000000000        0.0000000000
     2163.0000000000        0.0000000000        0.0000000000
     2170.0000000000        0.0000000000        0.0000000000
     2177.0000000000        0.0000000000        0.0000000000
     2184.0000000000        0.0000000000        0.0000000000
     2191.0000000000        0.0000000000        0.0000000000
     2198.0000000000        0.0000000000        0.0000000000
     2205.0000000000        0.0000000000        0.0000000000
     2212.0000000000        0.0000000000        0.0000000000
     2219.0000000000        0.0000000000        0.0000000000
     2226.0000000000        0.0000000000        0.0000000000
     2233.0000000000        0.0000000000        0.0000000000
     2240.0000000000        0.0000000000        0.0000000000
     2247.0000000000        0.0000000000        0.0000000000
     2254.0000000000        0.0000000000        0.0000000000
     2261.0000000000        0.0000000000        0.0000000000
     2268.0000000000        0.0000000000        0.0000000000
     2275.0000000000        0.0000000000        0.0000000000
     2282.0000000000        0.0000000000        0.0000000000
     2289.0000000000        0.0000000000        0.0000000000
     2296.0000000000        0.0000000000        0.0000000000
     2303.0000000000        0.0000000000        0.0000000000
     2310.0000000000        0.0000000000        0.0000000000
     2317.0000000000        0.0000000000        0.0000000000
     2324.0000000000        0.0000000000        0.0000000000
     2331.0000000000        0.0000000000        0.0000000000
     2338.0000000000        0.0000000000        0.0000000000
     2345.0000000000        0.0000000000        0.0000000000
     2352.0000000000        0.0000000000        0.0000000000
     2359.0000000000        0.0000000000        0.0000000000
     2366.0000000000        0.0000000000        0.0000000000
     2373.0000000000        0.0000000000        0.0000000000
     2380.0000000000        0.0000000000        0.0000000000
     2387.0000000000        0.0000000000        0.0000000000
     2394.0000000000        0.0000000000        0.0000000000
     2401.0000000000        0.0000000000        0.0000000000
     2408.0000000000        0.0000000000        0.0000000000
     2415.0000000000        0.0000000000        0.0000000000
     2422.0000000000        0.0000000000        0.0000000000
     2429.0000000000        0.0000000000        0.0000000000
     2436.0000000000        0.0000000000        0.0000000000
     2443.0000000000        0.0000000000        0.0000000000
     2450.0000000000        0.0000000000        0.0000000000
     2457.0000000000        0.0000000000        0.0000000000
     2464.0000000000        0.0000000000        0.0000000000
     2471.0000000000        0.0000000000        0.0000000000
     2478.0000000000        0.0000000000        0.0000000000
     2485.0000000000        0.0000000000        0.0000000000
     2492.0000000000        0.0000000000        0.0000000000
     2499.0000000000        0.0000000000        0.0000000000
     2506.0000000000        0.0000000000        0.0000000000
     2513.0000000000        0.0000000000        0.0000000000
     2520.0000000000        0.0000000000        0.0000000000
     2527.0000000000        0.0000000000        0.0000000000
     2534.0000000000        0.0000000000        0.0000000000
     2541.0000000000        0.0000000000        0.0000000000
     2548.0000000000        0.0000000000        0.0000000000
     2555.0000000000        0.0000000000        0.0000000000
     2562.0000000000        0.0000000000        0.0000000000
     2569.0000000000        0.0000000000        0.0000000000
     2576.0000000000        0.0000000000        0.0000000000
     2583.0000000000        0.0000000000        0.0000000000
     2590.0000000000        0.0000000000        0.0000000000
     2597.0000000000        0.0000000000        0.0000000000
     2604.0000000000        0.0000000000        0.0000000000
     2611.0000000000        0.0000000000        0.0000000000
     2618.0000000000        0.0000000000        0.0000000000
     2625.0000000000        0.0000000000        0.0000000000
     2632.0000000000        0.0000000000        0.0000000000
     2639.0000000000        0.0000000000        0.0000000000
     2646.0000000000        0.0000000000        0.0000000000
     2653.0000000000        0.0000000000        0.0000000000
     2660.0000000000        0.0000000000        0.0000000000
     2667.0000000000        0.0000000000        0.0000000000
     2674.0000000000        0.0000000000        0.0000000000
     2681.0000000000        0.0000000000        0.0000000000
     2688.0000000000        0.0000000000        0.0000000000
     2695.0000000000        0.0000000000        0.0000000000
     2702.0000000000        0.0000000000        0.0000000000
     2709.0000000000        0.0000000000        0.0000000000
     2716.0000000000        0.0000000000        0.0000000000
     2723.0000000000        0.0000000000        0.0000000000
     2730.0000000000        0.0000000000        0.0000000000
     2737.0000000000        0.0000000000        0.0000000000
     2744.0000000000        0.0000000000        0.0000000000
     2751.0000000000        0.0000000000        0.0000000000
     2758.0000000000        0.0000000000        0.0000000000
     2765.0000000000        0.0000000000        0.0000000000
     2772.0000000000        0.0000000000        0.0000000000
     2779.0000000000        0.0000000000        0.0000000000
     2786.0000000000        0.0000000000        0.0000000000
     2793.0000000000        0.0000000000        0.0000000000
     2800.0000000000        0.0000000000        0.0000000000
     2807.0000000000        0.0000000000        0.0000000000
     2814.0000000000        0.0000000000        0.0000000000
     2821.0000000000        0.0000000000        0.0000000000
     2828.0000000000        0.0000000000        0.0000000000
     2835.0000000000        0.0000000000        0.0000000000
     2842.0000000000        0.0000000000        0.0000000000
     2849.0000000000        0.0000000000        0.0000000000
     2856.0000000000        0.0000000000        0.0000000000
     2863.0000000000        0.0000000000        0.0000000000
     2870.0000000000        0.0000000000        0.0000000000
     2877.0000000000        0.0000000000        0.0000000000
     2884.0000000000        0.0000000000        0.0000000000
     2891.0000000000        0.0000000000        0.0000000000
     2898.0000000000        0.0000000000        0.0000000000
     2905.0000000000        0.0000000000        0.0000000000
     2912.0000000000        0.0000000000        0.0000000000
     2919.0000000000        0.0000000000        0.0000000000
     2926.0000000000        0.0000000000        0.0000000000
     2933.0000000000        0.0000000000        0.0000000000
     2940.0000000000        0.0000000000        0.0000000000
     2947.0000000000        0.0000000000        0.0000000000
     2954.0000000000        0.0000000000        0.0000000000
     2961.0000000000        0.0000000000        0.0000000000
     2968.0000000000        0.0000000000        0.0000000000
     2975.0000000000        0.0000000000        0.0000000000
     2982.0000000000        0.0000000000        0.0000000000
     2989.0000000000        0.0000000000        0.0000000000
     2996.0000000000        0.0000000000        0.0000000000
     3003.0000000000        0.0000000000        0.0000000000
     3010.0000000000        0.0000000000        0.0000000000
     3017.0000000000        0.0013232787        0.0000165381
     3024.0000000000        0.0014471077        0.0000189124
     3031.0000000000        0.0036496855        0.0000476814
     3038.0000000000        0.0040078718        0.0000548829
     3045.0000000000        0.0090691960        0.0001242247
     3052.0000000000        0.0100058070        0.0001440317
     3059.0000000000        0.0110960338        0.0001683048
     3066.0000000000        0.0123755838        0.0001983846
     3073.0000000000        0.0180246177        0.0002900194
     3080.0000000000        0.0202433921        0.0003461553
     3087.0000000000        0.0229074837        0.0004180794
     3094.0000000000        0.0261473247        0.0005118845
     3101.0000000000        0.0301460337        0.0006367854
     3108.0000000000        0.0351678597        0.0008072071
     3115.0000000000        0.0416068078        0.0010466761
     3122.0000000000        0.0500741484        0.0013955322
     3129.0000000000        0.0615661800        0.0019274050
     3136.0000000000        0.0778126384        0.0027879462
     3143.0000000000        0.1020801442        0.0042980302
     3150.0000000000        0.1413102819        0.0072801707
     3157.0000000000        0.2131210790        0.0143810367
     3164.0000000000        0.3774911939        0.0379112185
     3171.0000000000        0.9772216064        0.1791157436
     3178.0000000000        2.6026218570       -0.1709855331
     3185.0000000000        2.3435012972        0.3168359560
     3192.0000000000        4.7558799358       -0.0875332700
     3199.0000000000        7.3199138079       -0.6883691083
     3206.0000000000        1.8930683100       -0.2962286332
     3213.0000000000        1.0927759056        0.0010986688
     3220.0000000000        2.0461733703        0.3713239756
     3227.0000000000        6.0704213203       -0.5155743086
     3234.0000000000        1.4105792559       -0.2698046814
     3241.0000000000        0.5057340253       -0.0567608064
     3248.0000000000        0.2653995171       -0.0202439394
     3255.0000000000        0.1672345437       -0.0096072768
     3262.0000000000        0.1167188920       -0.0053872695
     3269.0000000000        0.0868705850       -0.0033613207
     3276.0000000000        0.0675622053       -0.0022568328
     3283.0000000000        0.0542533843       -0.0015980234
     3290.0000000000        0.0446402381       -0.0011779867
     3297.0000000000        0.0374425527       -0.0008961329
     3304.0000000000        0.0318979178       -0.0006992001
     3311.0000000000        0.0275268840       -0.0005570232
     3318.0000000000        0.0240144235       -0.0004515634
     3325.0000000000        0.0211459406       -0.0003715404
     3332.0000000000        0.0187707754       -0.0003096309
     3339.0000000000        0.0154918866       -0.0002450362
     3346.0000000000        0.0139108485       -0.0002080503
     3353.0000000000        0.0106064959       -0.0001542461
     3360.0000000000        0.0054318831       -0.0000811780
     3367.0000000000        0.0049052924       -0.0000696673
     3374.0000000000        0.0044517067       -0.0000602335
     3381.0000000000        0.0040582319       -0.0000524285
     3388.0000000000        0.0000000000        0.0000000000
     3395.0000000000        0.0000000000        0.0000000000
     3402.0000000000        0.0000000000        0.0000000000
     3409.0000000000        0.0000000000        0.0000000000
     3416.0000000000        0.0000000000        0.0000000000
     3423.0000000000        0.0000000000        0.0000000000
     3430.0000000000        0.0000000000        0.0000000000
     3437.0000000000        0.0000000000        0.0000000000
     3444.0000000000        0.0000000000        0.0000000000
     3451.0000000000        0.0000000000        0.0000000000
     3458.0000000000        0.0000000000        0.0000000000
     3465.0000000000        0.0000000000        0.0000000000
     3472.0000000000        0.0000000000        0.0000000000
     3479.0000000000        0.0000000000        0.0000000000
     3486.0000000000        0.0000000000        0.0000000000
     3493.0000000000        0.0000000000        0.0000000000
