r	D(r)_75C	D(r)_25C
0.01	-0.15902	-0.32492
0.02	-0.30595	-0.63941
0.03	-0.42903	-0.93336
0.04	-0.51723	-1.19727
0.05	-0.56051	-1.42249
0.06	-0.55015	-1.60155
0.07	-0.47898	-1.72831
0.08	-0.34163	-1.79814
0.09	-0.13465	-1.80809
0.1	0.14335	-1.75691
0.11	0.49167	-1.64514
0.12	0.90754	-1.475
0.13	1.38615	-1.25039
0.14	1.9208	-0.97669
0.15	2.50308	-0.66066
0.16	3.12306	-0.31015
0.17	3.7696	0.06606
0.18	4.4306	0.45858
0.19	5.09332	0.85768
0.2	5.74476	1.25354
0.21	6.37192	1.63657
0.22	6.96222	1.99763
0.23	7.50372	2.32836
0.24	7.98552	2.62129
0.25	8.39794	2.87014
0.26	8.7328	3.0699
0.27	8.98358	3.21696
0.28	9.14558	3.30919
0.29	9.21598	3.34594
0.3	9.1939	3.32804
0.31	9.08038	3.25773
0.32	8.87831	3.13855
0.33	8.5923	2.97522
0.34	8.22857	2.77346
0.35	7.7947	2.5398
0.36	7.29946	2.28137
0.37	6.75253	2.00571
0.38	6.16425	1.72048
0.39	5.54533	1.43333
0.4	4.90661	1.1516
0.41	4.25878	0.88217
0.42	3.61213	0.63128
0.43	2.97631	0.40434
0.44	2.36016	0.20585
0.45	1.77153	0.03927
0.46	1.21713	-0.09304
0.47	0.70245	-0.18982
0.48	0.2317	-0.25093
0.49	-0.1922	-0.27734
0.5	-0.56762	-0.271
0.51	-0.89413	-0.23479
0.52	-1.17245	-0.17239
0.53	-1.40432	-0.08813
0.54	-1.59236	0.01317
0.55	-1.73994	0.12633
0.56	-1.85095	0.24605
0.57	-1.92973	0.36701
0.58	-1.98081	0.48412
0.59	-2.0088	0.59259
0.6	-2.01819	0.68816
0.61	-2.01328	0.76718
0.62	-1.998	0.82671
0.63	-1.97584	0.86465
0.64	-1.94977	0.87972
0.65	-1.9222	0.87154
0.66	-1.89495	0.84059
0.67	-1.86925	0.78821
0.68	-1.84578	0.71648
0.69	-1.8247	0.6282
0.7	-1.80572	0.52672
0.71	-1.78818	0.41584
0.72	-1.77111	0.29965
0.73	-1.75338	0.18241
0.74	-1.73374	0.06834
0.75	-1.71093	-0.03851
0.76	-1.68379	-0.13437
0.77	-1.6513	-0.21598
0.78	-1.6127	-0.28063
0.79	-1.56749	-0.32627
0.8	-1.51548	-0.35164
0.81	-1.45686	-0.35626
0.82	-1.39213	-0.34046
0.83	-1.32214	-0.30541
0.84	-1.24804	-0.25301
0.85	-1.17125	-0.1859
0.86	-1.09339	-0.1073
0.87	-1.01623	-0.02093
0.88	-0.94164	0.06914
0.89	-0.87147	0.15859
0.9	-0.80753	0.24309
0.91	-0.75147	0.31837
0.92	-0.70478	0.38042
0.93	-0.66866	0.42563
0.94	-0.64403	0.4509
0.95	-0.63146	0.45374
0.96	-0.63119	0.43242
0.97	-0.64306	0.38594
0.98	-0.66657	0.31416
0.99	-0.70086	0.21772
1	-0.74476	0.09809
1.01	-0.7968	-0.04253
1.02	-0.8553	-0.20124
1.03	-0.91836	-0.37455
1.04	-0.98398	-0.55848
1.05	-1.05007	-0.74868
1.06	-1.11453	-0.94057
1.07	-1.17529	-1.12945
1.08	-1.23036	-1.3106
1.09	-1.27788	-1.47947
1.1	-1.31614	-1.63172
1.11	-1.34363	-1.76332
1.12	-1.359	-1.87067
1.13	-1.36115	-1.9506
1.14	-1.34913	-2.00046
1.15	-1.32222	-2.0181
1.16	-1.27984	-2.00188
1.17	-1.22158	-1.9507
1.18	-1.14713	-1.8639
1.19	-1.0563	-1.74131
1.2	-0.94896	-1.58313
1.21	-0.82502	-1.38997
1.22	-0.68444	-1.16274
1.23	-0.52716	-0.90266
1.24	-0.35315	-0.61119
1.25	-0.1624	-0.29007
1.26	0.04511	0.05876
1.27	0.26933	0.43309
1.28	0.51016	0.83052
1.29	0.76739	1.24834
1.3	1.04071	1.68361
1.31	1.32958	2.13305
1.32	1.63326	2.59308
1.33	1.95076	3.05977
1.34	2.28075	3.52884
1.35	2.62159	3.99565
1.36	2.97126	4.45523
1.37	3.32735	4.90229
1.38	3.68707	5.33132
1.39	4.04724	5.7366
1.4	4.40432	6.11233
1.41	4.75445	6.4527
1.42	5.0935	6.75208
1.43	5.41712	7.00508
1.44	5.72084	7.20673
1.45	6.00014	7.35263
1.46	6.25055	7.43906
1.47	6.46775	7.46316
1.48	6.6477	7.42301
1.49	6.78669	7.31773
1.5	6.88151	7.14758
1.51	6.92949	6.91397
1.52	6.9286	6.61949
1.53	6.87752	6.2679
1.54	6.77571	5.86404
1.55	6.62343	5.41373
1.56	6.42176	4.9237
1.57	6.17258	4.40138
1.58	5.87859	3.85473
1.59	5.54322	3.29207
1.6	5.17061	2.72184
1.61	4.76546	2.15242
1.62	4.33303	1.59187
1.63	3.87893	1.04779
1.64	3.40908	0.52709
1.65	2.92953	0.03585
1.66	2.44635	-0.42081
1.67	1.96552	-0.83882
1.68	1.49277	-1.21525
1.69	1.03349	-1.54829
1.7	0.59264	-1.83726
1.71	0.17459	-2.08255
1.72	-0.21684	-2.28554
1.73	-0.57857	-2.44848
1.74	-0.90817	-2.57437
1.75	-1.20398	-2.66677
1.76	-1.46505	-2.72966
1.77	-1.69112	-2.76727
1.78	-1.88264	-2.7839
1.79	-2.04065	-2.78376
1.8	-2.16673	-2.77086
1.81	-2.26298	-2.74886
1.82	-2.33185	-2.72095
1.83	-2.37613	-2.68986
1.84	-2.39881	-2.65774
1.85	-2.40301	-2.62619
1.86	-2.39189	-2.59625
1.87	-2.36859	-2.56849
1.88	-2.33611	-2.54303
1.89	-2.29732	-2.51961
1.9	-2.25484	-2.49773
1.91	-2.21104	-2.47671
1.92	-2.16802	-2.45582
1.93	-2.12756	-2.43434
1.94	-2.09113	-2.41168
1.95	-2.05989	-2.38743
1.96	-2.03472	-2.36143
1.97	-2.01621	-2.33377
1.98	-2.0047	-2.30487
1.99	-2.0003	-2.27541
2	-2.00293	-2.24631
2.01	-2.01232	-2.21872
2.02	-2.02807	-2.19391
2.03	-2.04965	-2.17322
2.04	-2.07642	-2.15795
2.05	-2.10766	-2.14929
2.06	-2.14257	-2.14821
2.07	-2.18029	-2.1554
2.08	-2.21989	-2.17116
2.09	-2.26037	-2.19538
2.1	-2.30066	-2.22744
2.11	-2.33965	-2.26624
2.12	-2.37611	-2.31017
2.13	-2.40878	-2.3571
2.14	-2.43629	-2.40447
2.15	-2.45722	-2.44931
2.16	-2.47008	-2.48832
2.17	-2.47335	-2.518
2.18	-2.46544	-2.53467
2.19	-2.44479	-2.53469
2.2	-2.40986	-2.51447
2.21	-2.35915	-2.47067
2.22	-2.29127	-2.40025
2.23	-2.20498	-2.30062
2.24	-2.09919	-2.16971
2.25	-1.97308	-2.00604
2.26	-1.82607	-1.80882
2.27	-1.6579	-1.57794
2.28	-1.46866	-1.31405
2.29	-1.2588	-1.01852
2.3	-1.02916	-0.69347
2.31	-0.78102	-0.3417
2.32	-0.51603	0.03334
2.33	-0.23626	0.42761
2.34	0.05585	0.83655
2.35	0.35749	1.25519
2.36	0.66556	1.67824
2.37	0.97668	2.10017
2.38	1.28728	2.51533
2.39	1.59363	2.91807
2.4	1.89196	3.3028
2.41	2.17848	3.66415
2.42	2.44949	3.99701
2.43	2.70144	4.29668
2.44	2.93101	4.55889
2.45	3.13517	4.77993
2.46	3.31124	4.95669
2.47	3.45696	5.0867
2.48	3.57053	5.16822
2.49	3.65061	5.20022
2.5	3.69639	5.18244
2.51	3.70759	5.11537
2.52	3.68444	5.00026
2.53	3.62768	4.8391
2.54	3.53856	4.63458
2.55	3.41877	4.39006
2.56	3.27042	4.10948
2.57	3.09602	3.79733
2.58	2.89837	3.45855
2.59	2.68054	3.09843
2.6	2.4458	2.72253
2.61	2.19757	2.33653
2.62	1.93931	1.94619
2.63	1.67453	1.55717
2.64	1.40669	1.17494
2.65	1.13912	0.8047
2.66	0.87503	0.45121
2.67	0.61743	0.11877
2.68	0.36908	-0.18894
2.69	0.13249	-0.46886
2.7	-0.09013	-0.71864
2.71	-0.29689	-0.93668
2.72	-0.48622	-1.12212
2.73	-0.65688	-1.27485
2.74	-0.80797	-1.39551
2.75	-0.93891	-1.48539
2.76	-1.04948	-1.54644
2.77	-1.13971	-1.58112
2.78	-1.20999	-1.59238
2.79	-1.26093	-1.5835
2.8	-1.29342	-1.55803
2.81	-1.30856	-1.51965
2.82	-1.30766	-1.47207
2.83	-1.29218	-1.4189
2.84	-1.26374	-1.36361
2.85	-1.22406	-1.30934
2.86	-1.17492	-1.25894
2.87	-1.11816	-1.21481
2.88	-1.05564	-1.17891
2.89	-0.98919	-1.1527
2.9	-0.92059	-1.13716
2.91	-0.85156	-1.13279
2.92	-0.78372	-1.1396
2.93	-0.71855	-1.15721
2.94	-0.65739	-1.18483
2.95	-0.60145	-1.22138
2.96	-0.55173	-1.26553
2.97	-0.50905	-1.31577
2.98	-0.47405	-1.37051
2.99	-0.44718	-1.42809
3	-0.42869	-1.48693
3.01	-0.41865	-1.54552
3.02	-0.41696	-1.60248
3.03	-0.42336	-1.65664
3.04	-0.43746	-1.70704
3.05	-0.45872	-1.75293
3.06	-0.48655	-1.79382
3.07	-0.52025	-1.82944
3.08	-0.5591	-1.85974
3.09	-0.60234	-1.88487
3.1	-0.64921	-1.90514
3.11	-0.69901	-1.92099
3.12	-0.75104	-1.93299
3.13	-0.8047	-1.94175
3.14	-0.85944	-1.94791
3.15	-0.9148	-1.95213
3.16	-0.97044	-1.95501
3.17	-1.02607	-1.95713
3.18	-1.08151	-1.95898
3.19	-1.13666	-1.96096
3.2	-1.19148	-1.96341
3.21	-1.24598	-1.96654
3.22	-1.30023	-1.97049
3.23	-1.3543	-1.97531
3.24	-1.40825	-1.98098
3.25	-1.46213	-1.98741
3.26	-1.51596	-1.99445
3.27	-1.56968	-2.0019
3.28	-1.62318	-2.00954
3.29	-1.67626	-2.01711
3.3	-1.72864	-2.02433
3.31	-1.77993	-2.0309
3.32	-1.82968	-2.03652
3.33	-1.87733	-2.04085
3.34	-1.92227	-2.04355
3.35	-1.96381	-2.04427
3.36	-2.00125	-2.04263
3.37	-2.03386	-2.03825
3.38	-2.06089	-2.03071
3.39	-2.08165	-2.01959
3.4	-2.09548	-2.00448
3.41	-2.10181	-1.98494
3.42	-2.10014	-1.96057
3.43	-2.09011	-1.93096
3.44	-2.07148	-1.89576
3.45	-2.04412	-1.85468
3.46	-2.00808	-1.80748
3.47	-1.96354	-1.754
3.48	-1.91082	-1.69419
3.49	-1.85037	-1.62811
3.5	-1.78279	-1.55593
3.51	-1.70875	-1.47794
3.52	-1.62903	-1.39457
3.53	-1.54446	-1.30634
3.54	-1.45594	-1.21391
3.55	-1.36435	-1.11802
3.56	-1.2706	-1.01948
3.57	-1.17555	-0.91917
3.58	-1.08002	-0.81799
3.59	-0.98476	-0.71686
3.6	-0.89045	-0.61666
3.61	-0.79766	-0.51824
3.62	-0.70689	-0.42236
3.63	-0.61852	-0.3297
3.64	-0.53284	-0.24083
3.65	-0.45004	-0.15621
3.66	-0.37024	-0.07615
3.67	-0.29349	-8.69994E-4
3.68	-0.21976	0.06956
3.69	-0.14903	0.13516
3.7	-0.0812	0.19605
3.71	-0.01619	0.25239
3.72	0.04607	0.30443
3.73	0.10563	0.3524
3.74	0.16252	0.39654
3.75	0.21671	0.43706
3.76	0.26815	0.47411
3.77	0.31673	0.50777
3.78	0.36228	0.53803
3.79	0.40461	0.5648
3.8	0.44349	0.58789
3.81	0.47869	0.60702
3.82	0.50994	0.62184
3.83	0.537	0.63193
3.84	0.55964	0.63684
3.85	0.57768	0.63611
3.86	0.59099	0.62931
3.87	0.59948	0.61606
3.88	0.60317	0.59604
3.89	0.60213	0.56905
3.9	0.59655	0.53504
3.91	0.58666	0.4941
3.92	0.57282	0.44647
3.93	0.55544	0.3926
3.94	0.53501	0.33307
3.95	0.51206	0.26867
3.96	0.48717	0.2003
3.97	0.46095	0.12902
3.98	0.434	0.05595
3.99	0.4069	-0.01768
4	0.38022	-0.09064
4.01	0.35446	-0.16171
4.02	0.33007	-0.22968
4.03	0.3074	-0.29347
4.04	0.28673	-0.35209
4.05	0.26823	-0.40468
4.06	0.252	-0.45057
4.07	0.23801	-0.48926
4.08	0.22615	-0.52046
4.09	0.21623	-0.54404
4.1	0.20799	-0.56007
4.11	0.2011	-0.56881
4.12	0.1952	-0.57064
4.13	0.18988	-0.5661
4.14	0.18475	-0.5558
4.15	0.17941	-0.54046
4.16	0.1735	-0.5208
4.17	0.16669	-0.49757
4.18	0.15871	-0.4715
4.19	0.14935	-0.44326
4.2	0.13848	-0.41347
4.21	0.12603	-0.38267
4.22	0.11203	-0.35129
4.23	0.09657	-0.31968
4.24	0.07979	-0.28811
4.25	0.06192	-0.25673
4.26	0.04321	-0.22566
4.27	0.02397	-0.19493
4.28	0.00449	-0.16455
4.29	-0.01489	-0.13451
4.3	-0.03388	-0.10479
4.31	-0.0522	-0.07542
4.32	-0.0696	-0.04643
4.33	-0.08589	-0.01793
4.34	-0.10094	0.00993
4.35	-0.11466	0.03692
4.36	-0.12705	0.06276
4.37	-0.13815	0.08711
4.38	-0.14807	0.10958
4.39	-0.15697	0.12977
4.4	-0.16505	0.14725
4.41	-0.17254	0.16162
4.42	-0.17968	0.1725
4.43	-0.18671	0.17957
4.44	-0.19387	0.18261
4.45	-0.20135	0.18148
4.46	-0.20931	0.17617
4.47	-0.21785	0.16679
4.48	-0.227	0.15361
4.49	-0.23673	0.13702
4.5	-0.24693	0.11754
4.51	-0.25739	0.09585
4.52	-0.26785	0.07269
4.53	-0.27796	0.04893
4.54	-0.28731	0.02549
4.55	-0.29544	0.00333
4.56	-0.30185	-0.0166
4.57	-0.30602	-0.03334
4.58	-0.30742	-0.04603
4.59	-0.30552	-0.05386
4.6	-0.29985	-0.05615
4.61	-0.28996	-0.05233
4.62	-0.27547	-0.04203
4.63	-0.25608	-0.02499
4.64	-0.2316	-0.00116
4.65	-0.20191	0.02934
4.66	-0.16702	0.06623
4.67	-0.12703	0.10908
4.68	-0.08218	0.15728
4.69	-0.0328	0.21013
4.7	0.02068	0.2668
4.71	0.07772	0.32639
4.72	0.13772	0.38796
4.73	0.2	0.45053
4.74	0.26382	0.51313
4.75	0.32844	0.57482
4.76	0.39306	0.63469
4.77	0.45693	0.69194
4.78	0.51927	0.74582
4.79	0.57938	0.79569
4.8	0.63659	0.84104
4.81	0.69029	0.88146
4.82	0.73997	0.91664
4.83	0.78519	0.9464
4.84	0.82559	0.97067
4.85	0.86093	0.98946
4.86	0.89104	1.00288
4.87	0.91587	1.01111
4.88	0.93545	1.01439
4.89	0.94987	1.013
4.9	0.95935	1.00727
4.91	0.96411	0.99755
4.92	0.96449	0.98419
4.93	0.96082	0.96754
4.94	0.9535	0.94795
4.95	0.94293	0.92577
4.96	0.92954	0.9013
4.97	0.91373	0.87485
4.98	0.89592	0.8467
4.99	0.87649	0.8171
5	0.85579	0.78628
5.01	0.83416	0.75448
5.02	0.81188	0.72188
5.03	0.7892	0.68869
5.04	0.76632	0.65509
5.05	0.74341	0.62126
5.06	0.72058	0.58737
5.07	0.69793	0.55359
5.08	0.6755	0.52008
5.09	0.65331	0.48702
5.1	0.63133	0.45455
5.11	0.60954	0.42283
5.12	0.58789	0.39201
5.13	0.56629	0.36222
5.14	0.54469	0.33358
5.15	0.523	0.3062
5.16	0.50115	0.28016
5.17	0.47906	0.25553
5.18	0.45666	0.23234
5.19	0.43391	0.21061
5.2	0.41075	0.19033
5.21	0.38718	0.17145
5.22	0.36317	0.15391
5.23	0.33872	0.13763
5.24	0.31387	0.12248
5.25	0.28864	0.10834
5.26	0.26309	0.09508
5.27	0.23728	0.08251
5.28	0.21128	0.0705
5.29	0.1852	0.05887
5.3	0.15911	0.04746
5.31	0.13313	0.03612
5.32	0.10736	0.02471
5.33	0.08192	0.0131
5.34	0.05692	0.0012
5.35	0.03246	-0.01109
5.36	0.00866	-0.02381
5.37	-0.01438	-0.03701
5.38	-0.03656	-0.05067
5.39	-0.05778	-0.06477
5.4	-0.07797	-0.07927
5.41	-0.09705	-0.09408
5.42	-0.11495	-0.10912
5.43	-0.13163	-0.12426
5.44	-0.14704	-0.13938
5.45	-0.16115	-0.15433
5.46	-0.17394	-0.16896
5.47	-0.18542	-0.18311
5.48	-0.19558	-0.19664
5.49	-0.20445	-0.2094
5.5	-0.21204	-0.22123
5.51	-0.21841	-0.23203
5.52	-0.22358	-0.24166
5.53	-0.22763	-0.25003
5.54	-0.23061	-0.25705
5.55	-0.23258	-0.26267
5.56	-0.23362	-0.26684
5.57	-0.2338	-0.26954
5.58	-0.23318	-0.27075
5.59	-0.23185	-0.27048
5.6	-0.22988	-0.26876
5.61	-0.22733	-0.26562
5.62	-0.22426	-0.26112
5.63	-0.22073	-0.2553
5.64	-0.2168	-0.24824
5.65	-0.21251	-0.24001
5.66	-0.20789	-0.23068
5.67	-0.20296	-0.22033
5.68	-0.19776	-0.20905
5.69	-0.19228	-0.19691
5.7	-0.18653	-0.18399
5.71	-0.1805	-0.1704
5.72	-0.17419	-0.1562
5.73	-0.16756	-0.14151
5.74	-0.16062	-0.1264
5.75	-0.15331	-0.11097
5.76	-0.14563	-0.09534
5.77	-0.13754	-0.07959
5.78	-0.12902	-0.06385
5.79	-0.12005	-0.04823
5.8	-0.11061	-0.03284
5.81	-0.10069	-0.0178
5.82	-0.0903	-0.00324
5.83	-0.07944	0.01075
5.84	-0.06813	0.02403
5.85	-0.0564	0.03652
5.86	-0.04429	0.04811
5.87	-0.03186	0.05873
5.88	-0.01915	0.0683
5.89	-0.00626	0.07677
5.9	0.00675	0.08412
5.91	0.01979	0.09032
5.92	0.03276	0.09539
5.93	0.04557	0.09935
5.94	0.05812	0.10226
5.95	0.07031	0.10416
5.96	0.08206	0.10514
5.97	0.09327	0.1053
5.98	0.10386	0.10472
5.99	0.11378	0.10351
6	0.12295	0.10178
6.01	0.13134	0.09962
6.02	0.13892	0.09712
6.03	0.14568	0.09438
6.04	0.15162	0.09146
6.05	0.15676	0.08842
6.06	0.16113	0.08529
6.07	0.16478	0.0821
6.08	0.16776	0.07885
6.09	0.17015	0.07553
6.1	0.17201	0.07212
6.11	0.17344	0.06859
6.12	0.17451	0.06489
6.13	0.1753	0.06098
6.14	0.17591	0.05683
6.15	0.17639	0.05238
6.16	0.17682	0.04763
6.17	0.17726	0.04253
6.18	0.17775	0.03711
6.19	0.17833	0.03136
6.2	0.17902	0.02532
6.21	0.17983	0.01904
6.22	0.18075	0.01259
6.23	0.18177	0.00604
6.24	0.18286	-5.07882E-4
6.25	0.18399	-0.00696
6.26	0.18512	-0.0132
6.27	0.18621	-0.01912
6.28	0.18721	-0.02462
6.29	0.18808	-0.02959
6.3	0.18877	-0.03396
6.31	0.18924	-0.03764
6.32	0.18948	-0.04057
6.33	0.18946	-0.04272
6.34	0.18917	-0.04406
6.35	0.18862	-0.04459
6.36	0.1878	-0.04432
6.37	0.18676	-0.04328
6.38	0.1855	-0.04152
6.39	0.18409	-0.03908
6.4	0.18255	-0.03603
6.41	0.18094	-0.03242
6.42	0.17931	-0.02831
6.43	0.1777	-0.02377
6.44	0.17617	-0.01884
6.45	0.17474	-0.01357
6.46	0.17345	-0.00798
6.47	0.17233	-0.00212
6.48	0.17136	0.00402
6.49	0.17056	0.01041
6.5	0.16989	0.01705
6.51	0.16932	0.02393
6.52	0.16881	0.03103
6.53	0.16828	0.03835
6.54	0.16767	0.04584
6.55	0.16689	0.05346
6.56	0.16585	0.06115
6.57	0.16446	0.06882
6.58	0.16261	0.07636
6.59	0.16022	0.08366
6.6	0.15719	0.09055
6.61	0.15343	0.09689
6.62	0.14888	0.10249
6.63	0.14347	0.10716
6.64	0.13714	0.11073
6.65	0.12987	0.113
6.66	0.12164	0.11381
6.67	0.11244	0.11302
6.68	0.1023	0.11049
6.69	0.09124	0.10615
6.7	0.07932	0.09995
6.71	0.06659	0.09188
6.72	0.05313	0.08198
6.73	0.03902	0.07035
6.74	0.02436	0.05713
6.75	0.00925	0.04249
6.76	-0.0062	0.02666
6.77	-0.02188	0.00989
6.78	-0.03768	-0.00752
6.79	-0.0535	-0.02529
6.8	-0.06922	-0.04311
6.81	-0.08474	-0.06067
6.82	-0.09995	-0.07768
6.83	-0.11474	-0.09386
6.84	-0.12904	-0.10899
6.85	-0.14274	-0.12286
6.86	-0.15575	-0.13531
6.87	-0.168	-0.14624
6.88	-0.1794	-0.15559
6.89	-0.18988	-0.16337
6.9	-0.19937	-0.16961
6.91	-0.20781	-0.1744
6.92	-0.21514	-0.17788
6.93	-0.2213	-0.18022
6.94	-0.22625	-0.18159
6.95	-0.22996	-0.1822
6.96	-0.23238	-0.18227
6.97	-0.23352	-0.18198
6.98	-0.23335	-0.18155
6.99	-0.2319	-0.18112
7	-0.22918	-0.18086
7.01	-0.22523	-0.18086
7.02	-0.22011	-0.1812
7.03	-0.21388	-0.18191
7.04	-0.20664	-0.183
7.05	-0.19848	-0.18441
7.06	-0.18953	-0.18608
7.07	-0.17991	-0.18792
7.08	-0.16976	-0.1898
7.09	-0.15922	-0.19159
7.1	-0.14846	-0.19317
7.11	-0.13762	-0.19439
7.12	-0.12685	-0.19515
7.13	-0.1163	-0.19533
7.14	-0.10611	-0.19486
7.15	-0.09639	-0.19369
7.16	-0.08726	-0.1918
7.17	-0.07879	-0.18921
7.18	-0.07106	-0.18595
7.19	-0.0641	-0.18211
7.2	-0.05794	-0.1778
7.21	-0.05256	-0.17313
7.22	-0.04794	-0.16826
7.23	-0.04403	-0.16334
7.24	-0.04074	-0.15852
7.25	-0.038	-0.15397
7.26	-0.0357	-0.14982
7.27	-0.03372	-0.1462
7.28	-0.03195	-0.14321
7.29	-0.03027	-0.14094
7.3	-0.02856	-0.13944
7.31	-0.02671	-0.13872
7.32	-0.02463	-0.13878
7.33	-0.02224	-0.13957
7.34	-0.01948	-0.14102
7.35	-0.01631	-0.14306
7.36	-0.01271	-0.14557
7.37	-0.00869	-0.14843
7.38	-0.00428	-0.15152
7.39	4.59784E-4	-0.15472
7.4	0.00546	-0.15791
7.41	0.01063	-0.16097
7.42	0.01585	-0.16381
7.43	0.021	-0.16637
7.44	0.02597	-0.16858
7.45	0.0306	-0.17042
7.46	0.03479	-0.17189
7.47	0.0384	-0.17299
7.48	0.04132	-0.17377
7.49	0.04346	-0.17427
7.5	0.04472	-0.17457
7.51	0.04506	-0.17474
7.52	0.04443	-0.17485
7.53	0.04282	-0.175
7.54	0.04023	-0.17525
7.55	0.03671	-0.17566
7.56	0.03229	-0.1763
7.57	0.02707	-0.1772
7.58	0.02112	-0.17838
7.59	0.01457	-0.17985
7.6	0.00752	-0.18159
7.61	9.51523E-5	-0.18357
7.62	-0.00756	-0.18575
7.63	-0.01533	-0.18808
7.64	-0.02309	-0.19048
7.65	-0.03071	-0.19288
7.66	-0.0381	-0.19521
7.67	-0.04515	-0.19741
7.68	-0.05179	-0.1994
7.69	-0.05797	-0.20113
7.7	-0.06363	-0.20254
7.71	-0.06875	-0.20361
7.72	-0.07332	-0.20432
7.73	-0.07734	-0.20465
7.74	-0.08085	-0.2046
7.75	-0.08388	-0.2042
7.76	-0.08647	-0.20348
7.77	-0.08867	-0.20246
7.78	-0.09055	-0.20119
7.79	-0.09217	-0.1997
7.8	-0.09358	-0.19805
7.81	-0.09485	-0.19626
7.82	-0.09603	-0.19437
7.83	-0.09717	-0.1924
7.84	-0.09831	-0.19038
7.85	-0.09948	-0.18831
7.86	-0.1007	-0.18618
7.87	-0.10198	-0.18399
7.88	-0.10331	-0.18171
7.89	-0.1047	-0.17934
7.9	-0.10611	-0.17683
7.91	-0.10752	-0.17416
7.92	-0.1089	-0.1713
7.93	-0.11021	-0.16824
7.94	-0.11141	-0.16496
7.95	-0.11246	-0.16146
7.96	-0.1133	-0.15774
7.97	-0.1139	-0.15382
7.98	-0.11423	-0.14973
7.99	-0.11425	-0.14551
8	-0.11394	-0.14121
8.01	-0.11326	-0.1369
8.02	-0.11223	-0.13265
8.03	-0.11082	-0.12852
8.04	-0.10904	-0.1246
8.05	-0.10691	-0.12095
8.06	-0.10444	-0.11762
8.07	-0.10166	-0.11469
8.08	-0.09861	-0.11219
8.09	-0.09533	-0.11014
8.1	-0.09185	-0.10856
8.11	-0.08822	-0.10742
8.12	-0.08449	-0.10672
8.13	-0.0807	-0.10639
8.14	-0.07691	-0.10637
8.15	-0.07315	-0.1066
8.16	-0.06947	-0.10696
8.17	-0.06589	-0.10738
8.18	-0.06247	-0.10774
8.19	-0.05921	-0.10794
8.2	-0.05613	-0.10789
8.21	-0.05324	-0.1075
8.22	-0.05055	-0.10669
8.23	-0.04805	-0.10541
8.24	-0.04572	-0.10361
8.25	-0.04356	-0.10129
8.26	-0.04152	-0.09844
8.27	-0.03957	-0.0951
8.28	-0.03769	-0.09132
8.29	-0.03584	-0.08716
8.3	-0.03396	-0.08272
8.31	-0.03201	-0.07811
8.32	-0.02996	-0.07342
8.33	-0.02777	-0.06879
8.34	-0.02539	-0.06432
8.35	-0.0228	-0.06013
8.36	-0.01997	-0.05632
8.37	-0.01688	-0.05297
8.38	-0.01351	-0.05016
8.39	-0.00987	-0.04793
8.4	-0.00596	-0.04631
8.41	-0.00179	-0.04528
8.42	0.00262	-0.04482
8.43	0.00724	-0.04488
8.44	0.01203	-0.04537
8.45	0.01696	-0.04621
8.46	0.02196	-0.04727
8.47	0.027	-0.04844
8.48	0.03202	-0.04958
8.49	0.03698	-0.05057
8.5	0.04181	-0.05127
8.51	0.04648	-0.05157
8.52	0.05094	-0.05137
8.53	0.05515	-0.05058
8.54	0.0591	-0.04914
8.55	0.06274	-0.04702
8.56	0.06609	-0.0442
8.57	0.06912	-0.04071
8.58	0.07185	-0.03659
8.59	0.07429	-0.0319
8.6	0.07646	-0.02676
8.61	0.0784	-0.02125
8.62	0.08013	-0.01551
8.63	0.08169	-0.00967
8.64	0.08314	-0.00388
8.65	0.0845	0.00175
8.66	0.08582	0.00706
8.67	0.08714	0.01196
8.68	0.08848	0.01633
8.69	0.08989	0.0201
8.7	0.09137	0.02321
8.71	0.09293	0.02563
8.72	0.09459	0.02735
8.73	0.09634	0.0284
8.74	0.09815	0.02882
8.75	0.10001	0.02867
8.76	0.10189	0.02805
8.77	0.10373	0.02705
8.78	0.10551	0.0258
8.79	0.10717	0.02441
8.8	0.10865	0.023
8.81	0.10992	0.02169
8.82	0.11092	0.02059
8.83	0.1116	0.01978
8.84	0.11192	0.01936
8.85	0.11184	0.01938
8.86	0.11134	0.01988
8.87	0.1104	0.02086
8.88	0.10901	0.02232
8.89	0.10716	0.02422
8.9	0.10487	0.02652
8.91	0.10214	0.02913
8.92	0.09902	0.03198
8.93	0.09553	0.03496
8.94	0.09171	0.03796
8.95	0.0876	0.04089
8.96	0.08326	0.04364
8.97	0.07873	0.04611
8.98	0.07407	0.04821
8.99	0.06932	0.04986
9	0.06453	0.05102
9.01	0.05975	0.05164
9.02	0.05501	0.05171
9.03	0.05035	0.05123
9.04	0.0458	0.05023
9.05	0.04137	0.04875
9.06	0.03708	0.04685
9.07	0.03294	0.04461
9.08	0.02896	0.04211
9.09	0.02514	0.03945
9.1	0.02146	0.03673
9.11	0.01794	0.03404
9.12	0.01455	0.03148
9.13	0.01129	0.02912
9.14	0.00814	0.02705
9.15	0.00511	0.02531
9.16	0.00218	0.02396
9.17	-6.52479E-4	0.02301
9.18	-0.00339	0.02247
9.19	-0.00602	0.02233
9.2	-0.00855	0.02255
9.21	-0.01098	0.0231
9.22	-0.01328	0.02391
9.23	-0.01545	0.0249
9.24	-0.01748	0.02602
9.25	-0.01934	0.02716
9.26	-0.02103	0.02824
9.27	-0.02254	0.02919
9.28	-0.02383	0.02993
9.29	-0.02492	0.03039
9.3	-0.02578	0.03052
9.31	-0.02641	0.03028
9.32	-0.02681	0.02964
9.33	-0.02697	0.02859
9.34	-0.0269	0.02713
9.35	-0.02661	0.0253
9.36	-0.0261	0.02312
9.37	-0.02539	0.02065
9.38	-0.02449	0.01795
9.39	-0.02342	0.01507
9.4	-0.0222	0.01211
9.41	-0.02086	0.00913
9.42	-0.01941	0.00622
9.43	-0.01788	0.00343
9.44	-0.0163	8.4907E-4
9.45	-0.01468	-0.00148
9.46	-0.01305	-0.0035
9.47	-0.01143	-0.00517
9.48	-0.00985	-0.00649
9.49	-0.00831	-0.00743
9.5	-0.00685	-0.008
9.51	-0.00547	-0.00822
9.52	-0.0042	-0.00812
9.53	-0.00303	-0.00774
9.54	-0.00198	-0.00711
9.55	-0.00106	-0.0063
9.56	-2.75622E-4	-0.00536
9.57	3.81542E-4	-0.00435
9.58	9.10178E-4	-0.00332
9.59	0.00132	-0.00234
9.6	0.00161	-0.00144
9.61	0.0018	-6.65894E-4
9.62	0.00191	-5.90474E-5
9.63	0.00196	3.59903E-4
9.64	0.00196	5.75648E-4
9.65	0.00195	5.82422E-4
9.66	0.00196	3.83681E-4
9.67	0.00201	-8.58606E-6
9.68	0.00213	-5.74865E-4
9.69	0.00235	-0.00129
9.7	0.00271	-0.00212
9.71	0.00323	-0.00304
9.72	0.00394	-0.004
9.73	0.00486	-0.00498
9.74	0.00599	-0.00594
9.75	0.00737	-0.00684
9.76	0.00897	-0.00766
9.77	0.01081	-0.00838
9.78	0.01287	-0.00898
9.79	0.01511	-0.00944
9.8	0.01753	-0.00977
9.81	0.02007	-0.00995
9.82	0.02269	-0.00999
9.83	0.02534	-0.0099
9.84	0.02796	-0.00969
9.85	0.0305	-0.00937
9.86	0.03288	-0.00896
9.87	0.03506	-0.00847
9.88	0.03696	-0.00791
9.89	0.03853	-0.00732
9.9	0.03973	-0.00669
9.91	0.0405	-0.00605
9.92	0.04082	-0.0054
9.93	0.04067	-0.00476
9.94	0.04003	-0.00414
9.95	0.0389	-0.00354
9.96	0.03731	-0.00298
9.97	0.03528	-0.00246
9.98	0.03284	-0.002
9.99	0.03004	-0.00159
10	0.02696	
10.01	0.02364	
10.02	0.02017	
10.03	0.01661	
10.04	0.01304	
10.05	0.00954	
10.06	0.00617	
10.07	0.00298	
10.08	3.78759E-5	
10.09	-0.00262	
10.1	-0.00498	
10.11	-0.007	
10.12	-0.0087	
10.13	-0.01008	
10.14	-0.01116	
10.15	-0.01198	
10.16	-0.01258	
10.17	-0.01301	
10.18	-0.01333	
10.19	-0.01358	
10.2	-0.01384	
10.21	-0.01414	
10.22	-0.01455	
10.23	-0.0151	
10.24	-0.01581	
10.25	-0.01672	
10.26	-0.01783	
10.27	-0.01914	
10.28	-0.02062	
10.29	-0.02226	
10.3	-0.02401	
10.31	-0.02582	
10.32	-0.02765	
10.33	-0.02942	
10.34	-0.03109	
10.35	-0.0326	
10.36	-0.03388	
10.37	-0.03488	
10.38	-0.03558	
10.39	-0.03593	
10.4	-0.03593	
10.41	-0.03557	
10.42	-0.03485	
10.43	-0.03381	
10.44	-0.03249	
10.45	-0.03093	
10.46	-0.02919	
10.47	-0.02735	
10.48	-0.02548	
10.49	-0.02366	
10.5	-0.02196	
10.51	-0.02045	
10.52	-0.01921	
10.53	-0.01829	
10.54	-0.01773	
10.55	-0.01758	
10.56	-0.01783	
10.57	-0.01849	
10.58	-0.01956	
10.59	-0.02099	
10.6	-0.02273	
10.61	-0.02473	
10.62	-0.02692	
10.63	-0.02922	
10.64	-0.03153	
10.65	-0.03378	
10.66	-0.03589	
10.67	-0.03776	
10.68	-0.03932	
10.69	-0.04052	
10.7	-0.0413	
10.71	-0.04163	
10.72	-0.04148	
10.73	-0.04087	
10.74	-0.0398	
10.75	-0.03831	
10.76	-0.03644	
10.77	-0.03425	
10.78	-0.03182	
10.79	-0.02922	
10.8	-0.02655	
10.81	-0.02387	
10.82	-0.02129	
10.83	-0.01889	
10.84	-0.01672	
10.85	-0.01486	
10.86	-0.01335	
10.87	-0.01223	
10.88	-0.01152	
10.89	-0.01122	
10.9	-0.01132	
10.91	-0.01178	
10.92	-0.01257	
10.93	-0.01364	
10.94	-0.01491	
10.95	-0.01632	
10.96	-0.01779	
10.97	-0.01925	
10.98	-0.02064	
10.99	-0.02187	
11	-0.0229	
11.01	-0.02369	
11.02	-0.02419	
11.03	-0.02438	
11.04	-0.02427	
11.05	-0.02386	
11.06	-0.02319	
11.07	-0.02227	
11.08	-0.02118	
11.09	-0.01997	
11.1	-0.01871	
11.11	-0.01746	
11.12	-0.01631	
11.13	-0.01532	
11.14	-0.01456	
11.15	-0.0141	
11.16	-0.01397	
11.17	-0.01422	
11.18	-0.01487	
11.19	-0.01592	
11.2	-0.01737	
11.21	-0.0192	
11.22	-0.02137	
11.23	-0.02382	
11.24	-0.0265	
11.25	-0.02933	
11.26	-0.03224	
11.27	-0.03514	
11.28	-0.03796	
11.29	-0.04062	
11.3	-0.04305	
11.31	-0.04519	
11.32	-0.04698	
11.33	-0.04839	
11.34	-0.04939	
11.35	-0.04999	
11.36	-0.05019	
11.37	-0.05001	
11.38	-0.04949	
11.39	-0.04869	
11.4	-0.04767	
11.41	-0.0465	
11.42	-0.04526	
11.43	-0.04403	
11.44	-0.04288	
11.45	-0.0419	
11.46	-0.04115	
11.47	-0.04069	
11.48	-0.04057	
11.49	-0.04081	
11.5	-0.04144	
11.51	-0.04246	
11.52	-0.04384	
11.53	-0.04556	
11.54	-0.04758	
11.55	-0.04983	
11.56	-0.05224	
11.57	-0.05474	
11.58	-0.05725	
11.59	-0.05968	
11.6	-0.06194	
11.61	-0.06397	
11.62	-0.06568	
11.63	-0.06702	
11.64	-0.06794	
11.65	-0.06842	
11.66	-0.06842	
11.67	-0.06795	
11.68	-0.06702	
11.69	-0.06567	
11.7	-0.06394	
11.71	-0.06189	
11.72	-0.05958	
11.73	-0.05709	
11.74	-0.05451	
11.75	-0.0519	
11.76	-0.04936	
11.77	-0.04695	
11.78	-0.04475	
11.79	-0.04281	
11.8	-0.04118	
11.81	-0.03988	
11.82	-0.03893	
11.83	-0.03834	
11.84	-0.03809	
11.85	-0.03814	
11.86	-0.03847	
11.87	-0.03901	
11.88	-0.0397	
11.89	-0.04048	
11.9	-0.04127	
11.91	-0.04201	
11.92	-0.04263	
11.93	-0.04305	
11.94	-0.04324	
11.95	-0.04314	
11.96	-0.04272	
11.97	-0.04197	
11.98	-0.04087	
11.99	-0.03943	
12	-0.03767	
12.01	-0.03564	
12.02	-0.03336	
12.03	-0.0309	
12.04	-0.02831	
12.05	-0.02565	
12.06	-0.02298	
12.07	-0.02037	
12.08	-0.01788	
12.09	-0.01555	
12.1	-0.01342	
12.11	-0.01153	
12.12	-0.00989	
12.13	-0.00852	
12.14	-0.00742	
12.15	-0.00656	
12.16	-0.00593	
12.17	-0.00549	
12.18	-0.0052	
12.19	-0.00503	
12.2	-0.00492	
12.21	-0.00483	
12.22	-0.00471	
12.23	-0.00454	
12.24	-0.00427	
12.25	-0.00388	
12.26	-0.00336	
12.27	-0.00271	
12.28	-0.00192	
12.29	-0.00103	
12.3	-4.4495E-5	
12.31	9.93373E-4	
12.32	0.00205	
12.33	0.00307	
12.34	0.00403	
12.35	0.00488	
12.36	0.00557	
12.37	0.00607	
12.38	0.00636	
12.39	0.00641	
12.4	0.00623	
12.41	0.00581	
12.42	0.00518	
12.43	0.00435	
12.44	0.00337	
12.45	0.00228	
12.46	0.00114	
12.47	1.58809E-6	
12.48	-0.00107	
12.49	-0.00201	
12.5	-0.00276	
12.51	-0.00328	
12.52	-0.00351	
12.53	-0.00343	
12.54	-0.00301	
12.55	-0.00224	
12.56	-0.00114	
12.57	2.8554E-4	
12.58	0.002	
12.59	0.00394	
12.6	0.00607	
12.61	0.00832	
12.62	0.0106	
12.63	0.01286	
12.64	0.01501	
12.65	0.01697	
12.66	0.0187	
12.67	0.02012	
12.68	0.0212	
12.69	0.02191	
12.7	0.02222	
12.71	0.02214	
12.72	0.02169	
12.73	0.02089	
12.74	0.0198	
12.75	0.01847	
12.76	0.01697	
12.77	0.01538	
12.78	0.01377	
12.79	0.01223	
12.8	0.01083	
12.81	0.00965	
12.82	0.00875	
12.83	0.00817	
12.84	0.00796	
12.85	0.00813	
12.86	0.00869	
12.87	0.00963	
12.88	0.01092	
12.89	0.01251	
12.9	0.01434	
12.91	0.01636	
12.92	0.01848	
12.93	0.02062	
12.94	0.02269	
12.95	0.02463	
12.96	0.02635	
12.97	0.0278	
12.98	0.02891	
12.99	0.02965	
13	0.03	
13.01	0.02995	
13.02	0.0295	
13.03	0.0287	
13.04	0.02758	
13.05	0.02621	
13.06	0.02464	
13.07	0.02297	
13.08	0.02127	
13.09	0.01964	
13.1	0.01815	
13.11	0.01689	
13.12	0.01593	
13.13	0.01533	
13.14	0.01514	
13.15	0.01538	
13.16	0.01609	
13.17	0.01724	
13.18	0.01882	
13.19	0.02079	
13.2	0.02311	
13.21	0.0257	
13.22	0.02848	
13.23	0.03139	
13.24	0.03432	
13.25	0.03719	
13.26	0.03992	
13.27	0.04242	
13.28	0.04462	
13.29	0.04646	
13.3	0.0479	
13.31	0.0489	
13.32	0.04945	
13.33	0.04954	
13.34	0.04919	
13.35	0.04843	
13.36	0.04731	
13.37	0.04587	
13.38	0.04419	
13.39	0.04232	
13.4	0.04034	
13.41	0.03833	
13.42	0.03634	
13.43	0.03446	
13.44	0.03273	
13.45	0.0312	
13.46	0.02992	
13.47	0.02891	
13.48	0.02818	
13.49	0.02774	
13.5	0.02757	
13.51	0.02767	
13.52	0.028	
13.53	0.02853	
13.54	0.02923	
13.55	0.03004	
13.56	0.03093	
13.57	0.03185	
13.58	0.03276	
13.59	0.03364	
13.6	0.03444	
13.61	0.03515	
13.62	0.03574	
13.63	0.03622	
13.64	0.03658	
13.65	0.03682	
13.66	0.03696	
13.67	0.037	
13.68	0.03697	
13.69	0.03689	
13.7	0.03678	
13.71	0.03666	
13.72	0.03654	
13.73	0.03643	
13.74	0.03636	
13.75	0.03632	
13.76	0.0363	
13.77	0.03631	
13.78	0.03633	
13.79	0.03635	
13.8	0.03634	
13.81	0.03629	
13.82	0.03616	
13.83	0.03595	
13.84	0.03562	
13.85	0.03516	
13.86	0.03455	
13.87	0.03378	
13.88	0.03285	
13.89	0.03177	
13.9	0.03053	
13.91	0.02916	
13.92	0.02768	
13.93	0.02612	
13.94	0.0245	
13.95	0.02287	
13.96	0.02127	
13.97	0.01974	
13.98	0.01831	
13.99	0.01702	
14	0.0159	
14.01	0.01499	
14.02	0.01431	
14.03	0.01387	
14.04	0.01369	
14.05	0.01375	
14.06	0.01405	
14.07	0.01458	
14.08	0.01532	
14.09	0.01623	
14.1	0.01727	
14.11	0.01842	
14.12	0.01962	
14.13	0.02084	
14.14	0.02203	
14.15	0.02315	
14.16	0.02416	
14.17	0.02503	
14.18	0.02574	
14.19	0.02625	
14.2	0.02658	
14.21	0.02669	
14.22	0.02661	
14.23	0.02634	
14.24	0.02589	
14.25	0.0253	
14.26	0.02459	
14.27	0.0238	
14.28	0.02296	
14.29	0.02212	
14.3	0.02131	
14.31	0.02057	
14.32	0.01993	
14.33	0.01942	
14.34	0.01908	
14.35	0.01892	
14.36	0.01895	
14.37	0.01918	
14.38	0.0196	
14.39	0.02021	
14.4	0.02099	
14.41	0.02191	
14.42	0.02296	
14.43	0.02409	
14.44	0.02526	
14.45	0.02645	
14.46	0.0276	
14.47	0.02869	
14.48	0.02966	
14.49	0.0305	
14.5	0.03116	
14.51	0.03163	
14.52	0.03189	
14.53	0.03193	
14.54	0.03174	
14.55	0.03133	
14.56	0.03071	
14.57	0.02989	
14.58	0.02891	
14.59	0.0278	
14.6	0.02658	
14.61	0.02529	
14.62	0.02397	
14.63	0.02267	
14.64	0.02141	
14.65	0.02023	
14.66	0.01917	
14.67	0.01824	
14.68	0.01747	
14.69	0.01687	
14.7	0.01645	
14.71	0.01619	
14.72	0.0161	
14.73	0.01616	
14.74	0.01634	
14.75	0.01662	
14.76	0.01697	
14.77	0.01735	
14.78	0.01773	
14.79	0.01808	
14.8	0.01836	
14.81	0.01855	
14.82	0.01861	
14.83	0.01855	
14.84	0.01834	
14.85	0.01797	
14.86	0.01747	
14.87	0.01683	
14.88	0.01609	
14.89	0.01525	
14.9	0.01437	
14.91	0.01346	
14.92	0.01258	
14.93	0.01175	
14.94	0.01102	
14.95	0.01042	
14.96	0.00997	
14.97	0.0097	
14.98	0.00963	
14.99	0.00975	
15	0.01007	
15.01	0.01056	
15.02	0.0112	
15.03	0.01196	
15.04	0.0128	
15.05	0.01366	
15.06	0.01448	
15.07	0.01522	
15.08	0.01581	
15.09	0.01619	
15.1	0.01632	
15.11	0.01615	
15.12	0.01565	
15.13	0.01479	
15.14	0.01356	
15.15	0.01198	
15.16	0.01005	
15.17	0.00781	
15.18	0.00532	
15.19	0.00263	
15.2	-1.77149E-4	
15.21	-0.00303	
15.22	-0.00583	
15.23	-0.00849	
15.24	-0.01092	
15.25	-0.01304	
15.26	-0.01476	
15.27	-0.01601	
15.28	-0.01674	
15.29	-0.01691	
15.3	-0.0165	
15.31	-0.0155	
15.32	-0.01395	
15.33	-0.01187	
15.34	-0.00933	
15.35	-0.00639	
15.36	-0.00316	
15.37	2.71926E-4	
15.38	0.00379	
15.39	0.00727	
15.4	0.0106	
15.41	0.01367	
15.42	0.01637	
15.43	0.0186	
15.44	0.02029	
15.45	0.02138	
15.46	0.02182	
15.47	0.0216	
15.48	0.02071	
15.49	0.01919	
15.5	0.01707	
15.51	0.01444	
15.52	0.01136	
15.53	0.00795	
15.54	0.0043	
15.55	5.39583E-4	
15.56	-0.00322	
15.57	-0.00687	
15.58	-0.01029	
15.59	-0.01338	
15.6	-0.01607	
15.61	-0.01828	
15.62	-0.01996	
15.63	-0.02108	
15.64	-0.02163	
15.65	-0.02163	
15.66	-0.02109	
15.67	-0.02008	
15.68	-0.01865	
15.69	-0.01688	
15.7	-0.01486	
15.71	-0.01266	
15.72	-0.0104	
15.73	-0.00815	
15.74	-0.006	
15.75	-0.00402	
15.76	-0.00229	
15.77	-8.43132E-4	
15.78	2.7548E-4	
15.79	0.00105	
15.8	0.00147	
15.81	0.00155	
15.82	0.00131	
15.83	7.9902E-4	
15.84	5.11658E-5	
15.85	-8.76408E-4	
15.86	-0.00193	
15.87	-0.00304	
15.88	-0.00416	
15.89	-0.00523	
15.9	-0.00621	
15.91	-0.00705	
15.92	-0.00774	
15.93	-0.00825	
15.94	-0.00858	
15.95	-0.00873	
15.96	-0.00873	
15.97	-0.00859	
15.98	-0.00835	
15.99	-0.00804	
16	-0.00772	
16.01	-0.00741	
16.02	-0.00716	
16.03	-0.00701	
16.04	-0.00698	
16.05	-0.00709	
16.06	-0.00737	
16.07	-0.00781	
16.08	-0.00841	
16.09	-0.00915	
16.1	-0.01001	
16.11	-0.01096	
16.12	-0.01196	
16.13	-0.01297	
16.14	-0.01395	
16.15	-0.01486	
16.16	-0.01565	
16.17	-0.01631	
16.18	-0.01678	
16.19	-0.01707	
16.2	-0.01716	
16.21	-0.01705	
16.22	-0.01674	
16.23	-0.01628	
16.24	-0.01567	
16.25	-0.01496	
16.26	-0.01419	
16.27	-0.01342	
16.28	-0.01268	
16.29	-0.01204	
16.3	-0.01152	
16.31	-0.01119	
16.32	-0.01106	
16.33	-0.01117	
16.34	-0.01153	
16.35	-0.01214	
16.36	-0.01299	
16.37	-0.01408	
16.38	-0.01536	
16.39	-0.0168	
16.4	-0.01835	
16.41	-0.01996	
16.42	-0.02158	
16.43	-0.02314	
16.44	-0.02459	
16.45	-0.02587	
16.46	-0.02694	
16.47	-0.02776	
16.48	-0.02829	
16.49	-0.02851	
16.5	-0.0284	
16.51	-0.02798	
16.52	-0.02726	
16.53	-0.02624	
16.54	-0.02498	
16.55	-0.0235	
16.56	-0.02186	
16.57	-0.0201	
16.58	-0.01828	
16.59	-0.01645	
16.6	-0.01467	
16.61	-0.01298	
16.62	-0.01144	
16.63	-0.01006	
16.64	-0.00889	
16.65	-0.00795	
16.66	-0.00725	
16.67	-0.00679	
16.68	-0.00657	
16.69	-0.00658	
16.7	-0.00681	
16.71	-0.00722	
16.72	-0.00781	
16.73	-0.00853	
16.74	-0.00938	
16.75	-0.01031	
16.76	-0.0113	
16.77	-0.01233	
16.78	-0.01339	
16.79	-0.01446	
16.8	-0.01552	
16.81	-0.01657	
16.82	-0.0176	
16.83	-0.01861	
16.84	-0.01961	
16.85	-0.02057	
16.86	-0.02152	
16.87	-0.02243	
16.88	-0.02331	
16.89	-0.02416	
16.9	-0.02495	
16.91	-0.02568	
16.92	-0.02632	
16.93	-0.02687	
16.94	-0.02728	
16.95	-0.02755	
16.96	-0.02765	
16.97	-0.02756	
16.98	-0.02725	
16.99	-0.02671	
17	-0.02593	
17.01	-0.02491	
17.02	-0.02365	
17.03	-0.02216	
17.04	-0.02046	
17.05	-0.01858	
17.06	-0.01655	
17.07	-0.01442	
17.08	-0.01224	
17.09	-0.01006	
17.1	-0.00794	
17.11	-0.00594	
17.12	-0.00412	
17.13	-0.00252	
17.14	-0.0012	
17.15	-1.91746E-4	
17.16	4.63271E-4	
17.17	7.47494E-4	
17.18	6.51212E-4	
17.19	1.76992E-4	
17.2	-6.60131E-4	
17.21	-0.00183	
17.22	-0.0033	
17.23	-0.00502	
17.24	-0.00693	
17.25	-0.00897	
17.26	-0.01106	
17.27	-0.01315	
17.28	-0.01515	
17.29	-0.01701	
17.3	-0.01866	
17.31	-0.02005	
17.32	-0.02114	
17.33	-0.0219	
17.34	-0.0223	
17.35	-0.02234	
17.36	-0.02203	
17.37	-0.0214	
17.38	-0.02046	
17.39	-0.01926	
17.4	-0.01786	
17.41	-0.0163	
17.42	-0.01467	
17.43	-0.01301	
17.44	-0.01141	
17.45	-0.0099	
17.46	-0.00857	
17.47	-0.00745	
17.48	-0.00659	
17.49	-0.00603	
17.5	-0.00577	
17.51	-0.00583	
17.52	-0.00622	
17.53	-0.00691	
17.54	-0.00788	
17.55	-0.00909	
17.56	-0.01051	
17.57	-0.01208	
17.58	-0.01375	
17.59	-0.01546	
17.6	-0.01717	
17.61	-0.0188	
17.62	-0.02031	
17.63	-0.02166	
17.64	-0.02279	
17.65	-0.02369	
17.66	-0.02431	
17.67	-0.02466	
17.68	-0.02471	
17.69	-0.02448	
17.7	-0.02397	
17.71	-0.02321	
17.72	-0.02223	
17.73	-0.02104	
17.74	-0.0197	
17.75	-0.01825	
17.76	-0.01672	
17.77	-0.01516	
17.78	-0.01362	
17.79	-0.01213	
17.8	-0.01073	
17.81	-0.00945	
17.82	-0.00833	
17.83	-0.00738	
17.84	-0.00663	
17.85	-0.00607	
17.86	-0.00571	
17.87	-0.00556	
17.88	-0.00559	
17.89	-0.0058	
17.9	-0.00616	
17.91	-0.00665	
17.92	-0.00725	
17.93	-0.00791	
17.94	-0.00862	
17.95	-0.00933	
17.96	-0.01002	
17.97	-0.01066	
17.98	-0.01121	
17.99	-0.01166	
18	-0.01197	
18.01	-0.01213	
18.02	-0.01214	
18.03	-0.01198	
18.04	-0.01165	
18.05	-0.01116	
18.06	-0.01052	
18.07	-0.00974	
18.08	-0.00885	
18.09	-0.00787	
18.1	-0.00684	
18.11	-0.00579	
18.12	-0.00474	
18.13	-0.00375	
18.14	-0.00284	
18.15	-0.00205	
18.16	-0.0014	
18.17	-9.35516E-4	
18.18	-6.6727E-4	
18.19	-6.12932E-4	
18.2	-7.81018E-4	
18.21	-0.00117	
18.22	-0.00178	
18.23	-0.00259	
18.24	-0.00357	
18.25	-0.0047	
18.26	-0.00595	
18.27	-0.00725	
18.28	-0.00858	
18.29	-0.00987	
18.3	-0.01109	
18.31	-0.01217	
18.32	-0.01307	
18.33	-0.01375	
18.34	-0.01418	
18.35	-0.01432	
18.36	-0.01416	
18.37	-0.01369	
18.38	-0.01291	
18.39	-0.01184	
18.4	-0.0105	
18.41	-0.00893	
18.42	-0.00718	
18.43	-0.0053	
18.44	-0.00335	
18.45	-0.00141	
18.46	4.73344E-4	
18.47	0.00222	
18.48	0.00376	
18.49	0.00504	
18.5	0.00601	
18.51	0.00662	
18.52	0.00685	
18.53	0.00667	
18.54	0.00608	
18.55	0.0051	
18.56	0.00375	
18.57	0.00207	
18.58	1.06414E-4	
18.59	-0.00207	
18.6	-0.00439	
18.61	-0.00677	
18.62	-0.00913	
18.63	-0.01139	
18.64	-0.01347	
18.65	-0.01528	
18.66	-0.01676	
18.67	-0.01785	
18.68	-0.01851	
18.69	-0.01869	
18.7	-0.0184	
18.71	-0.01762	
18.72	-0.01637	
18.73	-0.01469	
18.74	-0.01263	
18.75	-0.01024	
18.76	-0.0076	
18.77	-0.00478	
18.78	-0.00188	
18.79	0.00102	
18.8	0.00383	
18.81	0.00646	
18.82	0.00883	
18.83	0.01087	
18.84	0.01252	
18.85	0.01374	
18.86	0.01449	
18.87	0.01475	
18.88	0.01453	
18.89	0.01383	
18.9	0.0127	
18.91	0.01117	
18.92	0.00929	
18.93	0.00713	
18.94	0.00477	
18.95	0.00228	
18.96	-2.62248E-4	
18.97	-0.00278	
18.98	-0.00519	
18.99	-0.00742	
19	-0.00942	
19.01	-0.01113	
19.02	-0.01251	
19.03	-0.01353	
19.04	-0.01416	
19.05	-0.01441	
19.06	-0.01428	
19.07	-0.01378	
19.08	-0.01295	
19.09	-0.01183	
19.1	-0.01044	
19.11	-0.00886	
19.12	-0.00712	
19.13	-0.00529	
19.14	-0.00342	
19.15	-0.00157	
19.16	2.21209E-4	
19.17	0.0019	
19.18	0.00343	
19.19	0.00478	
19.2	0.00592	
19.21	0.00684	
19.22	0.00753	
19.23	0.00798	
19.24	0.0082	
19.25	0.00821	
19.26	0.00802	
19.27	0.00766	
19.28	0.00715	
19.29	0.00653	
19.3	0.00583	
19.31	0.00507	
19.32	0.0043	
19.33	0.00355	
19.34	0.00285	
19.35	0.00221	
19.36	0.00168	
19.37	0.00126	
19.38	9.77383E-4	
19.39	8.37011E-4	
19.4	8.46374E-4	
19.41	0.00101	
19.42	0.00131	
19.43	0.00176	
19.44	0.00233	
19.45	0.00302	
19.46	0.00379	
19.47	0.00463	
19.48	0.00551	
19.49	0.00641	
19.5	0.0073	
19.51	0.00814	
19.52	0.00892	
19.53	0.00961	
19.54	0.01019	
19.55	0.01063	
19.56	0.01092	
19.57	0.01105	
19.58	0.01101	
19.59	0.0108	
19.6	0.01042	
19.61	0.00987	
19.62	0.00918	
19.63	0.00836	
19.64	0.00744	
19.65	0.00644	
19.66	0.00539	
19.67	0.00433	
19.68	0.00328	
19.69	0.00228	
19.7	0.00137	
19.71	5.69818E-4	
19.72	-8.89591E-5	
19.73	-5.84803E-4	
19.74	-9.00455E-4	
19.75	-0.00102	
19.76	-9.52317E-4	
19.77	-6.85511E-4	
19.78	-2.32818E-4	
19.79	3.9053E-4	
19.8	0.00116	
19.81	0.00206	
19.82	0.00304	
19.83	0.00409	
19.84	0.00515	
19.85	0.00619	
19.86	0.00718	
19.87	0.00808	
19.88	0.00886	
19.89	0.00949	
19.9	0.00994	
19.91	0.01021	
19.92	0.01028	
19.93	0.01016	
19.94	0.00985	
19.95	0.00935	
19.96	0.0087	
19.97	0.00792	
19.98	0.00703	
19.99	0.00607	
