PE IR       SUBTECH     SPECTRUM    ASCII       PEDS        4.00        
   -1
5_6_24 BW Inner Post ssNMR Wet 3.ASC
24/05/06
16:09:27.00
24/05/06
16:09:41.00
Yarger Lab
Sample 055 By YargerLab Date Monday, May 06 2024
400.000000
#HDR
-1
-1
#GR
cm-1
A
1.0
0.0
4000.000000
-1.000000
3601
8
0.018647
0.001332
#DATA
4000.000000	0.001802
3999.000000	0.001809
3998.000000	0.001815
3997.000000	0.001820
3996.000000	0.001831
3995.000000	0.001832
3994.000000	0.001829
3993.000000	0.001822
3992.000000	0.001815
3991.000000	0.001809
3990.000000	0.001806
3989.000000	0.001803
3988.000000	0.001801
3987.000000	0.001798
3986.000000	0.001797
3985.000000	0.001797
3984.000000	0.001799
3983.000000	0.001802
3982.000000	0.001803
3981.000000	0.001802
3980.000000	0.001799
3979.000000	0.001794
3978.000000	0.001789
3977.000000	0.001787
3976.000000	0.001788
3975.000000	0.001791
3974.000000	0.001795
3973.000000	0.001799
3972.000000	0.001803
3971.000000	0.001807
3970.000000	0.001811
3969.000000	0.001815
3968.000000	0.001814
3967.000000	0.001808
3966.000000	0.001798
3965.000000	0.001788
3964.000000	0.001783
3963.000000	0.001784
3962.000000	0.001790
3961.000000	0.001796
3960.000000	0.001800
3959.000000	0.001799
3958.000000	0.001794
3957.000000	0.001789
3956.000000	0.001786
3955.000000	0.001785
3954.000000	0.001785
3953.000000	0.001784
3952.000000	0.001783
3951.000000	0.001782
3950.000000	0.001780
3949.000000	0.001777
3948.000000	0.001772
3947.000000	0.001767
3946.000000	0.001763
3945.000000	0.001762
3944.000000	0.001762
3943.000000	0.001762
3942.000000	0.001763
3941.000000	0.001764
3940.000000	0.001766
3939.000000	0.001768
3938.000000	0.001770
3937.000000	0.001772
3936.000000	0.001773
3935.000000	0.001772
3934.000000	0.001767
3933.000000	0.001761
3932.000000	0.001756
3931.000000	0.001755
3930.000000	0.001757
3929.000000	0.001762
3928.000000	0.001767
3927.000000	0.001769
3926.000000	0.001769
3925.000000	0.001767
3924.000000	0.001764
3923.000000	0.001759
3922.000000	0.001754
3921.000000	0.001750
3920.000000	0.001750
3919.000000	0.001754
3918.000000	0.001760
3917.000000	0.001767
3916.000000	0.001773
3915.000000	0.001775
3914.000000	0.001774
3913.000000	0.001770
3912.000000	0.001765
3911.000000	0.001759
3910.000000	0.001752
3909.000000	0.001744
3908.000000	0.001737
3907.000000	0.001733
3906.000000	0.001733
3905.000000	0.001736
3904.000000	0.001741
3903.000000	0.001743
3902.000000	0.001739
3901.000000	0.001729
3900.000000	0.001718
3899.000000	0.001713
3898.000000	0.001713
3897.000000	0.001714
3896.000000	0.001712
3895.000000	0.001708
3894.000000	0.001706
3893.000000	0.001711
3892.000000	0.001723
3891.000000	0.001741
3890.000000	0.001758
3889.000000	0.001770
3888.000000	0.001773
3887.000000	0.001767
3886.000000	0.001755
3885.000000	0.001741
3884.000000	0.001726
3883.000000	0.001712
3882.000000	0.001703
3881.000000	0.001706
3880.000000	0.001717
3879.000000	0.001726
3878.000000	0.001722
3877.000000	0.001710
3876.000000	0.001695
3875.000000	0.001686
3874.000000	0.001688
3873.000000	0.001698
3872.000000	0.001706
3871.000000	0.001709
3870.000000	0.001709
3869.000000	0.001714
3868.000000	0.001716
3867.000000	0.001709
3866.000000	0.001697
3865.000000	0.001691
3864.000000	0.001700
3863.000000	0.001716
3862.000000	0.001728
3861.000000	0.001729
3860.000000	0.001727
3859.000000	0.001731
3858.000000	0.001754
3857.000000	0.001797
3856.000000	0.001840
3855.000000	0.001858
3854.000000	0.001846
3853.000000	0.001821
3852.000000	0.001789
3851.000000	0.001752
3850.000000	0.001723
3849.000000	0.001709
3848.000000	0.001704
3847.000000	0.001697
3846.000000	0.001685
3845.000000	0.001673
3844.000000	0.001667
3843.000000	0.001668
3842.000000	0.001676
3841.000000	0.001686
3840.000000	0.001695
3839.000000	0.001699
3838.000000	0.001702
3837.000000	0.001704
3836.000000	0.001707
3835.000000	0.001709
3834.000000	0.001714
3833.000000	0.001720
3832.000000	0.001723
3831.000000	0.001719
3830.000000	0.001707
3829.000000	0.001694
3828.000000	0.001685
3827.000000	0.001682
3826.000000	0.001683
3825.000000	0.001688
3824.000000	0.001692
3823.000000	0.001693
3822.000000	0.001695
3821.000000	0.001706
3820.000000	0.001722
3819.000000	0.001729
3818.000000	0.001725
3817.000000	0.001715
3816.000000	0.001709
3815.000000	0.001711
3814.000000	0.001714
3813.000000	0.001713
3812.000000	0.001710
3811.000000	0.001713
3810.000000	0.001724
3809.000000	0.001737
3808.000000	0.001743
3807.000000	0.001739
3806.000000	0.001729
3805.000000	0.001719
3804.000000	0.001710
3803.000000	0.001699
3802.000000	0.001688
3801.000000	0.001680
3800.000000	0.001673
3799.000000	0.001663
3798.000000	0.001657
3797.000000	0.001665
3796.000000	0.001685
3795.000000	0.001707
3794.000000	0.001720
3793.000000	0.001724
3792.000000	0.001726
3791.000000	0.001729
3790.000000	0.001730
3789.000000	0.001725
3788.000000	0.001713
3787.000000	0.001698
3786.000000	0.001687
3785.000000	0.001685
3784.000000	0.001688
3783.000000	0.001691
3782.000000	0.001691
3781.000000	0.001693
3780.000000	0.001700
3779.000000	0.001714
3778.000000	0.001730
3777.000000	0.001743
3776.000000	0.001749
3775.000000	0.001746
3774.000000	0.001739
3773.000000	0.001731
3772.000000	0.001724
3771.000000	0.001719
3770.000000	0.001719
3769.000000	0.001725
3768.000000	0.001729
3767.000000	0.001727
3766.000000	0.001721
3765.000000	0.001716
3764.000000	0.001709
3763.000000	0.001699
3762.000000	0.001688
3761.000000	0.001681
3760.000000	0.001683
3759.000000	0.001689
3758.000000	0.001688
3757.000000	0.001683
3756.000000	0.001682
3755.000000	0.001690
3754.000000	0.001699
3753.000000	0.001703
3752.000000	0.001703
3751.000000	0.001705
3750.000000	0.001712
3749.000000	0.001718
3748.000000	0.001724
3747.000000	0.001733
3746.000000	0.001737
3745.000000	0.001730
3744.000000	0.001716
3743.000000	0.001690
3742.000000	0.001656
3741.000000	0.001628
3740.000000	0.001613
3739.000000	0.001605
3738.000000	0.001594
3737.000000	0.001583
3736.000000	0.001586
3735.000000	0.001612
3734.000000	0.001655
3733.000000	0.001693
3732.000000	0.001712
3731.000000	0.001709
3730.000000	0.001695
3729.000000	0.001685
3728.000000	0.001684
3727.000000	0.001691
3726.000000	0.001701
3725.000000	0.001708
3724.000000	0.001705
3723.000000	0.001696
3722.000000	0.001690
3721.000000	0.001694
3720.000000	0.001705
3719.000000	0.001716
3718.000000	0.001724
3717.000000	0.001729
3716.000000	0.001732
3715.000000	0.001729
3714.000000	0.001718
3713.000000	0.001702
3712.000000	0.001686
3711.000000	0.001679
3710.000000	0.001682
3709.000000	0.001692
3708.000000	0.001700
3707.000000	0.001702
3706.000000	0.001699
3705.000000	0.001695
3704.000000	0.001694
3703.000000	0.001698
3702.000000	0.001713
3701.000000	0.001736
3700.000000	0.001757
3699.000000	0.001766
3698.000000	0.001763
3697.000000	0.001753
3696.000000	0.001742
3695.000000	0.001730
3694.000000	0.001717
3693.000000	0.001708
3692.000000	0.001708
3691.000000	0.001718
3690.000000	0.001733
3689.000000	0.001749
3688.000000	0.001756
3687.000000	0.001751
3686.000000	0.001740
3685.000000	0.001732
3684.000000	0.001726
3683.000000	0.001722
3682.000000	0.001722
3681.000000	0.001728
3680.000000	0.001739
3679.000000	0.001749
3678.000000	0.001755
3677.000000	0.001755
3676.000000	0.001757
3675.000000	0.001768
3674.000000	0.001776
3673.000000	0.001774
3672.000000	0.001765
3671.000000	0.001763
3670.000000	0.001777
3669.000000	0.001804
3668.000000	0.001824
3667.000000	0.001826
3666.000000	0.001822
3665.000000	0.001822
3664.000000	0.001828
3663.000000	0.001834
3662.000000	0.001838
3661.000000	0.001840
3660.000000	0.001841
3659.000000	0.001841
3658.000000	0.001844
3657.000000	0.001849
3656.000000	0.001851
3655.000000	0.001847
3654.000000	0.001841
3653.000000	0.001842
3652.000000	0.001843
3651.000000	0.001834
3650.000000	0.001815
3649.000000	0.001800
3648.000000	0.001800
3647.000000	0.001812
3646.000000	0.001830
3645.000000	0.001846
3644.000000	0.001853
3643.000000	0.001852
3642.000000	0.001848
3641.000000	0.001846
3640.000000	0.001843
3639.000000	0.001835
3638.000000	0.001828
3637.000000	0.001832
3636.000000	0.001845
3635.000000	0.001862
3634.000000	0.001880
3633.000000	0.001896
3632.000000	0.001909
3631.000000	0.001910
3630.000000	0.001905
3629.000000	0.001907
3628.000000	0.001915
3627.000000	0.001914
3626.000000	0.001904
3625.000000	0.001898
3624.000000	0.001901
3623.000000	0.001907
3622.000000	0.001912
3621.000000	0.001920
3620.000000	0.001935
3619.000000	0.001958
3618.000000	0.001979
3617.000000	0.001991
3616.000000	0.001991
3615.000000	0.001983
3614.000000	0.001974
3613.000000	0.001972
3612.000000	0.001971
3611.000000	0.001964
3610.000000	0.001954
3609.000000	0.001951
3608.000000	0.001963
3607.000000	0.001986
3606.000000	0.002009
3605.000000	0.002027
3604.000000	0.002038
3603.000000	0.002044
3602.000000	0.002048
3601.000000	0.002050
3600.000000	0.002050
3599.000000	0.002045
3598.000000	0.002042
3597.000000	0.002047
3596.000000	0.002061
3595.000000	0.002079
3594.000000	0.002098
3593.000000	0.002116
3592.000000	0.002129
3591.000000	0.002133
3590.000000	0.002127
3589.000000	0.002116
3588.000000	0.002107
3587.000000	0.002109
3586.000000	0.002121
3585.000000	0.002139
3584.000000	0.002155
3583.000000	0.002166
3582.000000	0.002176
3581.000000	0.002190
3580.000000	0.002207
3579.000000	0.002225
3578.000000	0.002240
3577.000000	0.002253
3576.000000	0.002263
3575.000000	0.002270
3574.000000	0.002275
3573.000000	0.002282
3572.000000	0.002290
3571.000000	0.002295
3570.000000	0.002296
3569.000000	0.002296
3568.000000	0.002294
3567.000000	0.002295
3566.000000	0.002301
3565.000000	0.002312
3564.000000	0.002324
3563.000000	0.002333
3562.000000	0.002344
3561.000000	0.002359
3560.000000	0.002382
3559.000000	0.002406
3558.000000	0.002426
3557.000000	0.002438
3556.000000	0.002443
3555.000000	0.002447
3554.000000	0.002452
3553.000000	0.002462
3552.000000	0.002472
3551.000000	0.002476
3550.000000	0.002475
3549.000000	0.002473
3548.000000	0.002471
3547.000000	0.002472
3546.000000	0.002478
3545.000000	0.002488
3544.000000	0.002501
3543.000000	0.002514
3542.000000	0.002529
3541.000000	0.002547
3540.000000	0.002566
3539.000000	0.002584
3538.000000	0.002604
3537.000000	0.002627
3536.000000	0.002648
3535.000000	0.002661
3534.000000	0.002666
3533.000000	0.002668
3532.000000	0.002670
3531.000000	0.002673
3530.000000	0.002677
3529.000000	0.002682
3528.000000	0.002688
3527.000000	0.002691
3526.000000	0.002692
3525.000000	0.002697
3524.000000	0.002708
3523.000000	0.002726
3522.000000	0.002746
3521.000000	0.002765
3520.000000	0.002779
3519.000000	0.002789
3518.000000	0.002798
3517.000000	0.002810
3516.000000	0.002822
3515.000000	0.002832
3514.000000	0.002840
3513.000000	0.002849
3512.000000	0.002861
3511.000000	0.002873
3510.000000	0.002885
3509.000000	0.002898
3508.000000	0.002907
3507.000000	0.002909
3506.000000	0.002908
3505.000000	0.002912
3504.000000	0.002923
3503.000000	0.002938
3502.000000	0.002953
3501.000000	0.002968
3500.000000	0.002981
3499.000000	0.002990
3498.000000	0.002999
3497.000000	0.003013
3496.000000	0.003033
3495.000000	0.003055
3494.000000	0.003074
3493.000000	0.003088
3492.000000	0.003096
3491.000000	0.003104
3490.000000	0.003115
3489.000000	0.003132
3488.000000	0.003150
3487.000000	0.003165
3486.000000	0.003179
3485.000000	0.003195
3484.000000	0.003210
3483.000000	0.003220
3482.000000	0.003230
3481.000000	0.003245
3480.000000	0.003266
3479.000000	0.003286
3478.000000	0.003298
3477.000000	0.003303
3476.000000	0.003302
3475.000000	0.003304
3474.000000	0.003315
3473.000000	0.003335
3472.000000	0.003358
3471.000000	0.003375
3470.000000	0.003387
3469.000000	0.003398
3468.000000	0.003410
3467.000000	0.003425
3466.000000	0.003439
3465.000000	0.003451
3464.000000	0.003458
3463.000000	0.003460
3462.000000	0.003463
3461.000000	0.003472
3460.000000	0.003490
3459.000000	0.003513
3458.000000	0.003538
3457.000000	0.003560
3456.000000	0.003572
3455.000000	0.003576
3454.000000	0.003580
3453.000000	0.003595
3452.000000	0.003617
3451.000000	0.003635
3450.000000	0.003644
3449.000000	0.003645
3448.000000	0.003643
3447.000000	0.003642
3446.000000	0.003648
3445.000000	0.003664
3444.000000	0.003686
3443.000000	0.003707
3442.000000	0.003724
3441.000000	0.003740
3440.000000	0.003755
3439.000000	0.003772
3438.000000	0.003794
3437.000000	0.003819
3436.000000	0.003837
3435.000000	0.003843
3434.000000	0.003843
3433.000000	0.003847
3432.000000	0.003863
3431.000000	0.003884
3430.000000	0.003905
3429.000000	0.003924
3428.000000	0.003939
3427.000000	0.003950
3426.000000	0.003959
3425.000000	0.003972
3424.000000	0.003987
3423.000000	0.003999
3422.000000	0.004011
3421.000000	0.004024
3420.000000	0.004042
3419.000000	0.004060
3418.000000	0.004073
3417.000000	0.004080
3416.000000	0.004081
3415.000000	0.004078
3414.000000	0.004081
3413.000000	0.004093
3412.000000	0.004112
3411.000000	0.004130
3410.000000	0.004143
3409.000000	0.004154
3408.000000	0.004167
3407.000000	0.004183
3406.000000	0.004202
3405.000000	0.004223
3404.000000	0.004238
3403.000000	0.004247
3402.000000	0.004251
3401.000000	0.004258
3400.000000	0.004270
3399.000000	0.004285
3398.000000	0.004304
3397.000000	0.004323
3396.000000	0.004335
3395.000000	0.004338
3394.000000	0.004339
3393.000000	0.004346
3392.000000	0.004361
3391.000000	0.004377
3390.000000	0.004394
3389.000000	0.004411
3388.000000	0.004426
3387.000000	0.004435
3386.000000	0.004441
3385.000000	0.004449
3384.000000	0.004459
3383.000000	0.004469
3382.000000	0.004480
3381.000000	0.004493
3380.000000	0.004510
3379.000000	0.004528
3378.000000	0.004547
3377.000000	0.004566
3376.000000	0.004585
3375.000000	0.004600
3374.000000	0.004611
3373.000000	0.004624
3372.000000	0.004641
3371.000000	0.004660
3370.000000	0.004678
3369.000000	0.004696
3368.000000	0.004709
3367.000000	0.004718
3366.000000	0.004727
3365.000000	0.004743
3364.000000	0.004767
3363.000000	0.004791
3362.000000	0.004811
3361.000000	0.004827
3360.000000	0.004840
3359.000000	0.004854
3358.000000	0.004870
3357.000000	0.004892
3356.000000	0.004920
3355.000000	0.004950
3354.000000	0.004979
3353.000000	0.005007
3352.000000	0.005036
3351.000000	0.005065
3350.000000	0.005093
3349.000000	0.005116
3348.000000	0.005133
3347.000000	0.005144
3346.000000	0.005156
3345.000000	0.005175
3344.000000	0.005200
3343.000000	0.005229
3342.000000	0.005264
3341.000000	0.005302
3340.000000	0.005339
3339.000000	0.005368
3338.000000	0.005391
3337.000000	0.005415
3336.000000	0.005444
3335.000000	0.005475
3334.000000	0.005506
3333.000000	0.005538
3332.000000	0.005570
3331.000000	0.005602
3330.000000	0.005636
3329.000000	0.005673
3328.000000	0.005714
3327.000000	0.005751
3326.000000	0.005785
3325.000000	0.005816
3324.000000	0.005846
3323.000000	0.005875
3322.000000	0.005905
3321.000000	0.005942
3320.000000	0.005985
3319.000000	0.006029
3318.000000	0.006072
3317.000000	0.006109
3316.000000	0.006141
3315.000000	0.006169
3314.000000	0.006200
3313.000000	0.006239
3312.000000	0.006281
3311.000000	0.006319
3310.000000	0.006351
3309.000000	0.006383
3308.000000	0.006423
3307.000000	0.006467
3306.000000	0.006510
3305.000000	0.006546
3304.000000	0.006575
3303.000000	0.006599
3302.000000	0.006624
3301.000000	0.006656
3300.000000	0.006692
3299.000000	0.006728
3298.000000	0.006762
3297.000000	0.006796
3296.000000	0.006829
3295.000000	0.006862
3294.000000	0.006895
3293.000000	0.006928
3292.000000	0.006961
3291.000000	0.006990
3290.000000	0.007015
3289.000000	0.007037
3288.000000	0.007054
3287.000000	0.007064
3286.000000	0.007070
3285.000000	0.007079
3284.000000	0.007092
3283.000000	0.007110
3282.000000	0.007129
3281.000000	0.007148
3280.000000	0.007161
3279.000000	0.007162
3278.000000	0.007153
3277.000000	0.007141
3276.000000	0.007131
3275.000000	0.007122
3274.000000	0.007113
3273.000000	0.007103
3272.000000	0.007092
3271.000000	0.007077
3270.000000	0.007058
3269.000000	0.007037
3268.000000	0.007010
3267.000000	0.006974
3266.000000	0.006929
3265.000000	0.006886
3264.000000	0.006851
3263.000000	0.006825
3262.000000	0.006803
3261.000000	0.006779
3260.000000	0.006749
3259.000000	0.006710
3258.000000	0.006665
3257.000000	0.006617
3256.000000	0.006571
3255.000000	0.006527
3254.000000	0.006486
3253.000000	0.006451
3252.000000	0.006421
3251.000000	0.006392
3250.000000	0.006361
3249.000000	0.006327
3248.000000	0.006286
3247.000000	0.006240
3246.000000	0.006196
3245.000000	0.006159
3244.000000	0.006128
3243.000000	0.006097
3242.000000	0.006064
3241.000000	0.006033
3240.000000	0.006003
3239.000000	0.005974
3238.000000	0.005945
3237.000000	0.005917
3236.000000	0.005890
3235.000000	0.005862
3234.000000	0.005837
3233.000000	0.005814
3232.000000	0.005792
3231.000000	0.005770
3230.000000	0.005747
3229.000000	0.005728
3228.000000	0.005715
3227.000000	0.005705
3226.000000	0.005692
3225.000000	0.005674
3224.000000	0.005648
3223.000000	0.005618
3222.000000	0.005592
3221.000000	0.005575
3220.000000	0.005563
3219.000000	0.005547
3218.000000	0.005528
3217.000000	0.005509
3216.000000	0.005494
3215.000000	0.005479
3214.000000	0.005463
3213.000000	0.005446
3212.000000	0.005424
3211.000000	0.005399
3210.000000	0.005373
3209.000000	0.005354
3208.000000	0.005341
3207.000000	0.005329
3206.000000	0.005317
3205.000000	0.005305
3204.000000	0.005292
3203.000000	0.005274
3202.000000	0.005251
3201.000000	0.005224
3200.000000	0.005195
3199.000000	0.005166
3198.000000	0.005141
3197.000000	0.005125
3196.000000	0.005116
3195.000000	0.005107
3194.000000	0.005095
3193.000000	0.005079
3192.000000	0.005060
3191.000000	0.005039
3190.000000	0.005017
3189.000000	0.004999
3188.000000	0.004985
3187.000000	0.004972
3186.000000	0.004957
3185.000000	0.004939
3184.000000	0.004917
3183.000000	0.004892
3182.000000	0.004867
3181.000000	0.004843
3180.000000	0.004818
3179.000000	0.004791
3178.000000	0.004762
3177.000000	0.004736
3176.000000	0.004712
3175.000000	0.004689
3174.000000	0.004667
3173.000000	0.004649
3172.000000	0.004634
3171.000000	0.004619
3170.000000	0.004603
3169.000000	0.004584
3168.000000	0.004562
3167.000000	0.004538
3166.000000	0.004516
3165.000000	0.004498
3164.000000	0.004482
3163.000000	0.004462
3162.000000	0.004440
3161.000000	0.004420
3160.000000	0.004403
3159.000000	0.004386
3158.000000	0.004364
3157.000000	0.004340
3156.000000	0.004319
3155.000000	0.004302
3154.000000	0.004292
3153.000000	0.004286
3152.000000	0.004277
3151.000000	0.004260
3150.000000	0.004237
3149.000000	0.004215
3148.000000	0.004198
3147.000000	0.004187
3146.000000	0.004177
3145.000000	0.004167
3144.000000	0.004150
3143.000000	0.004124
3142.000000	0.004095
3141.000000	0.004073
3140.000000	0.004061
3139.000000	0.004053
3138.000000	0.004045
3137.000000	0.004038
3136.000000	0.004034
3135.000000	0.004031
3134.000000	0.004026
3133.000000	0.004019
3132.000000	0.004009
3131.000000	0.003994
3130.000000	0.003977
3129.000000	0.003963
3128.000000	0.003954
3127.000000	0.003948
3126.000000	0.003943
3125.000000	0.003936
3124.000000	0.003926
3123.000000	0.003910
3122.000000	0.003894
3121.000000	0.003886
3120.000000	0.003886
3119.000000	0.003888
3118.000000	0.003885
3117.000000	0.003877
3116.000000	0.003869
3115.000000	0.003864
3114.000000	0.003865
3113.000000	0.003872
3112.000000	0.003881
3111.000000	0.003885
3110.000000	0.003884
3109.000000	0.003879
3108.000000	0.003875
3107.000000	0.003871
3106.000000	0.003870
3105.000000	0.003871
3104.000000	0.003873
3103.000000	0.003874
3102.000000	0.003874
3101.000000	0.003876
3100.000000	0.003878
3099.000000	0.003880
3098.000000	0.003881
3097.000000	0.003886
3096.000000	0.003893
3095.000000	0.003898
3094.000000	0.003902
3093.000000	0.003909
3092.000000	0.003920
3091.000000	0.003933
3090.000000	0.003944
3089.000000	0.003954
3088.000000	0.003959
3087.000000	0.003958
3086.000000	0.003951
3085.000000	0.003944
3084.000000	0.003941
3083.000000	0.003938
3082.000000	0.003935
3081.000000	0.003931
3080.000000	0.003928
3079.000000	0.003928
3078.000000	0.003933
3077.000000	0.003945
3076.000000	0.003960
3075.000000	0.003971
3074.000000	0.003975
3073.000000	0.003975
3072.000000	0.003973
3071.000000	0.003969
3070.000000	0.003964
3069.000000	0.003962
3068.000000	0.003962
3067.000000	0.003962
3066.000000	0.003962
3065.000000	0.003963
3064.000000	0.003962
3063.000000	0.003958
3062.000000	0.003949
3061.000000	0.003938
3060.000000	0.003928
3059.000000	0.003919
3058.000000	0.003911
3057.000000	0.003903
3056.000000	0.003892
3055.000000	0.003881
3054.000000	0.003873
3053.000000	0.003869
3052.000000	0.003864
3051.000000	0.003851
3050.000000	0.003832
3049.000000	0.003815
3048.000000	0.003801
3047.000000	0.003787
3046.000000	0.003773
3045.000000	0.003760
3044.000000	0.003749
3043.000000	0.003736
3042.000000	0.003722
3041.000000	0.003708
3040.000000	0.003699
3039.000000	0.003695
3038.000000	0.003693
3037.000000	0.003693
3036.000000	0.003690
3035.000000	0.003681
3034.000000	0.003665
3033.000000	0.003647
3032.000000	0.003631
3031.000000	0.003619
3030.000000	0.003613
3029.000000	0.003609
3028.000000	0.003604
3027.000000	0.003596
3026.000000	0.003588
3025.000000	0.003582
3024.000000	0.003573
3023.000000	0.003558
3022.000000	0.003539
3021.000000	0.003522
3020.000000	0.003510
3019.000000	0.003497
3018.000000	0.003483
3017.000000	0.003471
3016.000000	0.003463
3015.000000	0.003460
3014.000000	0.003462
3013.000000	0.003467
3012.000000	0.003474
3011.000000	0.003478
3010.000000	0.003478
3009.000000	0.003474
3008.000000	0.003466
3007.000000	0.003457
3006.000000	0.003454
3005.000000	0.003463
3004.000000	0.003482
3003.000000	0.003502
3002.000000	0.003522
3001.000000	0.003541
3000.000000	0.003561
2999.000000	0.003580
2998.000000	0.003596
2997.000000	0.003610
2996.000000	0.003622
2995.000000	0.003632
2994.000000	0.003643
2993.000000	0.003658
2992.000000	0.003677
2991.000000	0.003699
2990.000000	0.003722
2989.000000	0.003748
2988.000000	0.003779
2987.000000	0.003814
2986.000000	0.003853
2985.000000	0.003896
2984.000000	0.003942
2983.000000	0.003987
2982.000000	0.004030
2981.000000	0.004070
2980.000000	0.004104
2979.000000	0.004127
2978.000000	0.004143
2977.000000	0.004159
2976.000000	0.004181
2975.000000	0.004206
2974.000000	0.004233
2973.000000	0.004265
2972.000000	0.004300
2971.000000	0.004335
2970.000000	0.004366
2969.000000	0.004393
2968.000000	0.004411
2967.000000	0.004420
2966.000000	0.004419
2965.000000	0.004417
2964.000000	0.004417
2963.000000	0.004419
2962.000000	0.004424
2961.000000	0.004429
2960.000000	0.004430
2959.000000	0.004425
2958.000000	0.004414
2957.000000	0.004400
2956.000000	0.004383
2955.000000	0.004363
2954.000000	0.004345
2953.000000	0.004334
2952.000000	0.004330
2951.000000	0.004325
2950.000000	0.004318
2949.000000	0.004310
2948.000000	0.004307
2947.000000	0.004308
2946.000000	0.004313
2945.000000	0.004323
2944.000000	0.004334
2943.000000	0.004344
2942.000000	0.004357
2941.000000	0.004378
2940.000000	0.004405
2939.000000	0.004436
2938.000000	0.004467
2937.000000	0.004496
2936.000000	0.004524
2935.000000	0.004547
2934.000000	0.004566
2933.000000	0.004585
2932.000000	0.004604
2931.000000	0.004620
2930.000000	0.004632
2929.000000	0.004644
2928.000000	0.004654
2927.000000	0.004661
2926.000000	0.004668
2925.000000	0.004679
2924.000000	0.004696
2923.000000	0.004714
2922.000000	0.004733
2921.000000	0.004752
2920.000000	0.004771
2919.000000	0.004786
2918.000000	0.004795
2917.000000	0.004796
2916.000000	0.004781
2915.000000	0.004743
2914.000000	0.004681
2913.000000	0.004603
2912.000000	0.004517
2911.000000	0.004431
2910.000000	0.004351
2909.000000	0.004284
2908.000000	0.004230
2907.000000	0.004185
2906.000000	0.004144
2905.000000	0.004113
2904.000000	0.004092
2903.000000	0.004078
2902.000000	0.004067
2901.000000	0.004053
2900.000000	0.004036
2899.000000	0.004016
2898.000000	0.003995
2897.000000	0.003977
2896.000000	0.003964
2895.000000	0.003954
2894.000000	0.003945
2893.000000	0.003936
2892.000000	0.003928
2891.000000	0.003921
2890.000000	0.003916
2889.000000	0.003916
2888.000000	0.003921
2887.000000	0.003928
2886.000000	0.003936
2885.000000	0.003944
2884.000000	0.003952
2883.000000	0.003956
2882.000000	0.003956
2881.000000	0.003958
2880.000000	0.003964
2879.000000	0.003974
2878.000000	0.003985
2877.000000	0.003998
2876.000000	0.004011
2875.000000	0.004018
2874.000000	0.004015
2873.000000	0.004003
2872.000000	0.003986
2871.000000	0.003966
2870.000000	0.003946
2869.000000	0.003927
2868.000000	0.003907
2867.000000	0.003885
2866.000000	0.003859
2865.000000	0.003832
2864.000000	0.003804
2863.000000	0.003777
2862.000000	0.003752
2861.000000	0.003734
2860.000000	0.003723
2859.000000	0.003715
2858.000000	0.003710
2857.000000	0.003709
2856.000000	0.003715
2855.000000	0.003730
2854.000000	0.003755
2853.000000	0.003791
2852.000000	0.003833
2851.000000	0.003872
2850.000000	0.003895
2849.000000	0.003896
2848.000000	0.003870
2847.000000	0.003817
2846.000000	0.003742
2845.000000	0.003659
2844.000000	0.003578
2843.000000	0.003505
2842.000000	0.003443
2841.000000	0.003395
2840.000000	0.003357
2839.000000	0.003327
2838.000000	0.003304
2837.000000	0.003287
2836.000000	0.003271
2835.000000	0.003252
2834.000000	0.003232
2833.000000	0.003217
2832.000000	0.003207
2831.000000	0.003199
2830.000000	0.003189
2829.000000	0.003181
2828.000000	0.003175
2827.000000	0.003171
2826.000000	0.003169
2825.000000	0.003167
2824.000000	0.003165
2823.000000	0.003160
2822.000000	0.003152
2821.000000	0.003142
2820.000000	0.003131
2819.000000	0.003118
2818.000000	0.003105
2817.000000	0.003094
2816.000000	0.003088
2815.000000	0.003085
2814.000000	0.003081
2813.000000	0.003075
2812.000000	0.003064
2811.000000	0.003051
2810.000000	0.003040
2809.000000	0.003035
2808.000000	0.003036
2807.000000	0.003035
2806.000000	0.003031
2805.000000	0.003027
2804.000000	0.003026
2803.000000	0.003024
2802.000000	0.003020
2801.000000	0.003013
2800.000000	0.003004
2799.000000	0.002995
2798.000000	0.002989
2797.000000	0.002987
2796.000000	0.002986
2795.000000	0.002981
2794.000000	0.002971
2793.000000	0.002959
2792.000000	0.002947
2791.000000	0.002935
2790.000000	0.002927
2789.000000	0.002926
2788.000000	0.002930
2787.000000	0.002934
2786.000000	0.002934
2785.000000	0.002928
2784.000000	0.002920
2783.000000	0.002913
2782.000000	0.002910
2781.000000	0.002912
2780.000000	0.002915
2779.000000	0.002916
2778.000000	0.002912
2777.000000	0.002906
2776.000000	0.002899
2775.000000	0.002888
2774.000000	0.002877
2773.000000	0.002868
2772.000000	0.002861
2771.000000	0.002854
2770.000000	0.002848
2769.000000	0.002845
2768.000000	0.002847
2767.000000	0.002848
2766.000000	0.002846
2765.000000	0.002842
2764.000000	0.002840
2763.000000	0.002836
2762.000000	0.002830
2761.000000	0.002823
2760.000000	0.002818
2759.000000	0.002813
2758.000000	0.002809
2757.000000	0.002808
2756.000000	0.002808
2755.000000	0.002804
2754.000000	0.002796
2753.000000	0.002788
2752.000000	0.002782
2751.000000	0.002778
2750.000000	0.002774
2749.000000	0.002770
2748.000000	0.002767
2747.000000	0.002764
2746.000000	0.002762
2745.000000	0.002761
2744.000000	0.002761
2743.000000	0.002758
2742.000000	0.002751
2741.000000	0.002745
2740.000000	0.002743
2739.000000	0.002747
2738.000000	0.002750
2737.000000	0.002749
2736.000000	0.002742
2735.000000	0.002730
2734.000000	0.002717
2733.000000	0.002704
2732.000000	0.002695
2731.000000	0.002690
2730.000000	0.002689
2729.000000	0.002693
2728.000000	0.002696
2727.000000	0.002693
2726.000000	0.002686
2725.000000	0.002679
2724.000000	0.002677
2723.000000	0.002678
2722.000000	0.002683
2721.000000	0.002688
2720.000000	0.002693
2719.000000	0.002691
2718.000000	0.002685
2717.000000	0.002679
2716.000000	0.002674
2715.000000	0.002670
2714.000000	0.002665
2713.000000	0.002660
2712.000000	0.002655
2711.000000	0.002647
2710.000000	0.002638
2709.000000	0.002634
2708.000000	0.002635
2707.000000	0.002635
2706.000000	0.002630
2705.000000	0.002623
2704.000000	0.002618
2703.000000	0.002615
2702.000000	0.002612
2701.000000	0.002610
2700.000000	0.002609
2699.000000	0.002606
2698.000000	0.002602
2697.000000	0.002598
2696.000000	0.002598
2695.000000	0.002599
2694.000000	0.002598
2693.000000	0.002593
2692.000000	0.002586
2691.000000	0.002577
2690.000000	0.002568
2689.000000	0.002559
2688.000000	0.002555
2687.000000	0.002555
2686.000000	0.002557
2685.000000	0.002559
2684.000000	0.002558
2683.000000	0.002553
2682.000000	0.002547
2681.000000	0.002545
2680.000000	0.002546
2679.000000	0.002546
2678.000000	0.002541
2677.000000	0.002534
2676.000000	0.002530
2675.000000	0.002528
2674.000000	0.002525
2673.000000	0.002525
2672.000000	0.002526
2671.000000	0.002527
2670.000000	0.002526
2669.000000	0.002524
2668.000000	0.002523
2667.000000	0.002523
2666.000000	0.002519
2665.000000	0.002510
2664.000000	0.002498
2663.000000	0.002487
2662.000000	0.002478
2661.000000	0.002473
2660.000000	0.002472
2659.000000	0.002473
2658.000000	0.002476
2657.000000	0.002480
2656.000000	0.002487
2655.000000	0.002492
2654.000000	0.002493
2653.000000	0.002492
2652.000000	0.002488
2651.000000	0.002484
2650.000000	0.002481
2649.000000	0.002481
2648.000000	0.002482
2647.000000	0.002482
2646.000000	0.002480
2645.000000	0.002477
2644.000000	0.002475
2643.000000	0.002473
2642.000000	0.002474
2641.000000	0.002482
2640.000000	0.002494
2639.000000	0.002504
2638.000000	0.002507
2637.000000	0.002503
2636.000000	0.002498
2635.000000	0.002495
2634.000000	0.002498
2633.000000	0.002506
2632.000000	0.002515
2631.000000	0.002521
2630.000000	0.002524
2629.000000	0.002527
2628.000000	0.002531
2627.000000	0.002535
2626.000000	0.002539
2625.000000	0.002547
2624.000000	0.002557
2623.000000	0.002562
2622.000000	0.002561
2621.000000	0.002556
2620.000000	0.002551
2619.000000	0.002549
2618.000000	0.002552
2617.000000	0.002558
2616.000000	0.002564
2615.000000	0.002566
2614.000000	0.002566
2613.000000	0.002567
2612.000000	0.002571
2611.000000	0.002576
2610.000000	0.002582
2609.000000	0.002588
2608.000000	0.002593
2607.000000	0.002591
2606.000000	0.002584
2605.000000	0.002576
2604.000000	0.002568
2603.000000	0.002562
2602.000000	0.002559
2601.000000	0.002561
2600.000000	0.002566
2599.000000	0.002572
2598.000000	0.002579
2597.000000	0.002591
2596.000000	0.002608
2595.000000	0.002620
2594.000000	0.002627
2593.000000	0.002631
2592.000000	0.002632
2591.000000	0.002629
2590.000000	0.002624
2589.000000	0.002620
2588.000000	0.002618
2587.000000	0.002618
2586.000000	0.002621
2585.000000	0.002632
2584.000000	0.002648
2583.000000	0.002659
2582.000000	0.002660
2581.000000	0.002655
2580.000000	0.002649
2579.000000	0.002638
2578.000000	0.002625
2577.000000	0.002616
2576.000000	0.002616
2575.000000	0.002617
2574.000000	0.002614
2573.000000	0.002611
2572.000000	0.002611
2571.000000	0.002616
2570.000000	0.002624
2569.000000	0.002632
2568.000000	0.002636
2567.000000	0.002634
2566.000000	0.002629
2565.000000	0.002630
2564.000000	0.002641
2563.000000	0.002653
2562.000000	0.002661
2561.000000	0.002667
2560.000000	0.002674
2559.000000	0.002679
2558.000000	0.002682
2557.000000	0.002680
2556.000000	0.002673
2555.000000	0.002660
2554.000000	0.002644
2553.000000	0.002633
2552.000000	0.002630
2551.000000	0.002632
2550.000000	0.002635
2549.000000	0.002642
2548.000000	0.002649
2547.000000	0.002653
2546.000000	0.002655
2545.000000	0.002658
2544.000000	0.002664
2543.000000	0.002666
2542.000000	0.002664
2541.000000	0.002661
2540.000000	0.002659
2539.000000	0.002660
2538.000000	0.002666
2537.000000	0.002678
2536.000000	0.002692
2535.000000	0.002699
2534.000000	0.002699
2533.000000	0.002697
2532.000000	0.002695
2531.000000	0.002692
2530.000000	0.002688
2529.000000	0.002685
2528.000000	0.002682
2527.000000	0.002678
2526.000000	0.002676
2525.000000	0.002683
2524.000000	0.002697
2523.000000	0.002705
2522.000000	0.002705
2521.000000	0.002704
2520.000000	0.002707
2519.000000	0.002714
2518.000000	0.002725
2517.000000	0.002744
2516.000000	0.002765
2515.000000	0.002777
2514.000000	0.002775
2513.000000	0.002769
2512.000000	0.002768
2511.000000	0.002772
2510.000000	0.002780
2509.000000	0.002792
2508.000000	0.002808
2507.000000	0.002819
2506.000000	0.002828
2505.000000	0.002844
2504.000000	0.002870
2503.000000	0.002900
2502.000000	0.002925
2501.000000	0.002947
2500.000000	0.002968
2499.000000	0.002987
2498.000000	0.003003
2497.000000	0.003019
2496.000000	0.003037
2495.000000	0.003053
2494.000000	0.003066
2493.000000	0.003082
2492.000000	0.003108
2491.000000	0.003135
2490.000000	0.003156
2489.000000	0.003173
2488.000000	0.003194
2487.000000	0.003224
2486.000000	0.003262
2485.000000	0.003304
2484.000000	0.003341
2483.000000	0.003368
2482.000000	0.003385
2481.000000	0.003401
2480.000000	0.003416
2479.000000	0.003428
2478.000000	0.003436
2477.000000	0.003447
2476.000000	0.003466
2475.000000	0.003488
2474.000000	0.003507
2473.000000	0.003524
2472.000000	0.003540
2471.000000	0.003552
2470.000000	0.003563
2469.000000	0.003574
2468.000000	0.003581
2467.000000	0.003577
2466.000000	0.003563
2465.000000	0.003550
2464.000000	0.003542
2463.000000	0.003535
2462.000000	0.003524
2461.000000	0.003516
2460.000000	0.003518
2459.000000	0.003528
2458.000000	0.003540
2457.000000	0.003553
2456.000000	0.003564
2455.000000	0.003572
2454.000000	0.003572
2453.000000	0.003572
2452.000000	0.003574
2451.000000	0.003580
2450.000000	0.003586
2449.000000	0.003589
2448.000000	0.003587
2447.000000	0.003578
2446.000000	0.003568
2445.000000	0.003567
2444.000000	0.003578
2443.000000	0.003596
2442.000000	0.003614
2441.000000	0.003634
2440.000000	0.003653
2439.000000	0.003665
2438.000000	0.003668
2437.000000	0.003674
2436.000000	0.003690
2435.000000	0.003712
2434.000000	0.003733
2433.000000	0.003754
2432.000000	0.003778
2431.000000	0.003803
2430.000000	0.003827
2429.000000	0.003847
2428.000000	0.003865
2427.000000	0.003880
2426.000000	0.003889
2425.000000	0.003897
2424.000000	0.003907
2423.000000	0.003921
2422.000000	0.003935
2421.000000	0.003951
2420.000000	0.003963
2419.000000	0.003968
2418.000000	0.003963
2417.000000	0.003956
2416.000000	0.003954
2415.000000	0.003955
2414.000000	0.003957
2413.000000	0.003962
2412.000000	0.003965
2411.000000	0.003960
2410.000000	0.003947
2409.000000	0.003931
2408.000000	0.003915
2407.000000	0.003896
2406.000000	0.003870
2405.000000	0.003843
2404.000000	0.003820
2403.000000	0.003798
2402.000000	0.003773
2401.000000	0.003740
2400.000000	0.003702
2399.000000	0.003660
2398.000000	0.003622
2397.000000	0.003594
2396.000000	0.003575
2395.000000	0.003557
2394.000000	0.003531
2393.000000	0.003496
2392.000000	0.003456
2391.000000	0.003415
2390.000000	0.003375
2389.000000	0.003343
2388.000000	0.003320
2387.000000	0.003303
2386.000000	0.003286
2385.000000	0.003269
2384.000000	0.003252
2383.000000	0.003236
2382.000000	0.003221
2381.000000	0.003204
2380.000000	0.003183
2379.000000	0.003157
2378.000000	0.003134
2377.000000	0.003121
2376.000000	0.003118
2375.000000	0.003111
2374.000000	0.003093
2373.000000	0.003067
2372.000000	0.003043
2371.000000	0.003024
2370.000000	0.003011
2369.000000	0.003005
2368.000000	0.003000
2367.000000	0.002984
2366.000000	0.002950
2365.000000	0.002911
2364.000000	0.002884
2363.000000	0.002875
2362.000000	0.002877
2361.000000	0.002881
2360.000000	0.002880
2359.000000	0.002868
2358.000000	0.002847
2357.000000	0.002829
2356.000000	0.002819
2355.000000	0.002811
2354.000000	0.002793
2353.000000	0.002768
2352.000000	0.002749
2351.000000	0.002746
2350.000000	0.002749
2349.000000	0.002748
2348.000000	0.002735
2347.000000	0.002714
2346.000000	0.002702
2345.000000	0.002707
2344.000000	0.002720
2343.000000	0.002725
2342.000000	0.002713
2341.000000	0.002688
2340.000000	0.002659
2339.000000	0.002633
2338.000000	0.002613
2337.000000	0.002605
2336.000000	0.002608
2335.000000	0.002616
2334.000000	0.002622
2333.000000	0.002623
2332.000000	0.002620
2331.000000	0.002615
2330.000000	0.002603
2329.000000	0.002582
2328.000000	0.002551
2327.000000	0.002509
2326.000000	0.002469
2325.000000	0.002447
2324.000000	0.002452
2323.000000	0.002474
2322.000000	0.002499
2321.000000	0.002526
2320.000000	0.002557
2319.000000	0.002585
2318.000000	0.002602
2317.000000	0.002606
2316.000000	0.002603
2315.000000	0.002596
2314.000000	0.002595
2313.000000	0.002605
2312.000000	0.002622
2311.000000	0.002636
2310.000000	0.002638
2309.000000	0.002633
2308.000000	0.002624
2307.000000	0.002610
2306.000000	0.002591
2305.000000	0.002573
2304.000000	0.002560
2303.000000	0.002550
2302.000000	0.002543
2301.000000	0.002541
2300.000000	0.002546
2299.000000	0.002549
2298.000000	0.002542
2297.000000	0.002528
2296.000000	0.002513
2295.000000	0.002497
2294.000000	0.002485
2293.000000	0.002482
2292.000000	0.002488
2291.000000	0.002496
2290.000000	0.002496
2289.000000	0.002491
2288.000000	0.002487
2287.000000	0.002485
2286.000000	0.002483
2285.000000	0.002486
2284.000000	0.002493
2283.000000	0.002494
2282.000000	0.002480
2281.000000	0.002458
2280.000000	0.002442
2279.000000	0.002444
2278.000000	0.002467
2277.000000	0.002502
2276.000000	0.002531
2275.000000	0.002537
2274.000000	0.002518
2273.000000	0.002493
2272.000000	0.002474
2271.000000	0.002467
2270.000000	0.002472
2269.000000	0.002498
2268.000000	0.002536
2267.000000	0.002562
2266.000000	0.002563
2265.000000	0.002550
2264.000000	0.002547
2263.000000	0.002553
2262.000000	0.002553
2261.000000	0.002541
2260.000000	0.002521
2259.000000	0.002498
2258.000000	0.002476
2257.000000	0.002463
2256.000000	0.002462
2255.000000	0.002470
2254.000000	0.002480
2253.000000	0.002488
2252.000000	0.002493
2251.000000	0.002486
2250.000000	0.002472
2249.000000	0.002463
2248.000000	0.002470
2247.000000	0.002486
2246.000000	0.002502
2245.000000	0.002520
2244.000000	0.002532
2243.000000	0.002524
2242.000000	0.002488
2241.000000	0.002447
2240.000000	0.002422
2239.000000	0.002416
2238.000000	0.002417
2237.000000	0.002416
2236.000000	0.002409
2235.000000	0.002387
2234.000000	0.002356
2233.000000	0.002342
2232.000000	0.002364
2231.000000	0.002412
2230.000000	0.002459
2229.000000	0.002491
2228.000000	0.002506
2227.000000	0.002499
2226.000000	0.002473
2225.000000	0.002446
2224.000000	0.002436
2223.000000	0.002447
2222.000000	0.002471
2221.000000	0.002509
2220.000000	0.002548
2219.000000	0.002561
2218.000000	0.002536
2217.000000	0.002496
2216.000000	0.002477
2215.000000	0.002481
2214.000000	0.002484
2213.000000	0.002465
2212.000000	0.002430
2211.000000	0.002390
2210.000000	0.002363
2209.000000	0.002363
2208.000000	0.002397
2207.000000	0.002446
2206.000000	0.002490
2205.000000	0.002515
2204.000000	0.002520
2203.000000	0.002506
2202.000000	0.002479
2201.000000	0.002455
2200.000000	0.002440
2199.000000	0.002420
2198.000000	0.002390
2197.000000	0.002364
2196.000000	0.002356
2195.000000	0.002357
2194.000000	0.002353
2193.000000	0.002354
2192.000000	0.002372
2191.000000	0.002395
2190.000000	0.002401
2189.000000	0.002392
2188.000000	0.002386
2187.000000	0.002393
2186.000000	0.002410
2185.000000	0.002433
2184.000000	0.002454
2183.000000	0.002457
2182.000000	0.002437
2181.000000	0.002418
2180.000000	0.002422
2179.000000	0.002440
2178.000000	0.002448
2177.000000	0.002441
2176.000000	0.002434
2175.000000	0.002436
2174.000000	0.002448
2173.000000	0.002467
2172.000000	0.002483
2171.000000	0.002484
2170.000000	0.002478
2169.000000	0.002504
2168.000000	0.002573
2167.000000	0.002637
2166.000000	0.002632
2165.000000	0.002553
2164.000000	0.002458
2163.000000	0.002402
2162.000000	0.002399
2161.000000	0.002442
2160.000000	0.002509
2159.000000	0.002568
2158.000000	0.002596
2157.000000	0.002599
2156.000000	0.002588
2155.000000	0.002559
2154.000000	0.002513
2153.000000	0.002480
2152.000000	0.002484
2151.000000	0.002511
2150.000000	0.002528
2149.000000	0.002517
2148.000000	0.002479
2147.000000	0.002423
2146.000000	0.002368
2145.000000	0.002345
2144.000000	0.002358
2143.000000	0.002374
2142.000000	0.002369
2141.000000	0.002361
2140.000000	0.002388
2139.000000	0.002450
2138.000000	0.002513
2137.000000	0.002548
2136.000000	0.002551
2135.000000	0.002531
2134.000000	0.002499
2133.000000	0.002473
2132.000000	0.002467
2131.000000	0.002479
2130.000000	0.002492
2129.000000	0.002492
2128.000000	0.002478
2127.000000	0.002453
2126.000000	0.002425
2125.000000	0.002406
2124.000000	0.002401
2123.000000	0.002398
2122.000000	0.002390
2121.000000	0.002380
2120.000000	0.002373
2119.000000	0.002366
2118.000000	0.002361
2117.000000	0.002366
2116.000000	0.002384
2115.000000	0.002399
2114.000000	0.002400
2113.000000	0.002393
2112.000000	0.002392
2111.000000	0.002392
2110.000000	0.002378
2109.000000	0.002345
2108.000000	0.002309
2107.000000	0.002288
2106.000000	0.002288
2105.000000	0.002305
2104.000000	0.002320
2103.000000	0.002318
2102.000000	0.002301
2101.000000	0.002290
2100.000000	0.002299
2099.000000	0.002313
2098.000000	0.002316
2097.000000	0.002312
2096.000000	0.002321
2095.000000	0.002346
2094.000000	0.002371
2093.000000	0.002379
2092.000000	0.002366
2091.000000	0.002337
2090.000000	0.002307
2089.000000	0.002295
2088.000000	0.002304
2087.000000	0.002314
2086.000000	0.002302
2085.000000	0.002264
2084.000000	0.002215
2083.000000	0.002172
2082.000000	0.002149
2081.000000	0.002161
2080.000000	0.002206
2079.000000	0.002259
2078.000000	0.002288
2077.000000	0.002291
2076.000000	0.002285
2075.000000	0.002280
2074.000000	0.002273
2073.000000	0.002268
2072.000000	0.002268
2071.000000	0.002264
2070.000000	0.002251
2069.000000	0.002237
2068.000000	0.002235
2067.000000	0.002242
2066.000000	0.002245
2065.000000	0.002247
2064.000000	0.002255
2063.000000	0.002262
2062.000000	0.002251
2061.000000	0.002228
2060.000000	0.002218
2059.000000	0.002235
2058.000000	0.002265
2057.000000	0.002282
2056.000000	0.002265
2055.000000	0.002210
2054.000000	0.002131
2053.000000	0.002062
2052.000000	0.002027
2051.000000	0.002014
2050.000000	0.002003
2049.000000	0.002005
2048.000000	0.002053
2047.000000	0.002141
2046.000000	0.002218
2045.000000	0.002247
2044.000000	0.002238
2043.000000	0.002221
2042.000000	0.002203
2041.000000	0.002179
2040.000000	0.002159
2039.000000	0.002163
2038.000000	0.002206
2037.000000	0.002279
2036.000000	0.002351
2035.000000	0.002383
2034.000000	0.002361
2033.000000	0.002308
2032.000000	0.002260
2031.000000	0.002217
2030.000000	0.002160
2029.000000	0.002093
2028.000000	0.002053
2027.000000	0.002074
2026.000000	0.002148
2025.000000	0.002238
2024.000000	0.002306
2023.000000	0.002339
2022.000000	0.002353
2021.000000	0.002365
2020.000000	0.002366
2019.000000	0.002322
2018.000000	0.002240
2017.000000	0.002183
2016.000000	0.002204
2015.000000	0.002277
2014.000000	0.002332
2013.000000	0.002332
2012.000000	0.002292
2011.000000	0.002239
2010.000000	0.002191
2009.000000	0.002174
2008.000000	0.002205
2007.000000	0.002266
2006.000000	0.002318
2005.000000	0.002343
2004.000000	0.002350
2003.000000	0.002338
2002.000000	0.002305
2001.000000	0.002269
2000.000000	0.002253
1999.000000	0.002260
1998.000000	0.002270
1997.000000	0.002270
1996.000000	0.002259
1995.000000	0.002236
1994.000000	0.002205
1993.000000	0.002196
1992.000000	0.002233
1991.000000	0.002294
1990.000000	0.002328
1989.000000	0.002314
1988.000000	0.002276
1987.000000	0.002239
1986.000000	0.002201
1985.000000	0.002150
1984.000000	0.002080
1983.000000	0.002002
1982.000000	0.001941
1981.000000	0.001940
1980.000000	0.002019
1979.000000	0.002144
1978.000000	0.002258
1977.000000	0.002338
1976.000000	0.002397
1975.000000	0.002429
1974.000000	0.002414
1973.000000	0.002366
1972.000000	0.002331
1971.000000	0.002322
1970.000000	0.002300
1969.000000	0.002231
1968.000000	0.002133
1967.000000	0.002058
1966.000000	0.002050
1965.000000	0.002123
1964.000000	0.002247
1963.000000	0.002362
1962.000000	0.002414
1961.000000	0.002403
1960.000000	0.002363
1959.000000	0.002319
1958.000000	0.002275
1957.000000	0.002241
1956.000000	0.002231
1955.000000	0.002242
1954.000000	0.002251
1953.000000	0.002241
1952.000000	0.002214
1951.000000	0.002176
1950.000000	0.002130
1949.000000	0.002094
1948.000000	0.002085
1947.000000	0.002098
1946.000000	0.002114
1945.000000	0.002117
1944.000000	0.002114
1943.000000	0.002116
1942.000000	0.002129
1941.000000	0.002150
1940.000000	0.002166
1939.000000	0.002160
1938.000000	0.002137
1937.000000	0.002122
1936.000000	0.002134
1935.000000	0.002162
1934.000000	0.002172
1933.000000	0.002153
1932.000000	0.002114
1931.000000	0.002069
1930.000000	0.002023
1929.000000	0.001990
1928.000000	0.001979
1927.000000	0.001982
1926.000000	0.001979
1925.000000	0.001967
1924.000000	0.001966
1923.000000	0.001985
1922.000000	0.002013
1921.000000	0.002031
1920.000000	0.002037
1919.000000	0.002040
1918.000000	0.002050
1917.000000	0.002065
1916.000000	0.002072
1915.000000	0.002057
1914.000000	0.002025
1913.000000	0.001999
1912.000000	0.001993
1911.000000	0.001997
1910.000000	0.001994
1909.000000	0.001984
1908.000000	0.001979
1907.000000	0.001978
1906.000000	0.001971
1905.000000	0.001955
1904.000000	0.001938
1903.000000	0.001928
1902.000000	0.001920
1901.000000	0.001912
1900.000000	0.001910
1899.000000	0.001913
1898.000000	0.001916
1897.000000	0.001919
1896.000000	0.001922
1895.000000	0.001923
1894.000000	0.001915
1893.000000	0.001904
1892.000000	0.001903
1891.000000	0.001912
1890.000000	0.001920
1889.000000	0.001922
1888.000000	0.001919
1887.000000	0.001910
1886.000000	0.001895
1885.000000	0.001878
1884.000000	0.001863
1883.000000	0.001854
1882.000000	0.001849
1881.000000	0.001849
1880.000000	0.001855
1879.000000	0.001857
1878.000000	0.001848
1877.000000	0.001831
1876.000000	0.001815
1875.000000	0.001798
1874.000000	0.001780
1873.000000	0.001764
1872.000000	0.001759
1871.000000	0.001762
1870.000000	0.001765
1869.000000	0.001771
1868.000000	0.001787
1867.000000	0.001801
1866.000000	0.001797
1865.000000	0.001781
1864.000000	0.001773
1863.000000	0.001774
1862.000000	0.001779
1861.000000	0.001782
1860.000000	0.001782
1859.000000	0.001775
1858.000000	0.001756
1857.000000	0.001738
1856.000000	0.001734
1855.000000	0.001741
1854.000000	0.001741
1853.000000	0.001733
1852.000000	0.001729
1851.000000	0.001734
1850.000000	0.001737
1849.000000	0.001732
1848.000000	0.001720
1847.000000	0.001709
1846.000000	0.001702
1845.000000	0.001710
1844.000000	0.001739
1843.000000	0.001769
1842.000000	0.001764
1841.000000	0.001725
1840.000000	0.001679
1839.000000	0.001644
1838.000000	0.001626
1837.000000	0.001621
1836.000000	0.001626
1835.000000	0.001632
1834.000000	0.001625
1833.000000	0.001605
1832.000000	0.001583
1831.000000	0.001572
1830.000000	0.001581
1829.000000	0.001603
1828.000000	0.001615
1827.000000	0.001601
1826.000000	0.001577
1825.000000	0.001574
1824.000000	0.001596
1823.000000	0.001615
1822.000000	0.001606
1821.000000	0.001583
1820.000000	0.001570
1819.000000	0.001568
1818.000000	0.001565
1817.000000	0.001555
1816.000000	0.001545
1815.000000	0.001532
1814.000000	0.001510
1813.000000	0.001483
1812.000000	0.001466
1811.000000	0.001464
1810.000000	0.001469
1809.000000	0.001473
1808.000000	0.001474
1807.000000	0.001475
1806.000000	0.001471
1805.000000	0.001461
1804.000000	0.001448
1803.000000	0.001434
1802.000000	0.001423
1801.000000	0.001427
1800.000000	0.001448
1799.000000	0.001468
1798.000000	0.001463
1797.000000	0.001437
1796.000000	0.001410
1795.000000	0.001397
1794.000000	0.001396
1793.000000	0.001408
1792.000000	0.001435
1791.000000	0.001461
1790.000000	0.001458
1789.000000	0.001428
1788.000000	0.001397
1787.000000	0.001381
1786.000000	0.001377
1785.000000	0.001379
1784.000000	0.001381
1783.000000	0.001373
1782.000000	0.001350
1781.000000	0.001332
1780.000000	0.001337
1779.000000	0.001355
1778.000000	0.001360
1777.000000	0.001348
1776.000000	0.001336
1775.000000	0.001337
1774.000000	0.001346
1773.000000	0.001364
1772.000000	0.001399
1771.000000	0.001434
1770.000000	0.001434
1769.000000	0.001406
1768.000000	0.001388
1767.000000	0.001391
1766.000000	0.001392
1765.000000	0.001375
1764.000000	0.001357
1763.000000	0.001359
1762.000000	0.001387
1761.000000	0.001422
1760.000000	0.001439
1759.000000	0.001430
1758.000000	0.001411
1757.000000	0.001406
1756.000000	0.001426
1755.000000	0.001448
1754.000000	0.001444
1753.000000	0.001420
1752.000000	0.001401
1751.000000	0.001402
1750.000000	0.001414
1749.000000	0.001421
1748.000000	0.001427
1747.000000	0.001438
1746.000000	0.001441
1745.000000	0.001430
1744.000000	0.001422
1743.000000	0.001437
1742.000000	0.001476
1741.000000	0.001527
1740.000000	0.001580
1739.000000	0.001624
1738.000000	0.001645
1737.000000	0.001645
1736.000000	0.001645
1735.000000	0.001656
1734.000000	0.001687
1733.000000	0.001713
1732.000000	0.001683
1731.000000	0.001615
1730.000000	0.001566
1729.000000	0.001559
1728.000000	0.001583
1727.000000	0.001601
1726.000000	0.001595
1725.000000	0.001577
1724.000000	0.001568
1723.000000	0.001573
1722.000000	0.001585
1721.000000	0.001602
1720.000000	0.001632
1719.000000	0.001668
1718.000000	0.001703
1717.000000	0.001757
1716.000000	0.001826
1715.000000	0.001874
1714.000000	0.001897
1713.000000	0.001917
1712.000000	0.001950
1711.000000	0.001999
1710.000000	0.002054
1709.000000	0.002124
1708.000000	0.002222
1707.000000	0.002348
1706.000000	0.002501
1705.000000	0.002695
1704.000000	0.002931
1703.000000	0.003194
1702.000000	0.003494
1701.000000	0.003882
1700.000000	0.004372
1699.000000	0.004829
1698.000000	0.005159
1697.000000	0.005446
1696.000000	0.005791
1695.000000	0.006174
1694.000000	0.006484
1693.000000	0.006681
1692.000000	0.006815
1691.000000	0.006909
1690.000000	0.006978
1689.000000	0.007059
1688.000000	0.007197
1687.000000	0.007382
1686.000000	0.007549
1685.000000	0.007636
1684.000000	0.007694
1683.000000	0.007813
1682.000000	0.007941
1681.000000	0.008041
1680.000000	0.008164
1679.000000	0.008346
1678.000000	0.008586
1677.000000	0.008836
1676.000000	0.009044
1675.000000	0.009210
1674.000000	0.009371
1673.000000	0.009550
1672.000000	0.009743
1671.000000	0.009926
1670.000000	0.010085
1669.000000	0.010249
1668.000000	0.010438
1667.000000	0.010644
1666.000000	0.010867
1665.000000	0.011099
1664.000000	0.011306
1663.000000	0.011467
1662.000000	0.011612
1661.000000	0.011780
1660.000000	0.011970
1659.000000	0.012167
1658.000000	0.012390
1657.000000	0.012693
1656.000000	0.013085
1655.000000	0.013455
1654.000000	0.013579
1653.000000	0.013474
1652.000000	0.013420
1651.000000	0.013493
1650.000000	0.013669
1649.000000	0.013900
1648.000000	0.014055
1647.000000	0.014099
1646.000000	0.014122
1645.000000	0.014193
1644.000000	0.014307
1643.000000	0.014454
1642.000000	0.014611
1641.000000	0.014762
1640.000000	0.014936
1639.000000	0.015163
1638.000000	0.015404
1637.000000	0.015554
1636.000000	0.015565
1635.000000	0.015550
1634.000000	0.015616
1633.000000	0.015762
1632.000000	0.015970
1631.000000	0.016207
1630.000000	0.016429
1629.000000	0.016616
1628.000000	0.016790
1627.000000	0.016995
1626.000000	0.017234
1625.000000	0.017459
1624.000000	0.017609
1623.000000	0.017685
1622.000000	0.017776
1621.000000	0.017967
1620.000000	0.018254
1619.000000	0.018534
1618.000000	0.018647
1617.000000	0.018513
1616.000000	0.018258
1615.000000	0.018065
1614.000000	0.017964
1613.000000	0.017876
1612.000000	0.017719
1611.000000	0.017463
1610.000000	0.017134
1609.000000	0.016763
1608.000000	0.016364
1607.000000	0.015956
1606.000000	0.015557
1605.000000	0.015161
1604.000000	0.014750
1603.000000	0.014322
1602.000000	0.013896
1601.000000	0.013479
1600.000000	0.013072
1599.000000	0.012679
1598.000000	0.012304
1597.000000	0.011937
1596.000000	0.011571
1595.000000	0.011219
1594.000000	0.010903
1593.000000	0.010620
1592.000000	0.010353
1591.000000	0.010096
1590.000000	0.009857
1589.000000	0.009636
1588.000000	0.009431
1587.000000	0.009248
1586.000000	0.009092
1585.000000	0.008958
1584.000000	0.008833
1583.000000	0.008723
1582.000000	0.008636
1581.000000	0.008580
1580.000000	0.008561
1579.000000	0.008576
1578.000000	0.008592
1577.000000	0.008545
1576.000000	0.008435
1575.000000	0.008343
1574.000000	0.008315
1573.000000	0.008340
1572.000000	0.008382
1571.000000	0.008403
1570.000000	0.008398
1569.000000	0.008400
1568.000000	0.008423
1567.000000	0.008461
1566.000000	0.008517
1565.000000	0.008596
1564.000000	0.008711
1563.000000	0.008904
1562.000000	0.009181
1561.000000	0.009467
1560.000000	0.009601
1559.000000	0.009585
1558.000000	0.009679
1557.000000	0.009847
1556.000000	0.009949
1555.000000	0.010040
1554.000000	0.010154
1553.000000	0.010294
1552.000000	0.010438
1551.000000	0.010581
1550.000000	0.010745
1549.000000	0.010957
1548.000000	0.011210
1547.000000	0.011469
1546.000000	0.011710
1545.000000	0.011930
1544.000000	0.012164
1543.000000	0.012434
1542.000000	0.012689
1541.000000	0.012824
1540.000000	0.012833
1539.000000	0.012844
1538.000000	0.012914
1537.000000	0.013038
1536.000000	0.013205
1535.000000	0.013342
1534.000000	0.013375
1533.000000	0.013349
1532.000000	0.013361
1531.000000	0.013427
1530.000000	0.013514
1529.000000	0.013591
1528.000000	0.013638
1527.000000	0.013655
1526.000000	0.013669
1525.000000	0.013720
1524.000000	0.013807
1523.000000	0.013860
1522.000000	0.013794
1521.000000	0.013660
1520.000000	0.013586
1519.000000	0.013584
1518.000000	0.013566
1517.000000	0.013476
1516.000000	0.013366
1515.000000	0.013309
1514.000000	0.013274
1513.000000	0.013191
1512.000000	0.013052
1511.000000	0.012922
1510.000000	0.012840
1509.000000	0.012749
1508.000000	0.012532
1507.000000	0.012188
1506.000000	0.011894
1505.000000	0.011680
1504.000000	0.011478
1503.000000	0.011314
1502.000000	0.011176
1501.000000	0.011029
1500.000000	0.010877
1499.000000	0.010727
1498.000000	0.010546
1497.000000	0.010299
1496.000000	0.010023
1495.000000	0.009786
1494.000000	0.009603
1493.000000	0.009445
1492.000000	0.009275
1491.000000	0.009077
1490.000000	0.008872
1489.000000	0.008716
1488.000000	0.008630
1487.000000	0.008591
1486.000000	0.008571
1485.000000	0.008565
1484.000000	0.008581
1483.000000	0.008614
1482.000000	0.008658
1481.000000	0.008723
1480.000000	0.008830
1479.000000	0.008978
1478.000000	0.009141
1477.000000	0.009307
1476.000000	0.009491
1475.000000	0.009698
1474.000000	0.009896
1473.000000	0.010059
1472.000000	0.010216
1471.000000	0.010390
1470.000000	0.010558
1469.000000	0.010722
1468.000000	0.010902
1467.000000	0.011096
1466.000000	0.011272
1465.000000	0.011405
1464.000000	0.011519
1463.000000	0.011647
1462.000000	0.011804
1461.000000	0.011992
1460.000000	0.012208
1459.000000	0.012409
1458.000000	0.012518
1457.000000	0.012524
1456.000000	0.012527
1455.000000	0.012582
1454.000000	0.012682
1453.000000	0.012795
1452.000000	0.012892
1451.000000	0.012974
1450.000000	0.013040
1449.000000	0.013062
1448.000000	0.013039
1447.000000	0.013022
1446.000000	0.013044
1445.000000	0.013076
1444.000000	0.013085
1443.000000	0.013074
1442.000000	0.013063
1441.000000	0.013065
1440.000000	0.013095
1439.000000	0.013145
1438.000000	0.013146
1437.000000	0.013021
1436.000000	0.012809
1435.000000	0.012625
1434.000000	0.012505
1433.000000	0.012399
1432.000000	0.012261
1431.000000	0.012091
1430.000000	0.011911
1429.000000	0.011730
1428.000000	0.011559
1427.000000	0.011415
1426.000000	0.011284
1425.000000	0.011128
1424.000000	0.010967
1423.000000	0.010875
1422.000000	0.010868
1421.000000	0.010856
1420.000000	0.010748
1419.000000	0.010564
1418.000000	0.010403
1417.000000	0.010297
1416.000000	0.010226
1415.000000	0.010182
1414.000000	0.010154
1413.000000	0.010112
1412.000000	0.010049
1411.000000	0.009990
1410.000000	0.009954
1409.000000	0.009922
1408.000000	0.009883
1407.000000	0.009842
1406.000000	0.009798
1405.000000	0.009736
1404.000000	0.009673
1403.000000	0.009641
1402.000000	0.009639
1401.000000	0.009622
1400.000000	0.009566
1399.000000	0.009500
1398.000000	0.009462
1397.000000	0.009439
1396.000000	0.009409
1395.000000	0.009384
1394.000000	0.009378
1393.000000	0.009371
1392.000000	0.009354
1391.000000	0.009352
1390.000000	0.009371
1389.000000	0.009374
1388.000000	0.009334
1387.000000	0.009278
1386.000000	0.009241
1385.000000	0.009213
1384.000000	0.009179
1383.000000	0.009144
1382.000000	0.009110
1381.000000	0.009067
1380.000000	0.009013
1379.000000	0.008968
1378.000000	0.008946
1377.000000	0.008930
1376.000000	0.008902
1375.000000	0.008869
1374.000000	0.008853
1373.000000	0.008858
1372.000000	0.008870
1371.000000	0.008881
1370.000000	0.008879
1369.000000	0.008846
1368.000000	0.008787
1367.000000	0.008726
1366.000000	0.008671
1365.000000	0.008596
1364.000000	0.008487
1363.000000	0.008370
1362.000000	0.008282
1361.000000	0.008217
1360.000000	0.008157
1359.000000	0.008103
1358.000000	0.008060
1357.000000	0.008018
1356.000000	0.007974
1355.000000	0.007939
1354.000000	0.007920
1353.000000	0.007903
1352.000000	0.007880
1351.000000	0.007861
1350.000000	0.007853
1349.000000	0.007845
1348.000000	0.007830
1347.000000	0.007820
1346.000000	0.007820
1345.000000	0.007817
1344.000000	0.007807
1343.000000	0.007798
1342.000000	0.007783
1341.000000	0.007748
1340.000000	0.007701
1339.000000	0.007680
1338.000000	0.007698
1337.000000	0.007725
1336.000000	0.007740
1335.000000	0.007750
1334.000000	0.007758
1333.000000	0.007751
1332.000000	0.007728
1331.000000	0.007707
1330.000000	0.007699
1329.000000	0.007690
1328.000000	0.007675
1327.000000	0.007664
1326.000000	0.007661
1325.000000	0.007651
1324.000000	0.007631
1323.000000	0.007616
1322.000000	0.007612
1321.000000	0.007602
1320.000000	0.007580
1319.000000	0.007565
1318.000000	0.007569
1317.000000	0.007574
1316.000000	0.007569
1315.000000	0.007561
1314.000000	0.007559
1313.000000	0.007555
1312.000000	0.007551
1311.000000	0.007560
1310.000000	0.007575
1309.000000	0.007576
1308.000000	0.007559
1307.000000	0.007550
1306.000000	0.007558
1305.000000	0.007564
1304.000000	0.007556
1303.000000	0.007546
1302.000000	0.007539
1301.000000	0.007520
1300.000000	0.007491
1299.000000	0.007474
1298.000000	0.007477
1297.000000	0.007476
1296.000000	0.007465
1295.000000	0.007461
1294.000000	0.007472
1293.000000	0.007478
1292.000000	0.007469
1291.000000	0.007461
1290.000000	0.007465
1289.000000	0.007468
1288.000000	0.007465
1287.000000	0.007472
1286.000000	0.007492
1285.000000	0.007507
1284.000000	0.007509
1283.000000	0.007510
1282.000000	0.007518
1281.000000	0.007520
1280.000000	0.007514
1279.000000	0.007513
1278.000000	0.007520
1277.000000	0.007516
1276.000000	0.007500
1275.000000	0.007493
1274.000000	0.007500
1273.000000	0.007500
1272.000000	0.007486
1271.000000	0.007478
1270.000000	0.007486
1269.000000	0.007494
1268.000000	0.007496
1267.000000	0.007512
1266.000000	0.007548
1265.000000	0.007581
1264.000000	0.007602
1263.000000	0.007626
1262.000000	0.007659
1261.000000	0.007687
1260.000000	0.007707
1259.000000	0.007743
1258.000000	0.007799
1257.000000	0.007851
1256.000000	0.007891
1255.000000	0.007937
1254.000000	0.007999
1253.000000	0.008060
1252.000000	0.008114
1251.000000	0.008177
1250.000000	0.008248
1249.000000	0.008302
1248.000000	0.008337
1247.000000	0.008380
1246.000000	0.008440
1245.000000	0.008495
1244.000000	0.008534
1243.000000	0.008573
1242.000000	0.008618
1241.000000	0.008654
1240.000000	0.008672
1239.000000	0.008690
1238.000000	0.008713
1237.000000	0.008725
1236.000000	0.008720
1235.000000	0.008719
1234.000000	0.008729
1233.000000	0.008730
1232.000000	0.008718
1231.000000	0.008713
1230.000000	0.008717
1229.000000	0.008705
1228.000000	0.008669
1227.000000	0.008631
1226.000000	0.008601
1225.000000	0.008562
1224.000000	0.008508
1223.000000	0.008458
1222.000000	0.008416
1221.000000	0.008363
1220.000000	0.008294
1219.000000	0.008230
1218.000000	0.008177
1217.000000	0.008115
1216.000000	0.008039
1215.000000	0.007973
1214.000000	0.007918
1213.000000	0.007847
1212.000000	0.007755
1211.000000	0.007673
1210.000000	0.007614
1209.000000	0.007552
1208.000000	0.007475
1207.000000	0.007401
1206.000000	0.007341
1205.000000	0.007275
1204.000000	0.007195
1203.000000	0.007122
1202.000000	0.007062
1201.000000	0.006994
1200.000000	0.006916
1199.000000	0.006851
1198.000000	0.006810
1197.000000	0.006766
1196.000000	0.006712
1195.000000	0.006672
1194.000000	0.006650
1193.000000	0.006618
1192.000000	0.006567
1191.000000	0.006526
1190.000000	0.006510
1189.000000	0.006496
1188.000000	0.006473
1187.000000	0.006458
1186.000000	0.006458
1185.000000	0.006446
1184.000000	0.006417
1183.000000	0.006401
1182.000000	0.006411
1181.000000	0.006421
1180.000000	0.006424
1179.000000	0.006444
1178.000000	0.006491
1177.000000	0.006538
1176.000000	0.006576
1175.000000	0.006632
1174.000000	0.006715
1173.000000	0.006800
1172.000000	0.006870
1171.000000	0.006944
1170.000000	0.007028
1169.000000	0.007094
1168.000000	0.007134
1167.000000	0.007180
1166.000000	0.007244
1165.000000	0.007303
1164.000000	0.007343
1163.000000	0.007386
1162.000000	0.007439
1161.000000	0.007473
1160.000000	0.007475
1159.000000	0.007472
1158.000000	0.007476
1157.000000	0.007463
1156.000000	0.007422
1155.000000	0.007384
1154.000000	0.007359
1153.000000	0.007318
1152.000000	0.007250
1151.000000	0.007183
1150.000000	0.007130
1149.000000	0.007070
1148.000000	0.006993
1147.000000	0.006924
1146.000000	0.006871
1145.000000	0.006807
1144.000000	0.006728
1143.000000	0.006670
1142.000000	0.006643
1141.000000	0.006612
1140.000000	0.006561
1139.000000	0.006517
1138.000000	0.006494
1137.000000	0.006467
1136.000000	0.006429
1135.000000	0.006410
1134.000000	0.006418
1133.000000	0.006420
1132.000000	0.006404
1131.000000	0.006398
1130.000000	0.006409
1129.000000	0.006407
1128.000000	0.006386
1127.000000	0.006383
1126.000000	0.006407
1125.000000	0.006419
1124.000000	0.006403
1123.000000	0.006394
1122.000000	0.006411
1121.000000	0.006422
1120.000000	0.006412
1119.000000	0.006412
1118.000000	0.006437
1117.000000	0.006454
1116.000000	0.006448
1115.000000	0.006448
1114.000000	0.006468
1113.000000	0.006476
1112.000000	0.006463
1111.000000	0.006463
1110.000000	0.006489
1109.000000	0.006501
1108.000000	0.006488
1107.000000	0.006485
1106.000000	0.006511
1105.000000	0.006534
1104.000000	0.006545
1103.000000	0.006576
1102.000000	0.006633
1101.000000	0.006676
1100.000000	0.006696
1099.000000	0.006734
1098.000000	0.006804
1097.000000	0.006863
1096.000000	0.006895
1095.000000	0.006939
1094.000000	0.007012
1093.000000	0.007081
1092.000000	0.007129
1091.000000	0.007192
1090.000000	0.007285
1089.000000	0.007376
1088.000000	0.007455
1087.000000	0.007563
1086.000000	0.007707
1085.000000	0.007843
1084.000000	0.007956
1083.000000	0.008085
1082.000000	0.008243
1081.000000	0.008384
1080.000000	0.008493
1079.000000	0.008611
1078.000000	0.008752
1077.000000	0.008872
1076.000000	0.008955
1075.000000	0.009046
1074.000000	0.009161
1073.000000	0.009260
1072.000000	0.009333
1071.000000	0.009420
1070.000000	0.009531
1069.000000	0.009610
1068.000000	0.009635
1067.000000	0.009654
1066.000000	0.009689
1065.000000	0.009702
1064.000000	0.009680
1063.000000	0.009673
1062.000000	0.009696
1061.000000	0.009698
1060.000000	0.009658
1059.000000	0.009622
1058.000000	0.009612
1057.000000	0.009585
1056.000000	0.009518
1055.000000	0.009458
1054.000000	0.009427
1053.000000	0.009385
1052.000000	0.009313
1051.000000	0.009257
1050.000000	0.009234
1049.000000	0.009189
1048.000000	0.009099
1047.000000	0.009009
1046.000000	0.008940
1045.000000	0.008856
1044.000000	0.008746
1043.000000	0.008660
1042.000000	0.008616
1041.000000	0.008565
1040.000000	0.008485
1039.000000	0.008418
1038.000000	0.008384
1037.000000	0.008339
1036.000000	0.008266
1035.000000	0.008209
1034.000000	0.008182
1033.000000	0.008137
1032.000000	0.008052
1031.000000	0.007974
1030.000000	0.007928
1029.000000	0.007874
1028.000000	0.007786
1027.000000	0.007702
1026.000000	0.007642
1025.000000	0.007570
1024.000000	0.007478
1023.000000	0.007407
1022.000000	0.007366
1021.000000	0.007306
1020.000000	0.007208
1019.000000	0.007125
1018.000000	0.007078
1017.000000	0.007021
1016.000000	0.006934
1015.000000	0.006858
1014.000000	0.006809
1013.000000	0.006749
1012.000000	0.006666
1011.000000	0.006606
1010.000000	0.006583
1009.000000	0.006544
1008.000000	0.006463
1007.000000	0.006384
1006.000000	0.006332
1005.000000	0.006275
1004.000000	0.006199
1003.000000	0.006145
1002.000000	0.006125
1001.000000	0.006093
1000.000000	0.006031
999.000000	0.005982
998.000000	0.005964
997.000000	0.005938
996.000000	0.005888
995.000000	0.005850
994.000000	0.005834
993.000000	0.005793
992.000000	0.005714
991.000000	0.005649
990.000000	0.005618
989.000000	0.005582
988.000000	0.005522
987.000000	0.005483
986.000000	0.005482
985.000000	0.005472
984.000000	0.005433
983.000000	0.005408
982.000000	0.005418
981.000000	0.005421
980.000000	0.005396
979.000000	0.005377
978.000000	0.005382
977.000000	0.005373
976.000000	0.005338
975.000000	0.005324
974.000000	0.005346
973.000000	0.005361
972.000000	0.005346
971.000000	0.005338
970.000000	0.005357
969.000000	0.005365
968.000000	0.005352
967.000000	0.005355
966.000000	0.005385
965.000000	0.005392
964.000000	0.005363
963.000000	0.005350
962.000000	0.005379
961.000000	0.005406
960.000000	0.005407
959.000000	0.005419
958.000000	0.005455
957.000000	0.005472
956.000000	0.005450
955.000000	0.005433
954.000000	0.005442
953.000000	0.005437
952.000000	0.005399
951.000000	0.005368
950.000000	0.005361
949.000000	0.005341
948.000000	0.005299
947.000000	0.005282
946.000000	0.005304
945.000000	0.005313
944.000000	0.005287
943.000000	0.005272
942.000000	0.005290
941.000000	0.005300
940.000000	0.005286
939.000000	0.005289
938.000000	0.005325
937.000000	0.005344
936.000000	0.005323
935.000000	0.005306
934.000000	0.005315
933.000000	0.005313
932.000000	0.005283
931.000000	0.005271
930.000000	0.005290
929.000000	0.005295
928.000000	0.005266
927.000000	0.005250
926.000000	0.005265
925.000000	0.005258
924.000000	0.005208
923.000000	0.005163
922.000000	0.005144
921.000000	0.005108
920.000000	0.005040
919.000000	0.004989
918.000000	0.004977
917.000000	0.004953
916.000000	0.004893
915.000000	0.004841
914.000000	0.004819
913.000000	0.004786
912.000000	0.004727
911.000000	0.004691
910.000000	0.004693
909.000000	0.004681
908.000000	0.004636
907.000000	0.004612
906.000000	0.004631
905.000000	0.004637
904.000000	0.004603
903.000000	0.004578
902.000000	0.004590
901.000000	0.004593
900.000000	0.004563
899.000000	0.004548
898.000000	0.004566
897.000000	0.004560
896.000000	0.004508
895.000000	0.004460
894.000000	0.004444
893.000000	0.004412
892.000000	0.004349
891.000000	0.004314
890.000000	0.004337
889.000000	0.004355
888.000000	0.004326
887.000000	0.004289
886.000000	0.004275
885.000000	0.004250
884.000000	0.004204
883.000000	0.004189
882.000000	0.004218
881.000000	0.004229
880.000000	0.004193
879.000000	0.004167
878.000000	0.004174
877.000000	0.004160
876.000000	0.004107
875.000000	0.004081
874.000000	0.004108
873.000000	0.004118
872.000000	0.004075
871.000000	0.004033
870.000000	0.004030
869.000000	0.004018
868.000000	0.003975
867.000000	0.003953
866.000000	0.003973
865.000000	0.003974
864.000000	0.003932
863.000000	0.003904
862.000000	0.003912
861.000000	0.003898
860.000000	0.003839
859.000000	0.003803
858.000000	0.003827
857.000000	0.003851
856.000000	0.003836
855.000000	0.003830
854.000000	0.003860
853.000000	0.003870
852.000000	0.003835
851.000000	0.003809
850.000000	0.003820
849.000000	0.003815
848.000000	0.003767
847.000000	0.003730
846.000000	0.003728
845.000000	0.003711
844.000000	0.003662
843.000000	0.003648
842.000000	0.003690
841.000000	0.003721
840.000000	0.003708
839.000000	0.003709
838.000000	0.003749
837.000000	0.003763
836.000000	0.003729
835.000000	0.003720
834.000000	0.003774
833.000000	0.003825
832.000000	0.003834
831.000000	0.003855
830.000000	0.003917
829.000000	0.003954
828.000000	0.003934
827.000000	0.003923
826.000000	0.003961
825.000000	0.003983
824.000000	0.003957
823.000000	0.003953
822.000000	0.004005
821.000000	0.004045
820.000000	0.004038
819.000000	0.004050
818.000000	0.004113
817.000000	0.004160
816.000000	0.004156
815.000000	0.004160
814.000000	0.004202
813.000000	0.004222
812.000000	0.004201
811.000000	0.004211
810.000000	0.004276
809.000000	0.004316
808.000000	0.004295
807.000000	0.004288
806.000000	0.004339
805.000000	0.004381
804.000000	0.004370
803.000000	0.004365
802.000000	0.004406
801.000000	0.004433
800.000000	0.004411
799.000000	0.004402
798.000000	0.004440
797.000000	0.004467
796.000000	0.004456
795.000000	0.004473
794.000000	0.004543
793.000000	0.004591
792.000000	0.004582
791.000000	0.004590
790.000000	0.004650
789.000000	0.004694
788.000000	0.004689
787.000000	0.004707
786.000000	0.004789
785.000000	0.004866
784.000000	0.004893
783.000000	0.004918
782.000000	0.004973
781.000000	0.005001
780.000000	0.004979
779.000000	0.004980
778.000000	0.005040
777.000000	0.005097
776.000000	0.005110
775.000000	0.005136
774.000000	0.005204
773.000000	0.005255
772.000000	0.005262
771.000000	0.005289
770.000000	0.005358
769.000000	0.005395
768.000000	0.005368
767.000000	0.005353
766.000000	0.005391
765.000000	0.005420
764.000000	0.005405
763.000000	0.005409
762.000000	0.005467
761.000000	0.005510
760.000000	0.005504
759.000000	0.005518
758.000000	0.005590
757.000000	0.005652
756.000000	0.005668
755.000000	0.005693
754.000000	0.005761
753.000000	0.005809
752.000000	0.005810
751.000000	0.005829
750.000000	0.005889
749.000000	0.005914
748.000000	0.005876
747.000000	0.005858
746.000000	0.005905
745.000000	0.005948
744.000000	0.005944
743.000000	0.005955
742.000000	0.006011
741.000000	0.006044
740.000000	0.006019
739.000000	0.006010
738.000000	0.006050
737.000000	0.006068
736.000000	0.006041
735.000000	0.006056
734.000000	0.006146
733.000000	0.006222
732.000000	0.006227
731.000000	0.006232
730.000000	0.006287
729.000000	0.006335
728.000000	0.006341
727.000000	0.006379
726.000000	0.006480
725.000000	0.006561
724.000000	0.006580
723.000000	0.006622
722.000000	0.006743
721.000000	0.006871
720.000000	0.006943
719.000000	0.007013
718.000000	0.007119
717.000000	0.007199
716.000000	0.007225
715.000000	0.007279
714.000000	0.007399
713.000000	0.007510
712.000000	0.007568
711.000000	0.007649
710.000000	0.007790
709.000000	0.007909
708.000000	0.007967
707.000000	0.008055
706.000000	0.008231
705.000000	0.008419
704.000000	0.008555
703.000000	0.008693
702.000000	0.008861
701.000000	0.008976
700.000000	0.008995
699.000000	0.009003
698.000000	0.009052
697.000000	0.009075
696.000000	0.009033
695.000000	0.009008
694.000000	0.009044
693.000000	0.009053
692.000000	0.008991
691.000000	0.008945
690.000000	0.008974
689.000000	0.008994
688.000000	0.008952
687.000000	0.008932
686.000000	0.008984
685.000000	0.009022
684.000000	0.008996
683.000000	0.008997
682.000000	0.009069
681.000000	0.009117
680.000000	0.009086
679.000000	0.009067
678.000000	0.009118
677.000000	0.009155
676.000000	0.009131
675.000000	0.009136
674.000000	0.009218
673.000000	0.009282
672.000000	0.009275
671.000000	0.009277
670.000000	0.009330
669.000000	0.009312
668.000000	0.009169
667.000000	0.009103
666.000000	0.009185
665.000000	0.009268
664.000000	0.009271
663.000000	0.009262
662.000000	0.009312
661.000000	0.009367
660.000000	0.009372
659.000000	0.009382
658.000000	0.009435
657.000000	0.009457
656.000000	0.009420
655.000000	0.009424
654.000000	0.009518
653.000000	0.009604
652.000000	0.009620
651.000000	0.009646
650.000000	0.009728
649.000000	0.009769
648.000000	0.009718
647.000000	0.009678
646.000000	0.009720
645.000000	0.009769
644.000000	0.009774
643.000000	0.009818
642.000000	0.009933
641.000000	0.010006
640.000000	0.009981
639.000000	0.009967
638.000000	0.010037
637.000000	0.010102
636.000000	0.010105
635.000000	0.010142
634.000000	0.010256
633.000000	0.010330
632.000000	0.010304
631.000000	0.010295
630.000000	0.010379
629.000000	0.010447
628.000000	0.010423
627.000000	0.010407
626.000000	0.010474
625.000000	0.010525
624.000000	0.010489
623.000000	0.010464
622.000000	0.010517
621.000000	0.010549
620.000000	0.010494
619.000000	0.010453
618.000000	0.010482
617.000000	0.010462
616.000000	0.010335
615.000000	0.010242
614.000000	0.010275
613.000000	0.010315
612.000000	0.010267
611.000000	0.010224
610.000000	0.010252
609.000000	0.010241
608.000000	0.010128
607.000000	0.010049
606.000000	0.010086
605.000000	0.010111
604.000000	0.010035
603.000000	0.009979
602.000000	0.010023
601.000000	0.010039
600.000000	0.009952
599.000000	0.009907
598.000000	0.009997
597.000000	0.010074
596.000000	0.010025
595.000000	0.009976
594.000000	0.010033
593.000000	0.010087
592.000000	0.010043
591.000000	0.010016
590.000000	0.010097
589.000000	0.010163
588.000000	0.010130
587.000000	0.010120
586.000000	0.010215
585.000000	0.010279
584.000000	0.010225
583.000000	0.010188
582.000000	0.010246
581.000000	0.010258
580.000000	0.010152
579.000000	0.010102
578.000000	0.010211
577.000000	0.010305
576.000000	0.010263
575.000000	0.010230
574.000000	0.010318
573.000000	0.010378
572.000000	0.010311
571.000000	0.010284
570.000000	0.010410
569.000000	0.010528
568.000000	0.010520
567.000000	0.010538
566.000000	0.010683
565.000000	0.010783
564.000000	0.010720
563.000000	0.010674
562.000000	0.010779
561.000000	0.010883
560.000000	0.010858
559.000000	0.010849
558.000000	0.010957
557.000000	0.011013
556.000000	0.010921
555.000000	0.010869
554.000000	0.010984
553.000000	0.011087
552.000000	0.011057
551.000000	0.011071
550.000000	0.011234
549.000000	0.011342
548.000000	0.011272
547.000000	0.011234
546.000000	0.011381
545.000000	0.011536
544.000000	0.011572
543.000000	0.011673
542.000000	0.011940
541.000000	0.012136
540.000000	0.012101
539.000000	0.012046
538.000000	0.012154
537.000000	0.012263
536.000000	0.012235
535.000000	0.012245
534.000000	0.012406
533.000000	0.012511
532.000000	0.012434
531.000000	0.012394
530.000000	0.012539
529.000000	0.012656
528.000000	0.012591
527.000000	0.012556
526.000000	0.012724
525.000000	0.012883
524.000000	0.012861
523.000000	0.012848
522.000000	0.012981
521.000000	0.013041
520.000000	0.012878
519.000000	0.012732
518.000000	0.012800
517.000000	0.012891
516.000000	0.012848
515.000000	0.012870
514.000000	0.013069
513.000000	0.013189
512.000000	0.013063
511.000000	0.012930
510.000000	0.012972
509.000000	0.012989
508.000000	0.012841
507.000000	0.012773
506.000000	0.012942
505.000000	0.013075
504.000000	0.012980
503.000000	0.012889
502.000000	0.012984
501.000000	0.013026
500.000000	0.012867
499.000000	0.012782
498.000000	0.012936
497.000000	0.013030
496.000000	0.012853
495.000000	0.012677
494.000000	0.012739
493.000000	0.012822
492.000000	0.012733
491.000000	0.012705
490.000000	0.012893
489.000000	0.013014
488.000000	0.012900
487.000000	0.012855
486.000000	0.013069
485.000000	0.013211
484.000000	0.013052
483.000000	0.012927
482.000000	0.013093
481.000000	0.013232
480.000000	0.013079
479.000000	0.012920
478.000000	0.012999
477.000000	0.013025
476.000000	0.012781
475.000000	0.012603
474.000000	0.012737
473.000000	0.012838
472.000000	0.012662
471.000000	0.012589
470.000000	0.012847
469.000000	0.013009
468.000000	0.012804
467.000000	0.012653
466.000000	0.012850
465.000000	0.012994
464.000000	0.012814
463.000000	0.012737
462.000000	0.013026
461.000000	0.013179
460.000000	0.012829
459.000000	0.012447
458.000000	0.012493
457.000000	0.012604
456.000000	0.012414
455.000000	0.012295
454.000000	0.012511
453.000000	0.012631
452.000000	0.012369
451.000000	0.012179
450.000000	0.012381
449.000000	0.012532
448.000000	0.012316
447.000000	0.012153
446.000000	0.012316
445.000000	0.012340
444.000000	0.011965
443.000000	0.011745
442.000000	0.012005
441.000000	0.012141
440.000000	0.011739
439.000000	0.011335
438.000000	0.011360
437.000000	0.011361
436.000000	0.010987
435.000000	0.010785
434.000000	0.011094
433.000000	0.011248
432.000000	0.010763
431.000000	0.010267
430.000000	0.010344
429.000000	0.010496
428.000000	0.010203
427.000000	0.009949
426.000000	0.010185
425.000000	0.010335
424.000000	0.009923
423.000000	0.009611
422.000000	0.009911
421.000000	0.010051
420.000000	0.009376
419.000000	0.008860
418.000000	0.009470
417.000000	0.010121
416.000000	0.009868
415.000000	0.009455
414.000000	0.009545
413.000000	0.009504
412.000000	0.008937
411.000000	0.008883
410.000000	0.009926
409.000000	0.010754
408.000000	0.010380
407.000000	0.009947
406.000000	0.010494
405.000000	0.010871
404.000000	0.009998
403.000000	0.009053
402.000000	0.009257
401.000000	0.009409
400.000000	0.008235
