PE IR       SUBTECH     SPECTRUM    ASCII       PEDS        4.00        
   -1
4_8_24 BW ECS Inner 3.ASC
24/04/08
18:03:35.00
24/04/08
18:03:47.00
Yarger Lab
Sample 084 By YargerLab Date Monday, April 08 2024
400.000000
#HDR
-1
-1
#GR
cm-1
A
1.0
0.0
4500.000000
-1.000000
4101
8
0.074958
0.006964
#DATA
4500.000000	0.010791
4499.000000	0.010776
4498.000000	0.010778
4497.000000	0.010791
4496.000000	0.010810
4495.000000	0.010834
4494.000000	0.010858
4493.000000	0.010876
4492.000000	0.010884
4491.000000	0.010876
4490.000000	0.010846
4489.000000	0.010797
4488.000000	0.010746
4487.000000	0.010708
4486.000000	0.010682
4485.000000	0.010665
4484.000000	0.010657
4483.000000	0.010664
4482.000000	0.010682
4481.000000	0.010710
4480.000000	0.010750
4479.000000	0.010800
4478.000000	0.010847
4477.000000	0.010877
4476.000000	0.010882
4475.000000	0.010860
4474.000000	0.010817
4473.000000	0.010772
4472.000000	0.010751
4471.000000	0.010766
4470.000000	0.010806
4469.000000	0.010848
4468.000000	0.010874
4467.000000	0.010878
4466.000000	0.010860
4465.000000	0.010829
4464.000000	0.010796
4463.000000	0.010763
4462.000000	0.010724
4461.000000	0.010679
4460.000000	0.010638
4459.000000	0.010616
4458.000000	0.010621
4457.000000	0.010656
4456.000000	0.010722
4455.000000	0.010804
4454.000000	0.010871
4453.000000	0.010900
4452.000000	0.010891
4451.000000	0.010864
4450.000000	0.010840
4449.000000	0.010831
4448.000000	0.010839
4447.000000	0.010852
4446.000000	0.010854
4445.000000	0.010841
4444.000000	0.010822
4443.000000	0.010806
4442.000000	0.010787
4441.000000	0.010761
4440.000000	0.010739
4439.000000	0.010731
4438.000000	0.010739
4437.000000	0.010755
4436.000000	0.010777
4435.000000	0.010806
4434.000000	0.010838
4433.000000	0.010868
4432.000000	0.010894
4431.000000	0.010913
4430.000000	0.010918
4429.000000	0.010911
4428.000000	0.010905
4427.000000	0.010908
4426.000000	0.010912
4425.000000	0.010900
4424.000000	0.010871
4423.000000	0.010836
4422.000000	0.010808
4421.000000	0.010799
4420.000000	0.010811
4419.000000	0.010839
4418.000000	0.010862
4417.000000	0.010868
4416.000000	0.010861
4415.000000	0.010855
4414.000000	0.010855
4413.000000	0.010858
4412.000000	0.010856
4411.000000	0.010845
4410.000000	0.010821
4409.000000	0.010791
4408.000000	0.010767
4407.000000	0.010757
4406.000000	0.010758
4405.000000	0.010766
4404.000000	0.010784
4403.000000	0.010819
4402.000000	0.010868
4401.000000	0.010918
4400.000000	0.010956
4399.000000	0.010978
4398.000000	0.010981
4397.000000	0.010971
4396.000000	0.010956
4395.000000	0.010943
4394.000000	0.010932
4393.000000	0.010926
4392.000000	0.010923
4391.000000	0.010918
4390.000000	0.010901
4389.000000	0.010869
4388.000000	0.010835
4387.000000	0.010816
4386.000000	0.010811
4385.000000	0.010810
4384.000000	0.010804
4383.000000	0.010797
4382.000000	0.010799
4381.000000	0.010820
4380.000000	0.010860
4379.000000	0.010905
4378.000000	0.010938
4377.000000	0.010948
4376.000000	0.010945
4375.000000	0.010938
4374.000000	0.010930
4373.000000	0.010921
4372.000000	0.010915
4371.000000	0.010915
4370.000000	0.010919
4369.000000	0.010922
4368.000000	0.010922
4367.000000	0.010917
4366.000000	0.010905
4365.000000	0.010887
4364.000000	0.010869
4363.000000	0.010857
4362.000000	0.010853
4361.000000	0.010858
4360.000000	0.010877
4359.000000	0.010906
4358.000000	0.010934
4357.000000	0.010946
4356.000000	0.010945
4355.000000	0.010936
4354.000000	0.010928
4353.000000	0.010921
4352.000000	0.010913
4351.000000	0.010901
4350.000000	0.010885
4349.000000	0.010873
4348.000000	0.010872
4347.000000	0.010888
4346.000000	0.010911
4345.000000	0.010931
4344.000000	0.010944
4343.000000	0.010948
4342.000000	0.010947
4341.000000	0.010947
4340.000000	0.010957
4339.000000	0.010976
4338.000000	0.010989
4337.000000	0.010983
4336.000000	0.010960
4335.000000	0.010937
4334.000000	0.010926
4333.000000	0.010928
4332.000000	0.010933
4331.000000	0.010929
4330.000000	0.010912
4329.000000	0.010892
4328.000000	0.010884
4327.000000	0.010895
4326.000000	0.010920
4325.000000	0.010950
4324.000000	0.010979
4323.000000	0.011005
4322.000000	0.011021
4321.000000	0.011022
4320.000000	0.011007
4319.000000	0.010981
4318.000000	0.010947
4317.000000	0.010913
4316.000000	0.010888
4315.000000	0.010875
4314.000000	0.010866
4313.000000	0.010853
4312.000000	0.010834
4311.000000	0.010816
4310.000000	0.010803
4309.000000	0.010796
4308.000000	0.010794
4307.000000	0.010798
4306.000000	0.010805
4305.000000	0.010815
4304.000000	0.010832
4303.000000	0.010857
4302.000000	0.010884
4301.000000	0.010908
4300.000000	0.010923
4299.000000	0.010934
4298.000000	0.010945
4297.000000	0.010961
4296.000000	0.010981
4295.000000	0.010997
4294.000000	0.010998
4293.000000	0.010979
4292.000000	0.010951
4291.000000	0.010925
4290.000000	0.010903
4289.000000	0.010885
4288.000000	0.010867
4287.000000	0.010850
4286.000000	0.010831
4285.000000	0.010812
4284.000000	0.010799
4283.000000	0.010799
4282.000000	0.010812
4281.000000	0.010831
4280.000000	0.010852
4279.000000	0.010867
4278.000000	0.010870
4277.000000	0.010860
4276.000000	0.010842
4275.000000	0.010831
4274.000000	0.010838
4273.000000	0.010868
4272.000000	0.010919
4271.000000	0.010982
4270.000000	0.011036
4269.000000	0.011063
4268.000000	0.011056
4267.000000	0.011017
4266.000000	0.010960
4265.000000	0.010908
4264.000000	0.010883
4263.000000	0.010892
4262.000000	0.010919
4261.000000	0.010945
4260.000000	0.010956
4259.000000	0.010954
4258.000000	0.010945
4257.000000	0.010939
4256.000000	0.010941
4255.000000	0.010955
4254.000000	0.010976
4253.000000	0.011001
4252.000000	0.011022
4251.000000	0.011030
4250.000000	0.011014
4249.000000	0.010978
4248.000000	0.010934
4247.000000	0.010902
4246.000000	0.010888
4245.000000	0.010890
4244.000000	0.010905
4243.000000	0.010923
4242.000000	0.010937
4241.000000	0.010935
4240.000000	0.010917
4239.000000	0.010890
4238.000000	0.010872
4237.000000	0.010877
4236.000000	0.010909
4235.000000	0.010955
4234.000000	0.010992
4233.000000	0.011004
4232.000000	0.010989
4231.000000	0.010961
4230.000000	0.010931
4229.000000	0.010907
4228.000000	0.010892
4227.000000	0.010885
4226.000000	0.010881
4225.000000	0.010876
4224.000000	0.010867
4223.000000	0.010855
4222.000000	0.010841
4221.000000	0.010830
4220.000000	0.010830
4219.000000	0.010845
4218.000000	0.010873
4217.000000	0.010905
4216.000000	0.010933
4215.000000	0.010950
4214.000000	0.010953
4213.000000	0.010943
4212.000000	0.010926
4211.000000	0.010908
4210.000000	0.010890
4209.000000	0.010872
4208.000000	0.010860
4207.000000	0.010861
4206.000000	0.010881
4205.000000	0.010915
4204.000000	0.010956
4203.000000	0.010995
4202.000000	0.011019
4201.000000	0.011023
4200.000000	0.011010
4199.000000	0.010984
4198.000000	0.010952
4197.000000	0.010919
4196.000000	0.010890
4195.000000	0.010869
4194.000000	0.010858
4193.000000	0.010857
4192.000000	0.010871
4191.000000	0.010898
4190.000000	0.010932
4189.000000	0.010962
4188.000000	0.010982
4187.000000	0.010991
4186.000000	0.010990
4185.000000	0.010977
4184.000000	0.010955
4183.000000	0.010929
4182.000000	0.010909
4181.000000	0.010904
4180.000000	0.010920
4179.000000	0.010952
4178.000000	0.010983
4177.000000	0.010992
4176.000000	0.010970
4175.000000	0.010925
4174.000000	0.010877
4173.000000	0.010841
4172.000000	0.010824
4171.000000	0.010823
4170.000000	0.010833
4169.000000	0.010853
4168.000000	0.010886
4167.000000	0.010926
4166.000000	0.010961
4165.000000	0.010984
4164.000000	0.010993
4163.000000	0.010991
4162.000000	0.010980
4161.000000	0.010962
4160.000000	0.010941
4159.000000	0.010921
4158.000000	0.010903
4157.000000	0.010886
4156.000000	0.010870
4155.000000	0.010856
4154.000000	0.010847
4153.000000	0.010848
4152.000000	0.010865
4151.000000	0.010894
4150.000000	0.010925
4149.000000	0.010945
4148.000000	0.010947
4147.000000	0.010931
4146.000000	0.010902
4145.000000	0.010869
4144.000000	0.010842
4143.000000	0.010829
4142.000000	0.010829
4141.000000	0.010835
4140.000000	0.010844
4139.000000	0.010852
4138.000000	0.010860
4137.000000	0.010863
4136.000000	0.010860
4135.000000	0.010849
4134.000000	0.010838
4133.000000	0.010832
4132.000000	0.010836
4131.000000	0.010850
4130.000000	0.010868
4129.000000	0.010884
4128.000000	0.010894
4127.000000	0.010898
4126.000000	0.010903
4125.000000	0.010915
4124.000000	0.010933
4123.000000	0.010947
4122.000000	0.010947
4121.000000	0.010931
4120.000000	0.010914
4119.000000	0.010914
4118.000000	0.010932
4117.000000	0.010955
4116.000000	0.010965
4115.000000	0.010960
4114.000000	0.010949
4113.000000	0.010948
4112.000000	0.010959
4111.000000	0.010971
4110.000000	0.010970
4109.000000	0.010953
4108.000000	0.010930
4107.000000	0.010915
4106.000000	0.010913
4105.000000	0.010923
4104.000000	0.010940
4103.000000	0.010960
4102.000000	0.010979
4101.000000	0.010988
4100.000000	0.010984
4099.000000	0.010968
4098.000000	0.010946
4097.000000	0.010929
4096.000000	0.010921
4095.000000	0.010922
4094.000000	0.010924
4093.000000	0.010924
4092.000000	0.010926
4091.000000	0.010936
4090.000000	0.010953
4089.000000	0.010972
4088.000000	0.010982
4087.000000	0.010974
4086.000000	0.010949
4085.000000	0.010917
4084.000000	0.010890
4083.000000	0.010880
4082.000000	0.010886
4081.000000	0.010906
4080.000000	0.010935
4079.000000	0.010972
4078.000000	0.011011
4077.000000	0.011041
4076.000000	0.011051
4075.000000	0.011038
4074.000000	0.011008
4073.000000	0.010970
4072.000000	0.010935
4071.000000	0.010910
4070.000000	0.010897
4069.000000	0.010895
4068.000000	0.010901
4067.000000	0.010916
4066.000000	0.010940
4065.000000	0.010974
4064.000000	0.011012
4063.000000	0.011042
4062.000000	0.011056
4061.000000	0.011056
4060.000000	0.011056
4059.000000	0.011062
4058.000000	0.011074
4057.000000	0.011076
4056.000000	0.011058
4055.000000	0.011021
4054.000000	0.010973
4053.000000	0.010933
4052.000000	0.010913
4051.000000	0.010915
4050.000000	0.010931
4049.000000	0.010948
4048.000000	0.010958
4047.000000	0.010962
4046.000000	0.010964
4045.000000	0.010963
4044.000000	0.010957
4043.000000	0.010948
4042.000000	0.010943
4041.000000	0.010949
4040.000000	0.010962
4039.000000	0.010975
4038.000000	0.010977
4037.000000	0.010966
4036.000000	0.010946
4035.000000	0.010920
4034.000000	0.010890
4033.000000	0.010863
4032.000000	0.010851
4031.000000	0.010863
4030.000000	0.010892
4029.000000	0.010923
4028.000000	0.010936
4027.000000	0.010929
4026.000000	0.010911
4025.000000	0.010897
4024.000000	0.010897
4023.000000	0.010913
4022.000000	0.010938
4021.000000	0.010961
4020.000000	0.010972
4019.000000	0.010967
4018.000000	0.010950
4017.000000	0.010933
4016.000000	0.010927
4015.000000	0.010934
4014.000000	0.010945
4013.000000	0.010949
4012.000000	0.010944
4011.000000	0.010933
4010.000000	0.010922
4009.000000	0.010916
4008.000000	0.010920
4007.000000	0.010936
4006.000000	0.010964
4005.000000	0.010995
4004.000000	0.011018
4003.000000	0.011028
4002.000000	0.011026
4001.000000	0.011012
4000.000000	0.010987
3999.000000	0.010951
3998.000000	0.010909
3997.000000	0.010871
3996.000000	0.010849
3995.000000	0.010844
3994.000000	0.010854
3993.000000	0.010872
3992.000000	0.010893
3991.000000	0.010914
3990.000000	0.010931
3989.000000	0.010943
3988.000000	0.010946
3987.000000	0.010943
3986.000000	0.010932
3985.000000	0.010916
3984.000000	0.010897
3983.000000	0.010882
3982.000000	0.010881
3981.000000	0.010898
3980.000000	0.010924
3979.000000	0.010945
3978.000000	0.010951
3977.000000	0.010944
3976.000000	0.010934
3975.000000	0.010930
3974.000000	0.010932
3973.000000	0.010931
3972.000000	0.010920
3971.000000	0.010902
3970.000000	0.010888
3969.000000	0.010889
3968.000000	0.010905
3967.000000	0.010928
3966.000000	0.010948
3965.000000	0.010961
3964.000000	0.010970
3963.000000	0.010981
3962.000000	0.010996
3961.000000	0.011011
3960.000000	0.011018
3959.000000	0.011015
3958.000000	0.011007
3957.000000	0.011005
3956.000000	0.011017
3955.000000	0.011037
3954.000000	0.011052
3953.000000	0.011053
3952.000000	0.011034
3951.000000	0.011007
3950.000000	0.010982
3949.000000	0.010970
3948.000000	0.010968
3947.000000	0.010967
3946.000000	0.010959
3945.000000	0.010943
3944.000000	0.010925
3943.000000	0.010913
3942.000000	0.010908
3941.000000	0.010902
3940.000000	0.010885
3939.000000	0.010858
3938.000000	0.010834
3937.000000	0.010831
3936.000000	0.010854
3935.000000	0.010896
3934.000000	0.010943
3933.000000	0.010982
3932.000000	0.011003
3931.000000	0.011000
3930.000000	0.010974
3929.000000	0.010940
3928.000000	0.010914
3927.000000	0.010908
3926.000000	0.010923
3925.000000	0.010949
3924.000000	0.010966
3923.000000	0.010964
3922.000000	0.010944
3921.000000	0.010919
3920.000000	0.010904
3919.000000	0.010904
3918.000000	0.010914
3917.000000	0.010926
3916.000000	0.010931
3915.000000	0.010928
3914.000000	0.010920
3913.000000	0.010908
3912.000000	0.010898
3911.000000	0.010891
3910.000000	0.010891
3909.000000	0.010897
3908.000000	0.010905
3907.000000	0.010913
3906.000000	0.010925
3905.000000	0.010943
3904.000000	0.010963
3903.000000	0.010975
3902.000000	0.010973
3901.000000	0.010962
3900.000000	0.010954
3899.000000	0.010951
3898.000000	0.010940
3897.000000	0.010912
3896.000000	0.010872
3895.000000	0.010837
3894.000000	0.010831
3893.000000	0.010864
3892.000000	0.010921
3891.000000	0.010972
3890.000000	0.010996
3889.000000	0.010997
3888.000000	0.010988
3887.000000	0.010980
3886.000000	0.010975
3885.000000	0.010974
3884.000000	0.010973
3883.000000	0.010969
3882.000000	0.010958
3881.000000	0.010942
3880.000000	0.010922
3879.000000	0.010901
3878.000000	0.010886
3877.000000	0.010876
3876.000000	0.010866
3875.000000	0.010859
3874.000000	0.010863
3873.000000	0.010884
3872.000000	0.010916
3871.000000	0.010950
3870.000000	0.010984
3869.000000	0.011019
3868.000000	0.011050
3867.000000	0.011063
3866.000000	0.011037
3865.000000	0.010977
3864.000000	0.010908
3863.000000	0.010855
3862.000000	0.010826
3861.000000	0.010811
3860.000000	0.010799
3859.000000	0.010792
3858.000000	0.010797
3857.000000	0.010821
3856.000000	0.010858
3855.000000	0.010897
3854.000000	0.010930
3853.000000	0.010948
3852.000000	0.010943
3851.000000	0.010921
3850.000000	0.010889
3849.000000	0.010852
3848.000000	0.010811
3847.000000	0.010772
3846.000000	0.010743
3845.000000	0.010732
3844.000000	0.010741
3843.000000	0.010764
3842.000000	0.010796
3841.000000	0.010830
3840.000000	0.010863
3839.000000	0.010895
3838.000000	0.010918
3837.000000	0.010928
3836.000000	0.010921
3835.000000	0.010907
3834.000000	0.010895
3833.000000	0.010888
3832.000000	0.010877
3831.000000	0.010853
3830.000000	0.010820
3829.000000	0.010790
3828.000000	0.010772
3827.000000	0.010766
3826.000000	0.010775
3825.000000	0.010803
3824.000000	0.010850
3823.000000	0.010899
3822.000000	0.010925
3821.000000	0.010912
3820.000000	0.010865
3819.000000	0.010810
3818.000000	0.010772
3817.000000	0.010758
3816.000000	0.010749
3815.000000	0.010724
3814.000000	0.010681
3813.000000	0.010630
3812.000000	0.010586
3811.000000	0.010556
3810.000000	0.010544
3809.000000	0.010545
3808.000000	0.010556
3807.000000	0.010581
3806.000000	0.010624
3805.000000	0.010684
3804.000000	0.010741
3803.000000	0.010777
3802.000000	0.010786
3801.000000	0.010778
3800.000000	0.010765
3799.000000	0.010745
3798.000000	0.010716
3797.000000	0.010676
3796.000000	0.010629
3795.000000	0.010581
3794.000000	0.010539
3793.000000	0.010512
3792.000000	0.010500
3791.000000	0.010501
3790.000000	0.010508
3789.000000	0.010520
3788.000000	0.010535
3787.000000	0.010553
3786.000000	0.010575
3785.000000	0.010600
3784.000000	0.010624
3783.000000	0.010642
3782.000000	0.010649
3781.000000	0.010643
3780.000000	0.010622
3779.000000	0.010587
3778.000000	0.010548
3777.000000	0.010518
3776.000000	0.010501
3775.000000	0.010497
3774.000000	0.010502
3773.000000	0.010512
3772.000000	0.010524
3771.000000	0.010537
3770.000000	0.010552
3769.000000	0.010571
3768.000000	0.010589
3767.000000	0.010595
3766.000000	0.010580
3765.000000	0.010543
3764.000000	0.010496
3763.000000	0.010458
3762.000000	0.010441
3761.000000	0.010450
3760.000000	0.010480
3759.000000	0.010516
3758.000000	0.010540
3757.000000	0.010545
3756.000000	0.010536
3755.000000	0.010525
3754.000000	0.010527
3753.000000	0.010550
3752.000000	0.010589
3751.000000	0.010623
3750.000000	0.010633
3749.000000	0.010626
3748.000000	0.010623
3747.000000	0.010633
3746.000000	0.010650
3745.000000	0.010661
3744.000000	0.010658
3743.000000	0.010652
3742.000000	0.010655
3741.000000	0.010671
3740.000000	0.010690
3739.000000	0.010704
3738.000000	0.010707
3737.000000	0.010695
3736.000000	0.010673
3735.000000	0.010644
3734.000000	0.010614
3733.000000	0.010588
3732.000000	0.010573
3731.000000	0.010568
3730.000000	0.010569
3729.000000	0.010563
3728.000000	0.010540
3727.000000	0.010504
3726.000000	0.010472
3725.000000	0.010460
3724.000000	0.010468
3723.000000	0.010476
3722.000000	0.010466
3721.000000	0.010434
3720.000000	0.010393
3719.000000	0.010365
3718.000000	0.010360
3717.000000	0.010375
3716.000000	0.010397
3715.000000	0.010417
3714.000000	0.010435
3713.000000	0.010460
3712.000000	0.010492
3711.000000	0.010523
3710.000000	0.010538
3709.000000	0.010536
3708.000000	0.010520
3707.000000	0.010493
3706.000000	0.010454
3705.000000	0.010402
3704.000000	0.010345
3703.000000	0.010299
3702.000000	0.010278
3701.000000	0.010285
3700.000000	0.010308
3699.000000	0.010328
3698.000000	0.010335
3697.000000	0.010328
3696.000000	0.010320
3695.000000	0.010322
3694.000000	0.010338
3693.000000	0.010354
3692.000000	0.010357
3691.000000	0.010350
3690.000000	0.010348
3689.000000	0.010351
3688.000000	0.010339
3687.000000	0.010298
3686.000000	0.010235
3685.000000	0.010171
3684.000000	0.010127
3683.000000	0.010113
3682.000000	0.010127
3681.000000	0.010155
3680.000000	0.010184
3679.000000	0.010213
3678.000000	0.010253
3677.000000	0.010312
3676.000000	0.010383
3675.000000	0.010442
3674.000000	0.010474
3673.000000	0.010481
3672.000000	0.010471
3671.000000	0.010445
3670.000000	0.010416
3669.000000	0.010388
3668.000000	0.010364
3667.000000	0.010344
3666.000000	0.010334
3665.000000	0.010332
3664.000000	0.010329
3663.000000	0.010320
3662.000000	0.010309
3661.000000	0.010305
3660.000000	0.010315
3659.000000	0.010333
3658.000000	0.010354
3657.000000	0.010377
3656.000000	0.010409
3655.000000	0.010457
3654.000000	0.010516
3653.000000	0.010570
3652.000000	0.010596
3651.000000	0.010582
3650.000000	0.010548
3649.000000	0.010518
3648.000000	0.010498
3647.000000	0.010485
3646.000000	0.010483
3645.000000	0.010493
3644.000000	0.010509
3643.000000	0.010521
3642.000000	0.010525
3641.000000	0.010526
3640.000000	0.010533
3639.000000	0.010551
3638.000000	0.010579
3637.000000	0.010609
3636.000000	0.010633
3635.000000	0.010657
3634.000000	0.010692
3633.000000	0.010745
3632.000000	0.010805
3631.000000	0.010853
3630.000000	0.010878
3629.000000	0.010880
3628.000000	0.010858
3627.000000	0.010824
3626.000000	0.010801
3625.000000	0.010803
3624.000000	0.010824
3623.000000	0.010849
3622.000000	0.010869
3621.000000	0.010886
3620.000000	0.010901
3619.000000	0.010909
3618.000000	0.010905
3617.000000	0.010898
3616.000000	0.010903
3615.000000	0.010929
3614.000000	0.010978
3613.000000	0.011043
3612.000000	0.011109
3611.000000	0.011164
3610.000000	0.011196
3609.000000	0.011199
3608.000000	0.011173
3607.000000	0.011131
3606.000000	0.011099
3605.000000	0.011099
3604.000000	0.011126
3603.000000	0.011157
3602.000000	0.011172
3601.000000	0.011172
3600.000000	0.011172
3599.000000	0.011184
3598.000000	0.011208
3597.000000	0.011239
3596.000000	0.011275
3595.000000	0.011316
3594.000000	0.011363
3593.000000	0.011410
3592.000000	0.011451
3591.000000	0.011485
3590.000000	0.011515
3589.000000	0.011540
3588.000000	0.011557
3587.000000	0.011566
3586.000000	0.011569
3585.000000	0.011576
3584.000000	0.011588
3583.000000	0.011599
3582.000000	0.011606
3581.000000	0.011612
3580.000000	0.011621
3579.000000	0.011634
3578.000000	0.011647
3577.000000	0.011663
3576.000000	0.011692
3575.000000	0.011737
3574.000000	0.011792
3573.000000	0.011848
3572.000000	0.011897
3571.000000	0.011944
3570.000000	0.011995
3569.000000	0.012052
3568.000000	0.012109
3567.000000	0.012164
3566.000000	0.012209
3565.000000	0.012240
3564.000000	0.012254
3563.000000	0.012247
3562.000000	0.012225
3561.000000	0.012200
3560.000000	0.012187
3559.000000	0.012196
3558.000000	0.012229
3557.000000	0.012281
3556.000000	0.012337
3555.000000	0.012381
3554.000000	0.012407
3553.000000	0.012418
3552.000000	0.012425
3551.000000	0.012438
3550.000000	0.012463
3549.000000	0.012496
3548.000000	0.012530
3547.000000	0.012564
3546.000000	0.012603
3545.000000	0.012647
3544.000000	0.012683
3543.000000	0.012703
3542.000000	0.012716
3541.000000	0.012736
3540.000000	0.012768
3539.000000	0.012803
3538.000000	0.012830
3537.000000	0.012846
3536.000000	0.012860
3535.000000	0.012882
3534.000000	0.012921
3533.000000	0.012976
3532.000000	0.013035
3531.000000	0.013081
3530.000000	0.013106
3529.000000	0.013111
3528.000000	0.013110
3527.000000	0.013118
3526.000000	0.013144
3525.000000	0.013180
3524.000000	0.013213
3523.000000	0.013243
3522.000000	0.013285
3521.000000	0.013345
3520.000000	0.013413
3519.000000	0.013476
3518.000000	0.013532
3517.000000	0.013590
3516.000000	0.013649
3515.000000	0.013698
3514.000000	0.013731
3513.000000	0.013747
3512.000000	0.013749
3511.000000	0.013743
3510.000000	0.013740
3509.000000	0.013752
3508.000000	0.013781
3507.000000	0.013821
3506.000000	0.013865
3505.000000	0.013907
3504.000000	0.013947
3503.000000	0.013990
3502.000000	0.014043
3501.000000	0.014110
3500.000000	0.014181
3499.000000	0.014240
3498.000000	0.014280
3497.000000	0.014309
3496.000000	0.014338
3495.000000	0.014370
3494.000000	0.014406
3493.000000	0.014440
3492.000000	0.014470
3491.000000	0.014498
3490.000000	0.014534
3489.000000	0.014579
3488.000000	0.014630
3487.000000	0.014680
3486.000000	0.014732
3485.000000	0.014785
3484.000000	0.014836
3483.000000	0.014876
3482.000000	0.014908
3481.000000	0.014940
3480.000000	0.014979
3479.000000	0.015024
3478.000000	0.015070
3477.000000	0.015118
3476.000000	0.015165
3475.000000	0.015212
3474.000000	0.015259
3473.000000	0.015307
3472.000000	0.015353
3471.000000	0.015396
3470.000000	0.015443
3469.000000	0.015502
3468.000000	0.015572
3467.000000	0.015643
3466.000000	0.015705
3465.000000	0.015754
3464.000000	0.015786
3463.000000	0.015804
3462.000000	0.015819
3461.000000	0.015842
3460.000000	0.015876
3459.000000	0.015911
3458.000000	0.015943
3457.000000	0.015978
3456.000000	0.016021
3455.000000	0.016070
3454.000000	0.016113
3453.000000	0.016144
3452.000000	0.016172
3451.000000	0.016207
3450.000000	0.016260
3449.000000	0.016327
3448.000000	0.016393
3447.000000	0.016446
3446.000000	0.016484
3445.000000	0.016514
3444.000000	0.016544
3443.000000	0.016581
3442.000000	0.016627
3441.000000	0.016685
3440.000000	0.016751
3439.000000	0.016819
3438.000000	0.016879
3437.000000	0.016927
3436.000000	0.016960
3435.000000	0.016984
3434.000000	0.017009
3433.000000	0.017043
3432.000000	0.017088
3431.000000	0.017136
3430.000000	0.017175
3429.000000	0.017203
3428.000000	0.017223
3427.000000	0.017245
3426.000000	0.017281
3425.000000	0.017340
3424.000000	0.017424
3423.000000	0.017523
3422.000000	0.017621
3421.000000	0.017697
3420.000000	0.017742
3419.000000	0.017765
3418.000000	0.017784
3417.000000	0.017818
3416.000000	0.017868
3415.000000	0.017924
3414.000000	0.017975
3413.000000	0.018013
3412.000000	0.018039
3411.000000	0.018061
3410.000000	0.018092
3409.000000	0.018135
3408.000000	0.018182
3407.000000	0.018223
3406.000000	0.018259
3405.000000	0.018306
3404.000000	0.018373
3403.000000	0.018450
3402.000000	0.018521
3401.000000	0.018577
3400.000000	0.018618
3399.000000	0.018647
3398.000000	0.018666
3397.000000	0.018677
3396.000000	0.018689
3395.000000	0.018715
3394.000000	0.018768
3393.000000	0.018845
3392.000000	0.018931
3391.000000	0.019006
3390.000000	0.019064
3389.000000	0.019110
3388.000000	0.019157
3387.000000	0.019213
3386.000000	0.019280
3385.000000	0.019351
3384.000000	0.019414
3383.000000	0.019466
3382.000000	0.019508
3381.000000	0.019548
3380.000000	0.019584
3379.000000	0.019619
3378.000000	0.019667
3377.000000	0.019741
3376.000000	0.019841
3375.000000	0.019944
3374.000000	0.020027
3373.000000	0.020081
3372.000000	0.020113
3371.000000	0.020140
3370.000000	0.020174
3369.000000	0.020226
3368.000000	0.020299
3367.000000	0.020395
3366.000000	0.020508
3365.000000	0.020628
3364.000000	0.020740
3363.000000	0.020834
3362.000000	0.020915
3361.000000	0.020997
3360.000000	0.021091
3359.000000	0.021196
3358.000000	0.021305
3357.000000	0.021410
3356.000000	0.021508
3355.000000	0.021598
3354.000000	0.021682
3353.000000	0.021767
3352.000000	0.021856
3351.000000	0.021955
3350.000000	0.022072
3349.000000	0.022211
3348.000000	0.022363
3347.000000	0.022509
3346.000000	0.022634
3345.000000	0.022737
3344.000000	0.022833
3343.000000	0.022936
3342.000000	0.023053
3341.000000	0.023178
3340.000000	0.023304
3339.000000	0.023427
3338.000000	0.023550
3337.000000	0.023672
3336.000000	0.023797
3335.000000	0.023928
3334.000000	0.024071
3333.000000	0.024221
3332.000000	0.024368
3331.000000	0.024503
3330.000000	0.024631
3329.000000	0.024758
3328.000000	0.024888
3327.000000	0.025026
3326.000000	0.025178
3325.000000	0.025351
3324.000000	0.025540
3323.000000	0.025732
3322.000000	0.025914
3321.000000	0.026078
3320.000000	0.026229
3319.000000	0.026381
3318.000000	0.026552
3317.000000	0.026748
3316.000000	0.026956
3315.000000	0.027159
3314.000000	0.027349
3313.000000	0.027530
3312.000000	0.027711
3311.000000	0.027896
3310.000000	0.028084
3309.000000	0.028273
3308.000000	0.028453
3307.000000	0.028627
3306.000000	0.028811
3305.000000	0.029027
3304.000000	0.029277
3303.000000	0.029540
3302.000000	0.029792
3301.000000	0.030020
3300.000000	0.030230
3299.000000	0.030432
3298.000000	0.030634
3297.000000	0.030839
3296.000000	0.031040
3295.000000	0.031232
3294.000000	0.031420
3293.000000	0.031613
3292.000000	0.031813
3291.000000	0.032013
3290.000000	0.032204
3289.000000	0.032389
3288.000000	0.032578
3287.000000	0.032780
3286.000000	0.032988
3285.000000	0.033180
3284.000000	0.033339
3283.000000	0.033463
3282.000000	0.033570
3281.000000	0.033681
3280.000000	0.033798
3279.000000	0.033905
3278.000000	0.033984
3277.000000	0.034027
3276.000000	0.034049
3275.000000	0.034070
3274.000000	0.034102
3273.000000	0.034139
3272.000000	0.034164
3271.000000	0.034167
3270.000000	0.034151
3269.000000	0.034121
3268.000000	0.034074
3267.000000	0.034003
3266.000000	0.033909
3265.000000	0.033800
3264.000000	0.033686
3263.000000	0.033575
3262.000000	0.033473
3261.000000	0.033379
3260.000000	0.033281
3259.000000	0.033163
3258.000000	0.033014
3257.000000	0.032841
3256.000000	0.032655
3255.000000	0.032473
3254.000000	0.032303
3253.000000	0.032147
3252.000000	0.031996
3251.000000	0.031847
3250.000000	0.031699
3249.000000	0.031557
3248.000000	0.031417
3247.000000	0.031276
3246.000000	0.031132
3245.000000	0.030989
3244.000000	0.030848
3243.000000	0.030712
3242.000000	0.030578
3241.000000	0.030439
3240.000000	0.030285
3239.000000	0.030121
3238.000000	0.029962
3237.000000	0.029814
3236.000000	0.029671
3235.000000	0.029527
3234.000000	0.029392
3233.000000	0.029275
3232.000000	0.029168
3231.000000	0.029052
3230.000000	0.028927
3229.000000	0.028815
3228.000000	0.028729
3227.000000	0.028657
3226.000000	0.028573
3225.000000	0.028463
3224.000000	0.028337
3223.000000	0.028211
3222.000000	0.028087
3221.000000	0.027959
3220.000000	0.027828
3219.000000	0.027704
3218.000000	0.027603
3217.000000	0.027532
3216.000000	0.027481
3215.000000	0.027436
3214.000000	0.027385
3213.000000	0.027320
3212.000000	0.027238
3211.000000	0.027139
3210.000000	0.027035
3209.000000	0.026943
3208.000000	0.026870
3207.000000	0.026812
3206.000000	0.026758
3205.000000	0.026691
3204.000000	0.026596
3203.000000	0.026479
3202.000000	0.026360
3201.000000	0.026257
3200.000000	0.026173
3199.000000	0.026095
3198.000000	0.026016
3197.000000	0.025941
3196.000000	0.025873
3195.000000	0.025811
3194.000000	0.025748
3193.000000	0.025680
3192.000000	0.025608
3191.000000	0.025531
3190.000000	0.025451
3189.000000	0.025371
3188.000000	0.025291
3187.000000	0.025213
3186.000000	0.025133
3185.000000	0.025044
3184.000000	0.024941
3183.000000	0.024824
3182.000000	0.024701
3181.000000	0.024584
3180.000000	0.024477
3179.000000	0.024377
3178.000000	0.024279
3177.000000	0.024184
3176.000000	0.024092
3175.000000	0.024007
3174.000000	0.023928
3173.000000	0.023850
3172.000000	0.023763
3171.000000	0.023665
3170.000000	0.023568
3169.000000	0.023482
3168.000000	0.023407
3167.000000	0.023328
3166.000000	0.023238
3165.000000	0.023138
3164.000000	0.023036
3163.000000	0.022937
3162.000000	0.022845
3161.000000	0.022761
3160.000000	0.022684
3159.000000	0.022610
3158.000000	0.022539
3157.000000	0.022471
3156.000000	0.022407
3155.000000	0.022340
3154.000000	0.022261
3153.000000	0.022166
3152.000000	0.022058
3151.000000	0.021947
3150.000000	0.021851
3149.000000	0.021784
3148.000000	0.021742
3147.000000	0.021706
3146.000000	0.021661
3145.000000	0.021605
3144.000000	0.021547
3143.000000	0.021490
3142.000000	0.021425
3141.000000	0.021348
3140.000000	0.021258
3139.000000	0.021163
3138.000000	0.021074
3137.000000	0.021007
3136.000000	0.020966
3135.000000	0.020943
3134.000000	0.020925
3133.000000	0.020903
3132.000000	0.020880
3131.000000	0.020861
3130.000000	0.020843
3129.000000	0.020813
3128.000000	0.020757
3127.000000	0.020674
3126.000000	0.020583
3125.000000	0.020508
3124.000000	0.020457
3123.000000	0.020423
3122.000000	0.020391
3121.000000	0.020357
3120.000000	0.020328
3119.000000	0.020303
3118.000000	0.020274
3117.000000	0.020235
3116.000000	0.020189
3115.000000	0.020154
3114.000000	0.020147
3113.000000	0.020171
3112.000000	0.020212
3111.000000	0.020252
3110.000000	0.020279
3109.000000	0.020293
3108.000000	0.020295
3107.000000	0.020291
3106.000000	0.020283
3105.000000	0.020268
3104.000000	0.020248
3103.000000	0.020229
3102.000000	0.020223
3101.000000	0.020239
3100.000000	0.020271
3099.000000	0.020297
3098.000000	0.020297
3097.000000	0.020266
3096.000000	0.020219
3095.000000	0.020182
3094.000000	0.020173
3093.000000	0.020195
3092.000000	0.020240
3091.000000	0.020300
3090.000000	0.020367
3089.000000	0.020428
3088.000000	0.020471
3087.000000	0.020488
3086.000000	0.020486
3085.000000	0.020481
3084.000000	0.020480
3083.000000	0.020484
3082.000000	0.020494
3081.000000	0.020514
3080.000000	0.020542
3079.000000	0.020572
3078.000000	0.020601
3077.000000	0.020632
3076.000000	0.020672
3075.000000	0.020719
3074.000000	0.020766
3073.000000	0.020803
3072.000000	0.020818
3071.000000	0.020804
3070.000000	0.020763
3069.000000	0.020708
3068.000000	0.020665
3067.000000	0.020651
3066.000000	0.020674
3065.000000	0.020717
3064.000000	0.020752
3063.000000	0.020753
3062.000000	0.020715
3061.000000	0.020654
3060.000000	0.020591
3059.000000	0.020547
3058.000000	0.020525
3057.000000	0.020518
3056.000000	0.020502
3055.000000	0.020461
3054.000000	0.020398
3053.000000	0.020336
3052.000000	0.020293
3051.000000	0.020264
3050.000000	0.020236
3049.000000	0.020196
3048.000000	0.020139
3047.000000	0.020065
3046.000000	0.019974
3045.000000	0.019878
3044.000000	0.019796
3043.000000	0.019741
3042.000000	0.019716
3041.000000	0.019706
3040.000000	0.019694
3039.000000	0.019671
3038.000000	0.019634
3037.000000	0.019589
3036.000000	0.019538
3035.000000	0.019480
3034.000000	0.019412
3033.000000	0.019337
3032.000000	0.019272
3031.000000	0.019241
3030.000000	0.019249
3029.000000	0.019274
3028.000000	0.019272
3027.000000	0.019216
3026.000000	0.019122
3025.000000	0.019024
3024.000000	0.018947
3023.000000	0.018889
3022.000000	0.018838
3021.000000	0.018790
3020.000000	0.018741
3019.000000	0.018689
3018.000000	0.018631
3017.000000	0.018568
3016.000000	0.018505
3015.000000	0.018444
3014.000000	0.018386
3013.000000	0.018339
3012.000000	0.018316
3011.000000	0.018320
3010.000000	0.018333
3009.000000	0.018331
3008.000000	0.018303
3007.000000	0.018259
3006.000000	0.018218
3005.000000	0.018189
3004.000000	0.018170
3003.000000	0.018157
3002.000000	0.018153
3001.000000	0.018156
3000.000000	0.018161
2999.000000	0.018166
2998.000000	0.018175
2997.000000	0.018194
2996.000000	0.018223
2995.000000	0.018256
2994.000000	0.018293
2993.000000	0.018341
2992.000000	0.018401
2991.000000	0.018467
2990.000000	0.018535
2989.000000	0.018607
2988.000000	0.018693
2987.000000	0.018791
2986.000000	0.018892
2985.000000	0.018984
2984.000000	0.019061
2983.000000	0.019132
2982.000000	0.019209
2981.000000	0.019296
2980.000000	0.019389
2979.000000	0.019484
2978.000000	0.019582
2977.000000	0.019683
2976.000000	0.019776
2975.000000	0.019848
2974.000000	0.019899
2973.000000	0.019948
2972.000000	0.020014
2971.000000	0.020100
2970.000000	0.020194
2969.000000	0.020281
2968.000000	0.020350
2967.000000	0.020398
2966.000000	0.020429
2965.000000	0.020450
2964.000000	0.020462
2963.000000	0.020467
2962.000000	0.020474
2961.000000	0.020491
2960.000000	0.020518
2959.000000	0.020545
2958.000000	0.020562
2957.000000	0.020565
2956.000000	0.020548
2955.000000	0.020509
2954.000000	0.020450
2953.000000	0.020387
2952.000000	0.020338
2951.000000	0.020307
2950.000000	0.020289
2949.000000	0.020278
2948.000000	0.020273
2947.000000	0.020282
2946.000000	0.020312
2945.000000	0.020361
2944.000000	0.020424
2943.000000	0.020493
2942.000000	0.020560
2941.000000	0.020627
2940.000000	0.020703
2939.000000	0.020802
2938.000000	0.020935
2937.000000	0.021096
2936.000000	0.021258
2935.000000	0.021394
2934.000000	0.021491
2933.000000	0.021556
2932.000000	0.021603
2931.000000	0.021638
2930.000000	0.021668
2929.000000	0.021697
2928.000000	0.021722
2927.000000	0.021731
2926.000000	0.021709
2925.000000	0.021651
2924.000000	0.021557
2923.000000	0.021430
2922.000000	0.021276
2921.000000	0.021104
2920.000000	0.020921
2919.000000	0.020721
2918.000000	0.020501
2917.000000	0.020277
2916.000000	0.020086
2915.000000	0.019963
2914.000000	0.019913
2913.000000	0.019908
2912.000000	0.019909
2911.000000	0.019889
2910.000000	0.019847
2909.000000	0.019794
2908.000000	0.019737
2907.000000	0.019684
2906.000000	0.019633
2905.000000	0.019586
2904.000000	0.019536
2903.000000	0.019477
2902.000000	0.019404
2901.000000	0.019326
2900.000000	0.019256
2899.000000	0.019205
2898.000000	0.019173
2897.000000	0.019153
2896.000000	0.019138
2895.000000	0.019125
2894.000000	0.019114
2893.000000	0.019103
2892.000000	0.019095
2891.000000	0.019088
2890.000000	0.019080
2889.000000	0.019068
2888.000000	0.019054
2887.000000	0.019047
2886.000000	0.019059
2885.000000	0.019089
2884.000000	0.019127
2883.000000	0.019166
2882.000000	0.019209
2881.000000	0.019263
2880.000000	0.019320
2879.000000	0.019365
2878.000000	0.019392
2877.000000	0.019404
2876.000000	0.019412
2875.000000	0.019418
2874.000000	0.019417
2873.000000	0.019404
2872.000000	0.019378
2871.000000	0.019345
2870.000000	0.019315
2869.000000	0.019286
2868.000000	0.019243
2867.000000	0.019169
2866.000000	0.019069
2865.000000	0.018967
2864.000000	0.018886
2863.000000	0.018829
2862.000000	0.018789
2861.000000	0.018758
2860.000000	0.018737
2859.000000	0.018730
2858.000000	0.018737
2857.000000	0.018749
2856.000000	0.018749
2855.000000	0.018718
2854.000000	0.018651
2853.000000	0.018551
2852.000000	0.018419
2851.000000	0.018258
2850.000000	0.018081
2849.000000	0.017920
2848.000000	0.017807
2847.000000	0.017754
2846.000000	0.017748
2845.000000	0.017757
2844.000000	0.017750
2843.000000	0.017714
2842.000000	0.017656
2841.000000	0.017594
2840.000000	0.017540
2839.000000	0.017496
2838.000000	0.017459
2837.000000	0.017432
2836.000000	0.017414
2835.000000	0.017400
2834.000000	0.017383
2833.000000	0.017365
2832.000000	0.017345
2831.000000	0.017323
2830.000000	0.017297
2829.000000	0.017275
2828.000000	0.017258
2827.000000	0.017242
2826.000000	0.017215
2825.000000	0.017177
2824.000000	0.017139
2823.000000	0.017111
2822.000000	0.017091
2821.000000	0.017074
2820.000000	0.017062
2819.000000	0.017054
2818.000000	0.017041
2817.000000	0.017018
2816.000000	0.016990
2815.000000	0.016967
2814.000000	0.016958
2813.000000	0.016956
2812.000000	0.016948
2811.000000	0.016927
2810.000000	0.016892
2809.000000	0.016849
2808.000000	0.016808
2807.000000	0.016776
2806.000000	0.016758
2805.000000	0.016753
2804.000000	0.016755
2803.000000	0.016752
2802.000000	0.016734
2801.000000	0.016699
2800.000000	0.016655
2799.000000	0.016614
2798.000000	0.016587
2797.000000	0.016578
2796.000000	0.016579
2795.000000	0.016584
2794.000000	0.016590
2793.000000	0.016601
2792.000000	0.016614
2791.000000	0.016616
2790.000000	0.016594
2789.000000	0.016550
2788.000000	0.016507
2787.000000	0.016487
2786.000000	0.016493
2785.000000	0.016510
2784.000000	0.016518
2783.000000	0.016507
2782.000000	0.016480
2781.000000	0.016447
2780.000000	0.016416
2779.000000	0.016395
2778.000000	0.016383
2777.000000	0.016377
2776.000000	0.016369
2775.000000	0.016357
2774.000000	0.016342
2773.000000	0.016327
2772.000000	0.016307
2771.000000	0.016281
2770.000000	0.016252
2769.000000	0.016230
2768.000000	0.016220
2767.000000	0.016212
2766.000000	0.016197
2765.000000	0.016179
2764.000000	0.016164
2763.000000	0.016156
2762.000000	0.016146
2761.000000	0.016129
2760.000000	0.016110
2759.000000	0.016095
2758.000000	0.016079
2757.000000	0.016056
2756.000000	0.016027
2755.000000	0.016001
2754.000000	0.015986
2753.000000	0.015978
2752.000000	0.015966
2751.000000	0.015946
2750.000000	0.015920
2749.000000	0.015891
2748.000000	0.015864
2747.000000	0.015845
2746.000000	0.015839
2745.000000	0.015842
2744.000000	0.015848
2743.000000	0.015852
2742.000000	0.015853
2741.000000	0.015845
2740.000000	0.015822
2739.000000	0.015788
2738.000000	0.015756
2737.000000	0.015737
2736.000000	0.015732
2735.000000	0.015731
2734.000000	0.015730
2733.000000	0.015731
2732.000000	0.015732
2731.000000	0.015730
2730.000000	0.015720
2729.000000	0.015703
2728.000000	0.015681
2727.000000	0.015652
2726.000000	0.015620
2725.000000	0.015592
2724.000000	0.015575
2723.000000	0.015562
2722.000000	0.015542
2721.000000	0.015515
2720.000000	0.015489
2719.000000	0.015474
2718.000000	0.015471
2717.000000	0.015471
2716.000000	0.015468
2715.000000	0.015463
2714.000000	0.015458
2713.000000	0.015452
2712.000000	0.015444
2711.000000	0.015434
2710.000000	0.015420
2709.000000	0.015401
2708.000000	0.015377
2707.000000	0.015351
2706.000000	0.015326
2705.000000	0.015304
2704.000000	0.015282
2703.000000	0.015261
2702.000000	0.015243
2701.000000	0.015229
2700.000000	0.015214
2699.000000	0.015196
2698.000000	0.015184
2697.000000	0.015186
2696.000000	0.015199
2695.000000	0.015208
2694.000000	0.015199
2693.000000	0.015171
2692.000000	0.015137
2691.000000	0.015109
2690.000000	0.015094
2689.000000	0.015088
2688.000000	0.015087
2687.000000	0.015082
2686.000000	0.015072
2685.000000	0.015055
2684.000000	0.015035
2683.000000	0.015017
2682.000000	0.015009
2681.000000	0.015015
2680.000000	0.015022
2679.000000	0.015019
2678.000000	0.014999
2677.000000	0.014970
2676.000000	0.014947
2675.000000	0.014940
2674.000000	0.014951
2673.000000	0.014973
2672.000000	0.014991
2671.000000	0.014994
2670.000000	0.014979
2669.000000	0.014957
2668.000000	0.014938
2667.000000	0.014925
2666.000000	0.014914
2665.000000	0.014907
2664.000000	0.014905
2663.000000	0.014912
2662.000000	0.014925
2661.000000	0.014935
2660.000000	0.014933
2659.000000	0.014916
2658.000000	0.014893
2657.000000	0.014870
2656.000000	0.014847
2655.000000	0.014821
2654.000000	0.014794
2653.000000	0.014778
2652.000000	0.014779
2651.000000	0.014790
2650.000000	0.014795
2649.000000	0.014788
2648.000000	0.014775
2647.000000	0.014766
2646.000000	0.014766
2645.000000	0.014768
2644.000000	0.014762
2643.000000	0.014749
2642.000000	0.014738
2641.000000	0.014739
2640.000000	0.014748
2639.000000	0.014753
2638.000000	0.014746
2637.000000	0.014732
2636.000000	0.014715
2635.000000	0.014696
2634.000000	0.014676
2633.000000	0.014656
2632.000000	0.014638
2631.000000	0.014623
2630.000000	0.014611
2629.000000	0.014607
2628.000000	0.014606
2627.000000	0.014598
2626.000000	0.014577
2625.000000	0.014549
2624.000000	0.014530
2623.000000	0.014519
2622.000000	0.014510
2621.000000	0.014501
2620.000000	0.014501
2619.000000	0.014517
2618.000000	0.014542
2617.000000	0.014564
2616.000000	0.014577
2615.000000	0.014580
2614.000000	0.014572
2613.000000	0.014554
2612.000000	0.014529
2611.000000	0.014505
2610.000000	0.014493
2609.000000	0.014496
2608.000000	0.014503
2607.000000	0.014496
2606.000000	0.014464
2605.000000	0.014414
2604.000000	0.014372
2603.000000	0.014362
2602.000000	0.014385
2601.000000	0.014426
2600.000000	0.014464
2599.000000	0.014481
2598.000000	0.014463
2597.000000	0.014409
2596.000000	0.014340
2595.000000	0.014288
2594.000000	0.014273
2593.000000	0.014286
2592.000000	0.014300
2591.000000	0.014302
2590.000000	0.014298
2589.000000	0.014298
2588.000000	0.014308
2587.000000	0.014324
2586.000000	0.014345
2585.000000	0.014366
2584.000000	0.014377
2583.000000	0.014366
2582.000000	0.014329
2581.000000	0.014267
2580.000000	0.014193
2579.000000	0.014124
2578.000000	0.014084
2577.000000	0.014089
2576.000000	0.014131
2575.000000	0.014186
2574.000000	0.014224
2573.000000	0.014225
2572.000000	0.014185
2571.000000	0.014121
2570.000000	0.014067
2569.000000	0.014059
2568.000000	0.014097
2567.000000	0.014150
2566.000000	0.014183
2565.000000	0.014181
2564.000000	0.014159
2563.000000	0.014137
2562.000000	0.014132
2561.000000	0.014138
2560.000000	0.014132
2559.000000	0.014092
2558.000000	0.014020
2557.000000	0.013950
2556.000000	0.013914
2555.000000	0.013916
2554.000000	0.013939
2553.000000	0.013966
2552.000000	0.013991
2551.000000	0.014008
2550.000000	0.014006
2549.000000	0.013988
2548.000000	0.013965
2547.000000	0.013949
2546.000000	0.013941
2545.000000	0.013938
2544.000000	0.013937
2543.000000	0.013939
2542.000000	0.013936
2541.000000	0.013916
2540.000000	0.013877
2539.000000	0.013832
2538.000000	0.013802
2537.000000	0.013797
2536.000000	0.013811
2535.000000	0.013825
2534.000000	0.013827
2533.000000	0.013807
2532.000000	0.013767
2531.000000	0.013717
2530.000000	0.013684
2529.000000	0.013690
2528.000000	0.013732
2527.000000	0.013777
2526.000000	0.013794
2525.000000	0.013778
2524.000000	0.013755
2523.000000	0.013755
2522.000000	0.013787
2521.000000	0.013834
2520.000000	0.013867
2519.000000	0.013865
2518.000000	0.013840
2517.000000	0.013820
2516.000000	0.013819
2515.000000	0.013825
2514.000000	0.013808
2513.000000	0.013761
2512.000000	0.013704
2511.000000	0.013668
2510.000000	0.013664
2509.000000	0.013675
2508.000000	0.013681
2507.000000	0.013675
2506.000000	0.013674
2505.000000	0.013689
2504.000000	0.013707
2503.000000	0.013699
2502.000000	0.013658
2501.000000	0.013611
2500.000000	0.013580
2499.000000	0.013564
2498.000000	0.013543
2497.000000	0.013510
2496.000000	0.013483
2495.000000	0.013475
2494.000000	0.013483
2493.000000	0.013497
2492.000000	0.013513
2491.000000	0.013532
2490.000000	0.013552
2489.000000	0.013569
2488.000000	0.013582
2487.000000	0.013599
2486.000000	0.013624
2485.000000	0.013655
2484.000000	0.013689
2483.000000	0.013721
2482.000000	0.013742
2481.000000	0.013739
2480.000000	0.013704
2479.000000	0.013647
2478.000000	0.013594
2477.000000	0.013567
2476.000000	0.013561
2475.000000	0.013551
2474.000000	0.013518
2473.000000	0.013464
2472.000000	0.013409
2471.000000	0.013377
2470.000000	0.013387
2469.000000	0.013442
2468.000000	0.013525
2467.000000	0.013601
2466.000000	0.013645
2465.000000	0.013655
2464.000000	0.013644
2463.000000	0.013613
2462.000000	0.013555
2461.000000	0.013481
2460.000000	0.013419
2459.000000	0.013390
2458.000000	0.013388
2457.000000	0.013393
2456.000000	0.013393
2455.000000	0.013386
2454.000000	0.013374
2453.000000	0.013362
2452.000000	0.013357
2451.000000	0.013358
2450.000000	0.013356
2449.000000	0.013336
2448.000000	0.013297
2447.000000	0.013252
2446.000000	0.013216
2445.000000	0.013201
2444.000000	0.013214
2443.000000	0.013249
2442.000000	0.013297
2441.000000	0.013345
2440.000000	0.013381
2439.000000	0.013393
2438.000000	0.013365
2437.000000	0.013307
2436.000000	0.013254
2435.000000	0.013242
2434.000000	0.013270
2433.000000	0.013306
2432.000000	0.013319
2431.000000	0.013302
2430.000000	0.013272
2429.000000	0.013246
2428.000000	0.013229
2427.000000	0.013214
2426.000000	0.013197
2425.000000	0.013183
2424.000000	0.013188
2423.000000	0.013218
2422.000000	0.013248
2421.000000	0.013248
2420.000000	0.013209
2419.000000	0.013158
2418.000000	0.013127
2417.000000	0.013128
2416.000000	0.013154
2415.000000	0.013190
2414.000000	0.013224
2413.000000	0.013244
2412.000000	0.013247
2411.000000	0.013238
2410.000000	0.013224
2409.000000	0.013204
2408.000000	0.013176
2407.000000	0.013138
2406.000000	0.013090
2405.000000	0.013037
2404.000000	0.012998
2403.000000	0.012998
2402.000000	0.013040
2401.000000	0.013098
2400.000000	0.013135
2399.000000	0.013141
2398.000000	0.013130
2397.000000	0.013120
2396.000000	0.013113
2395.000000	0.013097
2394.000000	0.013067
2393.000000	0.013032
2392.000000	0.013010
2391.000000	0.013013
2390.000000	0.013038
2389.000000	0.013069
2388.000000	0.013085
2387.000000	0.013082
2386.000000	0.013067
2385.000000	0.013046
2384.000000	0.013022
2383.000000	0.013001
2382.000000	0.012982
2381.000000	0.012969
2380.000000	0.012965
2379.000000	0.012979
2378.000000	0.013015
2377.000000	0.013057
2376.000000	0.013085
2375.000000	0.013101
2374.000000	0.013120
2373.000000	0.013149
2372.000000	0.013169
2371.000000	0.013158
2370.000000	0.013113
2369.000000	0.013051
2368.000000	0.012989
2367.000000	0.012944
2366.000000	0.012926
2365.000000	0.012944
2364.000000	0.013006
2363.000000	0.013107
2362.000000	0.013209
2361.000000	0.013255
2360.000000	0.013227
2359.000000	0.013162
2358.000000	0.013103
2357.000000	0.013052
2356.000000	0.013002
2355.000000	0.012976
2354.000000	0.012997
2353.000000	0.013041
2352.000000	0.013066
2351.000000	0.013063
2350.000000	0.013056
2349.000000	0.013056
2348.000000	0.013056
2347.000000	0.013048
2346.000000	0.013040
2345.000000	0.013053
2344.000000	0.013074
2343.000000	0.013080
2342.000000	0.013059
2341.000000	0.013035
2340.000000	0.013034
2339.000000	0.013057
2338.000000	0.013079
2337.000000	0.013070
2336.000000	0.013021
2335.000000	0.012957
2334.000000	0.012917
2333.000000	0.012924
2332.000000	0.012961
2331.000000	0.012992
2330.000000	0.013003
2329.000000	0.013010
2328.000000	0.013026
2327.000000	0.013036
2326.000000	0.013014
2325.000000	0.012959
2324.000000	0.012905
2323.000000	0.012885
2322.000000	0.012898
2321.000000	0.012916
2320.000000	0.012916
2319.000000	0.012897
2318.000000	0.012878
2317.000000	0.012874
2316.000000	0.012884
2315.000000	0.012893
2314.000000	0.012891
2313.000000	0.012884
2312.000000	0.012888
2311.000000	0.012905
2310.000000	0.012910
2309.000000	0.012874
2308.000000	0.012797
2307.000000	0.012718
2306.000000	0.012683
2305.000000	0.012698
2304.000000	0.012721
2303.000000	0.012711
2302.000000	0.012671
2301.000000	0.012642
2300.000000	0.012652
2299.000000	0.012685
2298.000000	0.012708
2297.000000	0.012706
2296.000000	0.012692
2295.000000	0.012684
2294.000000	0.012687
2293.000000	0.012695
2292.000000	0.012704
2291.000000	0.012712
2290.000000	0.012715
2289.000000	0.012703
2288.000000	0.012672
2287.000000	0.012631
2286.000000	0.012594
2285.000000	0.012576
2284.000000	0.012574
2283.000000	0.012577
2282.000000	0.012572
2281.000000	0.012556
2280.000000	0.012546
2279.000000	0.012560
2278.000000	0.012598
2277.000000	0.012639
2276.000000	0.012658
2275.000000	0.012655
2274.000000	0.012646
2273.000000	0.012644
2272.000000	0.012636
2271.000000	0.012607
2270.000000	0.012561
2269.000000	0.012523
2268.000000	0.012513
2267.000000	0.012523
2266.000000	0.012535
2265.000000	0.012541
2264.000000	0.012549
2263.000000	0.012561
2262.000000	0.012562
2261.000000	0.012537
2260.000000	0.012485
2259.000000	0.012426
2258.000000	0.012387
2257.000000	0.012389
2256.000000	0.012433
2255.000000	0.012487
2254.000000	0.012499
2253.000000	0.012454
2252.000000	0.012392
2251.000000	0.012379
2250.000000	0.012425
2249.000000	0.012472
2248.000000	0.012451
2247.000000	0.012357
2246.000000	0.012238
2245.000000	0.012141
2244.000000	0.012070
2243.000000	0.012008
2242.000000	0.011948
2241.000000	0.011905
2240.000000	0.011900
2239.000000	0.011937
2238.000000	0.011998
2237.000000	0.012057
2236.000000	0.012115
2235.000000	0.012200
2234.000000	0.012323
2233.000000	0.012440
2232.000000	0.012478
2231.000000	0.012416
2230.000000	0.012311
2229.000000	0.012252
2228.000000	0.012282
2227.000000	0.012380
2226.000000	0.012473
2225.000000	0.012488
2224.000000	0.012398
2223.000000	0.012244
2222.000000	0.012110
2221.000000	0.012057
2220.000000	0.012087
2219.000000	0.012160
2218.000000	0.012227
2217.000000	0.012264
2216.000000	0.012280
2215.000000	0.012299
2214.000000	0.012320
2213.000000	0.012305
2212.000000	0.012228
2211.000000	0.012112
2210.000000	0.012014
2209.000000	0.011963
2208.000000	0.011949
2207.000000	0.011957
2206.000000	0.011983
2205.000000	0.012004
2204.000000	0.011984
2203.000000	0.011914
2202.000000	0.011835
2201.000000	0.011794
2200.000000	0.011801
2199.000000	0.011837
2198.000000	0.011877
2197.000000	0.011909
2196.000000	0.011937
2195.000000	0.011989
2194.000000	0.012092
2193.000000	0.012223
2192.000000	0.012321
2191.000000	0.012354
2190.000000	0.012352
2189.000000	0.012360
2188.000000	0.012377
2187.000000	0.012373
2186.000000	0.012339
2185.000000	0.012306
2184.000000	0.012304
2183.000000	0.012330
2182.000000	0.012334
2181.000000	0.012263
2180.000000	0.012115
2179.000000	0.011950
2178.000000	0.011826
2177.000000	0.011738
2176.000000	0.011643
2175.000000	0.011547
2174.000000	0.011511
2173.000000	0.011562
2172.000000	0.011661
2171.000000	0.011759
2170.000000	0.011845
2169.000000	0.011899
2168.000000	0.011867
2167.000000	0.011722
2166.000000	0.011545
2165.000000	0.011456
2164.000000	0.011483
2163.000000	0.011515
2162.000000	0.011408
2161.000000	0.011131
2160.000000	0.010820
2159.000000	0.010687
2158.000000	0.010837
2157.000000	0.011177
2156.000000	0.011511
2155.000000	0.011717
2154.000000	0.011807
2153.000000	0.011849
2152.000000	0.011867
2151.000000	0.011836
2150.000000	0.011737
2149.000000	0.011595
2148.000000	0.011471
2147.000000	0.011416
2146.000000	0.011430
2145.000000	0.011455
2144.000000	0.011436
2143.000000	0.011381
2142.000000	0.011342
2141.000000	0.011344
2140.000000	0.011360
2139.000000	0.011365
2138.000000	0.011375
2137.000000	0.011412
2136.000000	0.011470
2135.000000	0.011524
2134.000000	0.011567
2133.000000	0.011593
2132.000000	0.011591
2131.000000	0.011574
2130.000000	0.011579
2129.000000	0.011624
2128.000000	0.011689
2127.000000	0.011739
2126.000000	0.011773
2125.000000	0.011808
2124.000000	0.011842
2123.000000	0.011857
2122.000000	0.011854
2121.000000	0.011849
2120.000000	0.011850
2119.000000	0.011848
2118.000000	0.011832
2117.000000	0.011800
2116.000000	0.011757
2115.000000	0.011713
2114.000000	0.011690
2113.000000	0.011698
2112.000000	0.011722
2111.000000	0.011742
2110.000000	0.011760
2109.000000	0.011794
2108.000000	0.011846
2107.000000	0.011897
2106.000000	0.011927
2105.000000	0.011917
2104.000000	0.011850
2103.000000	0.011735
2102.000000	0.011628
2101.000000	0.011592
2100.000000	0.011635
2099.000000	0.011693
2098.000000	0.011705
2097.000000	0.011668
2096.000000	0.011622
2095.000000	0.011596
2094.000000	0.011580
2093.000000	0.011557
2092.000000	0.011540
2091.000000	0.011571
2090.000000	0.011673
2089.000000	0.011810
2088.000000	0.011912
2087.000000	0.011934
2086.000000	0.011887
2085.000000	0.011794
2084.000000	0.011662
2083.000000	0.011508
2082.000000	0.011385
2081.000000	0.011353
2080.000000	0.011415
2079.000000	0.011518
2078.000000	0.011617
2077.000000	0.011694
2076.000000	0.011736
2075.000000	0.011714
2074.000000	0.011624
2073.000000	0.011510
2072.000000	0.011433
2071.000000	0.011421
2070.000000	0.011445
2069.000000	0.011463
2068.000000	0.011467
2067.000000	0.011486
2066.000000	0.011546
2065.000000	0.011616
2064.000000	0.011630
2063.000000	0.011563
2062.000000	0.011461
2061.000000	0.011394
2060.000000	0.011388
2059.000000	0.011421
2058.000000	0.011466
2057.000000	0.011498
2056.000000	0.011486
2055.000000	0.011429
2054.000000	0.011370
2053.000000	0.011359
2052.000000	0.011389
2051.000000	0.011401
2050.000000	0.011359
2049.000000	0.011296
2048.000000	0.011285
2047.000000	0.011366
2046.000000	0.011506
2045.000000	0.011618
2044.000000	0.011639
2043.000000	0.011574
2042.000000	0.011471
2041.000000	0.011333
2040.000000	0.011130
2039.000000	0.010897
2038.000000	0.010758
2037.000000	0.010798
2036.000000	0.010943
2035.000000	0.011052
2034.000000	0.011087
2033.000000	0.011105
2032.000000	0.011132
2031.000000	0.011139
2030.000000	0.011132
2029.000000	0.011167
2028.000000	0.011251
2027.000000	0.011312
2026.000000	0.011291
2025.000000	0.011213
2024.000000	0.011150
2023.000000	0.011149
2022.000000	0.011215
2021.000000	0.011297
2020.000000	0.011309
2019.000000	0.011205
2018.000000	0.011017
2017.000000	0.010818
2016.000000	0.010641
2015.000000	0.010495
2014.000000	0.010422
2013.000000	0.010460
2012.000000	0.010579
2011.000000	0.010703
2010.000000	0.010804
2009.000000	0.010887
2008.000000	0.010927
2007.000000	0.010894
2006.000000	0.010831
2005.000000	0.010817
2004.000000	0.010829
2003.000000	0.010763
2002.000000	0.010585
2001.000000	0.010396
2000.000000	0.010317
1999.000000	0.010360
1998.000000	0.010458
1997.000000	0.010546
1996.000000	0.010580
1995.000000	0.010546
1994.000000	0.010487
1993.000000	0.010486
1992.000000	0.010578
1991.000000	0.010718
1990.000000	0.010865
1989.000000	0.011057
1988.000000	0.011325
1987.000000	0.011597
1986.000000	0.011746
1985.000000	0.011722
1984.000000	0.011582
1983.000000	0.011392
1982.000000	0.011159
1981.000000	0.010877
1980.000000	0.010600
1979.000000	0.010430
1978.000000	0.010431
1977.000000	0.010565
1976.000000	0.010719
1975.000000	0.010788
1974.000000	0.010754
1973.000000	0.010684
1972.000000	0.010668
1971.000000	0.010742
1970.000000	0.010861
1969.000000	0.010939
1968.000000	0.010927
1967.000000	0.010875
1966.000000	0.010873
1965.000000	0.010929
1964.000000	0.010957
1963.000000	0.010893
1962.000000	0.010793
1961.000000	0.010756
1960.000000	0.010790
1959.000000	0.010805
1958.000000	0.010745
1957.000000	0.010646
1956.000000	0.010565
1955.000000	0.010510
1954.000000	0.010466
1953.000000	0.010433
1952.000000	0.010429
1951.000000	0.010461
1950.000000	0.010521
1949.000000	0.010577
1948.000000	0.010581
1947.000000	0.010503
1946.000000	0.010372
1945.000000	0.010265
1944.000000	0.010229
1943.000000	0.010252
1942.000000	0.010297
1941.000000	0.010342
1940.000000	0.010372
1939.000000	0.010378
1938.000000	0.010365
1937.000000	0.010349
1936.000000	0.010327
1935.000000	0.010280
1934.000000	0.010216
1933.000000	0.010168
1932.000000	0.010153
1931.000000	0.010147
1930.000000	0.010132
1929.000000	0.010133
1928.000000	0.010182
1927.000000	0.010259
1926.000000	0.010309
1925.000000	0.010304
1924.000000	0.010268
1923.000000	0.010232
1922.000000	0.010201
1921.000000	0.010159
1920.000000	0.010102
1919.000000	0.010053
1918.000000	0.010042
1917.000000	0.010071
1916.000000	0.010114
1915.000000	0.010146
1914.000000	0.010160
1913.000000	0.010160
1912.000000	0.010142
1911.000000	0.010097
1910.000000	0.010030
1909.000000	0.009963
1908.000000	0.009924
1907.000000	0.009917
1906.000000	0.009923
1905.000000	0.009917
1904.000000	0.009886
1903.000000	0.009844
1902.000000	0.009819
1901.000000	0.009826
1900.000000	0.009848
1899.000000	0.009853
1898.000000	0.009827
1897.000000	0.009797
1896.000000	0.009792
1895.000000	0.009813
1894.000000	0.009831
1893.000000	0.009821
1892.000000	0.009790
1891.000000	0.009768
1890.000000	0.009778
1889.000000	0.009804
1888.000000	0.009814
1887.000000	0.009800
1886.000000	0.009792
1885.000000	0.009820
1884.000000	0.009885
1883.000000	0.009951
1882.000000	0.009979
1881.000000	0.009950
1880.000000	0.009875
1879.000000	0.009791
1878.000000	0.009733
1877.000000	0.009701
1876.000000	0.009659
1875.000000	0.009585
1874.000000	0.009505
1873.000000	0.009451
1872.000000	0.009419
1871.000000	0.009385
1870.000000	0.009356
1869.000000	0.009369
1868.000000	0.009421
1867.000000	0.009452
1866.000000	0.009420
1865.000000	0.009342
1864.000000	0.009270
1863.000000	0.009244
1862.000000	0.009262
1861.000000	0.009291
1860.000000	0.009292
1859.000000	0.009258
1858.000000	0.009222
1857.000000	0.009215
1856.000000	0.009229
1855.000000	0.009233
1854.000000	0.009213
1853.000000	0.009187
1852.000000	0.009168
1851.000000	0.009149
1850.000000	0.009132
1849.000000	0.009125
1848.000000	0.009125
1847.000000	0.009116
1846.000000	0.009095
1845.000000	0.009093
1844.000000	0.009132
1843.000000	0.009180
1842.000000	0.009192
1841.000000	0.009168
1840.000000	0.009126
1839.000000	0.009084
1838.000000	0.009055
1837.000000	0.009048
1836.000000	0.009044
1835.000000	0.009017
1834.000000	0.008959
1833.000000	0.008888
1832.000000	0.008828
1831.000000	0.008797
1830.000000	0.008811
1829.000000	0.008856
1828.000000	0.008889
1827.000000	0.008890
1826.000000	0.008883
1825.000000	0.008895
1824.000000	0.008907
1823.000000	0.008879
1822.000000	0.008812
1821.000000	0.008750
1820.000000	0.008723
1819.000000	0.008721
1818.000000	0.008717
1817.000000	0.008697
1816.000000	0.008666
1815.000000	0.008626
1814.000000	0.008580
1813.000000	0.008537
1812.000000	0.008509
1811.000000	0.008504
1810.000000	0.008516
1809.000000	0.008535
1808.000000	0.008545
1807.000000	0.008536
1806.000000	0.008506
1805.000000	0.008459
1804.000000	0.008397
1803.000000	0.008324
1802.000000	0.008259
1801.000000	0.008227
1800.000000	0.008229
1799.000000	0.008242
1798.000000	0.008237
1797.000000	0.008211
1796.000000	0.008172
1795.000000	0.008124
1794.000000	0.008079
1793.000000	0.008059
1792.000000	0.008082
1791.000000	0.008122
1790.000000	0.008149
1789.000000	0.008153
1788.000000	0.008128
1787.000000	0.008067
1786.000000	0.007988
1785.000000	0.007926
1784.000000	0.007902
1783.000000	0.007898
1782.000000	0.007897
1781.000000	0.007898
1780.000000	0.007899
1779.000000	0.007885
1778.000000	0.007860
1777.000000	0.007845
1776.000000	0.007857
1775.000000	0.007885
1774.000000	0.007914
1773.000000	0.007942
1772.000000	0.007944
1771.000000	0.007876
1770.000000	0.007757
1769.000000	0.007654
1768.000000	0.007603
1767.000000	0.007581
1766.000000	0.007555
1765.000000	0.007527
1764.000000	0.007506
1763.000000	0.007492
1762.000000	0.007482
1761.000000	0.007466
1760.000000	0.007432
1759.000000	0.007385
1758.000000	0.007354
1757.000000	0.007366
1756.000000	0.007393
1755.000000	0.007393
1754.000000	0.007373
1753.000000	0.007375
1752.000000	0.007407
1751.000000	0.007433
1750.000000	0.007425
1749.000000	0.007400
1748.000000	0.007377
1747.000000	0.007339
1746.000000	0.007285
1745.000000	0.007248
1744.000000	0.007242
1743.000000	0.007245
1742.000000	0.007240
1741.000000	0.007249
1740.000000	0.007289
1739.000000	0.007322
1738.000000	0.007319
1737.000000	0.007321
1736.000000	0.007364
1735.000000	0.007440
1734.000000	0.007505
1733.000000	0.007472
1732.000000	0.007317
1731.000000	0.007130
1730.000000	0.007003
1729.000000	0.006964
1728.000000	0.006970
1727.000000	0.006975
1726.000000	0.006983
1725.000000	0.007030
1724.000000	0.007107
1723.000000	0.007157
1722.000000	0.007158
1721.000000	0.007174
1720.000000	0.007270
1719.000000	0.007446
1718.000000	0.007646
1717.000000	0.007793
1716.000000	0.007845
1715.000000	0.007842
1714.000000	0.007867
1713.000000	0.007982
1712.000000	0.008179
1711.000000	0.008423
1710.000000	0.008721
1709.000000	0.009109
1708.000000	0.009604
1707.000000	0.010207
1706.000000	0.010962
1705.000000	0.011881
1704.000000	0.012879
1703.000000	0.013922
1702.000000	0.015159
1701.000000	0.016845
1700.000000	0.018814
1699.000000	0.020411
1698.000000	0.021428
1697.000000	0.022150
1696.000000	0.022756
1695.000000	0.023214
1694.000000	0.023494
1693.000000	0.023730
1692.000000	0.024069
1691.000000	0.024552
1690.000000	0.025163
1689.000000	0.025885
1688.000000	0.026699
1687.000000	0.027575
1686.000000	0.028488
1685.000000	0.029469
1684.000000	0.030461
1683.000000	0.031265
1682.000000	0.031883
1681.000000	0.032536
1680.000000	0.033331
1679.000000	0.034223
1678.000000	0.035151
1677.000000	0.036133
1676.000000	0.037201
1675.000000	0.038303
1674.000000	0.039331
1673.000000	0.040274
1672.000000	0.041208
1671.000000	0.042185
1670.000000	0.043227
1669.000000	0.044325
1668.000000	0.045408
1667.000000	0.046417
1666.000000	0.047385
1665.000000	0.048400
1664.000000	0.049505
1663.000000	0.050653
1662.000000	0.051761
1661.000000	0.052799
1660.000000	0.053775
1659.000000	0.054687
1658.000000	0.055552
1657.000000	0.056449
1656.000000	0.057425
1655.000000	0.058384
1654.000000	0.059166
1653.000000	0.059740
1652.000000	0.060125
1651.000000	0.060345
1650.000000	0.060534
1649.000000	0.060782
1648.000000	0.061049
1647.000000	0.061251
1646.000000	0.061377
1645.000000	0.061482
1644.000000	0.061604
1643.000000	0.061735
1642.000000	0.061864
1641.000000	0.062003
1640.000000	0.062193
1639.000000	0.062452
1638.000000	0.062739
1637.000000	0.062985
1636.000000	0.063162
1635.000000	0.063307
1634.000000	0.063493
1633.000000	0.063797
1632.000000	0.064256
1631.000000	0.064832
1630.000000	0.065465
1629.000000	0.066158
1628.000000	0.066945
1627.000000	0.067819
1626.000000	0.068741
1625.000000	0.069699
1624.000000	0.070678
1623.000000	0.071617
1622.000000	0.072450
1621.000000	0.073214
1620.000000	0.073964
1619.000000	0.074622
1618.000000	0.074958
1617.000000	0.074787
1616.000000	0.074180
1615.000000	0.073352
1614.000000	0.072413
1613.000000	0.071341
1612.000000	0.070076
1611.000000	0.068582
1610.000000	0.066881
1609.000000	0.065032
1608.000000	0.063106
1607.000000	0.061174
1606.000000	0.059273
1605.000000	0.057404
1604.000000	0.055563
1603.000000	0.053769
1602.000000	0.052044
1601.000000	0.050394
1600.000000	0.048836
1599.000000	0.047400
1598.000000	0.046077
1597.000000	0.044809
1596.000000	0.043570
1595.000000	0.042395
1594.000000	0.041317
1593.000000	0.040315
1592.000000	0.039369
1591.000000	0.038498
1590.000000	0.037711
1589.000000	0.036978
1588.000000	0.036277
1587.000000	0.035633
1586.000000	0.035063
1585.000000	0.034543
1584.000000	0.034057
1583.000000	0.033631
1582.000000	0.033278
1581.000000	0.032974
1580.000000	0.032724
1579.000000	0.032580
1578.000000	0.032553
1577.000000	0.032553
1576.000000	0.032509
1575.000000	0.032450
1574.000000	0.032441
1573.000000	0.032503
1572.000000	0.032623
1571.000000	0.032819
1570.000000	0.033135
1569.000000	0.033534
1568.000000	0.033927
1567.000000	0.034320
1566.000000	0.034786
1565.000000	0.035346
1564.000000	0.035973
1563.000000	0.036670
1562.000000	0.037455
1561.000000	0.038289
1560.000000	0.039215
1559.000000	0.040344
1558.000000	0.041443
1557.000000	0.042247
1556.000000	0.042905
1555.000000	0.043654
1554.000000	0.044556
1553.000000	0.045491
1552.000000	0.046375
1551.000000	0.047277
1550.000000	0.048274
1549.000000	0.049303
1548.000000	0.050253
1547.000000	0.051113
1546.000000	0.051952
1545.000000	0.052811
1544.000000	0.053676
1543.000000	0.054545
1542.000000	0.055426
1541.000000	0.056280
1540.000000	0.057027
1539.000000	0.057613
1538.000000	0.058045
1537.000000	0.058402
1536.000000	0.058780
1535.000000	0.059219
1534.000000	0.059725
1533.000000	0.060270
1532.000000	0.060806
1531.000000	0.061334
1530.000000	0.061866
1529.000000	0.062392
1528.000000	0.062901
1527.000000	0.063403
1526.000000	0.063907
1525.000000	0.064406
1524.000000	0.064900
1523.000000	0.065396
1522.000000	0.065877
1521.000000	0.066303
1520.000000	0.066665
1519.000000	0.067006
1518.000000	0.067352
1517.000000	0.067664
1516.000000	0.067901
1515.000000	0.068055
1514.000000	0.068080
1513.000000	0.067898
1512.000000	0.067528
1511.000000	0.067124
1510.000000	0.066798
1509.000000	0.066454
1508.000000	0.065868
1507.000000	0.064931
1506.000000	0.063830
1505.000000	0.062798
1504.000000	0.061892
1503.000000	0.061080
1502.000000	0.060281
1501.000000	0.059409
1500.000000	0.058470
1499.000000	0.057519
1498.000000	0.056529
1497.000000	0.055405
1496.000000	0.054174
1495.000000	0.052974
1494.000000	0.051854
1493.000000	0.050739
1492.000000	0.049549
1491.000000	0.048287
1490.000000	0.047029
1489.000000	0.045845
1488.000000	0.044756
1487.000000	0.043754
1486.000000	0.042814
1485.000000	0.041932
1484.000000	0.041116
1483.000000	0.040353
1482.000000	0.039629
1481.000000	0.038966
1480.000000	0.038399
1479.000000	0.037925
1478.000000	0.037509
1477.000000	0.037147
1476.000000	0.036883
1475.000000	0.036735
1474.000000	0.036666
1473.000000	0.036644
1472.000000	0.036666
1471.000000	0.036703
1470.000000	0.036719
1469.000000	0.036714
1468.000000	0.036723
1467.000000	0.036765
1466.000000	0.036836
1465.000000	0.036921
1464.000000	0.037017
1463.000000	0.037127
1462.000000	0.037255
1461.000000	0.037419
1460.000000	0.037659
1459.000000	0.038009
1458.000000	0.038487
1457.000000	0.039048
1456.000000	0.039528
1455.000000	0.039818
1454.000000	0.039984
1453.000000	0.040112
1452.000000	0.040210
1451.000000	0.040252
1450.000000	0.040223
1449.000000	0.040113
1448.000000	0.039936
1447.000000	0.039729
1446.000000	0.039507
1445.000000	0.039251
1444.000000	0.038951
1443.000000	0.038625
1442.000000	0.038292
1441.000000	0.037962
1440.000000	0.037642
1439.000000	0.037323
1438.000000	0.036961
1437.000000	0.036542
1436.000000	0.036129
1435.000000	0.035782
1434.000000	0.035491
1433.000000	0.035219
1432.000000	0.034956
1431.000000	0.034727
1430.000000	0.034554
1429.000000	0.034427
1428.000000	0.034328
1427.000000	0.034248
1426.000000	0.034182
1425.000000	0.034143
1424.000000	0.034172
1423.000000	0.034283
1422.000000	0.034440
1421.000000	0.034584
1420.000000	0.034712
1419.000000	0.034872
1418.000000	0.035058
1417.000000	0.035222
1416.000000	0.035373
1415.000000	0.035548
1414.000000	0.035746
1413.000000	0.035934
1412.000000	0.036091
1411.000000	0.036227
1410.000000	0.036346
1409.000000	0.036439
1408.000000	0.036502
1407.000000	0.036539
1406.000000	0.036559
1405.000000	0.036571
1404.000000	0.036583
1403.000000	0.036594
1402.000000	0.036582
1401.000000	0.036525
1400.000000	0.036438
1399.000000	0.036368
1398.000000	0.036332
1397.000000	0.036309
1396.000000	0.036284
1395.000000	0.036263
1394.000000	0.036249
1393.000000	0.036238
1392.000000	0.036233
1391.000000	0.036247
1390.000000	0.036274
1389.000000	0.036292
1388.000000	0.036298
1387.000000	0.036306
1386.000000	0.036302
1385.000000	0.036259
1384.000000	0.036183
1383.000000	0.036102
1382.000000	0.036015
1381.000000	0.035905
1380.000000	0.035775
1379.000000	0.035654
1378.000000	0.035556
1377.000000	0.035466
1376.000000	0.035375
1375.000000	0.035299
1374.000000	0.035246
1373.000000	0.035197
1372.000000	0.035131
1371.000000	0.035044
1370.000000	0.034931
1369.000000	0.034788
1368.000000	0.034620
1367.000000	0.034425
1366.000000	0.034185
1365.000000	0.033885
1364.000000	0.033568
1363.000000	0.033306
1362.000000	0.033129
1361.000000	0.032995
1360.000000	0.032861
1359.000000	0.032732
1358.000000	0.032614
1357.000000	0.032506
1356.000000	0.032411
1355.000000	0.032343
1354.000000	0.032300
1353.000000	0.032265
1352.000000	0.032236
1351.000000	0.032231
1350.000000	0.032247
1349.000000	0.032261
1348.000000	0.032268
1347.000000	0.032282
1346.000000	0.032306
1345.000000	0.032331
1344.000000	0.032361
1343.000000	0.032405
1342.000000	0.032453
1341.000000	0.032481
1340.000000	0.032500
1339.000000	0.032538
1338.000000	0.032589
1337.000000	0.032617
1336.000000	0.032615
1335.000000	0.032610
1334.000000	0.032613
1333.000000	0.032599
1332.000000	0.032562
1331.000000	0.032521
1330.000000	0.032487
1329.000000	0.032445
1328.000000	0.032392
1327.000000	0.032350
1326.000000	0.032330
1325.000000	0.032323
1324.000000	0.032320
1323.000000	0.032324
1322.000000	0.032332
1321.000000	0.032340
1320.000000	0.032361
1319.000000	0.032411
1318.000000	0.032479
1317.000000	0.032529
1316.000000	0.032558
1315.000000	0.032594
1314.000000	0.032646
1313.000000	0.032691
1312.000000	0.032715
1311.000000	0.032736
1310.000000	0.032758
1309.000000	0.032768
1308.000000	0.032763
1307.000000	0.032759
1306.000000	0.032759
1305.000000	0.032747
1304.000000	0.032723
1303.000000	0.032708
1302.000000	0.032710
1301.000000	0.032706
1300.000000	0.032683
1299.000000	0.032646
1298.000000	0.032601
1297.000000	0.032543
1296.000000	0.032483
1295.000000	0.032447
1294.000000	0.032441
1293.000000	0.032439
1292.000000	0.032430
1291.000000	0.032417
1290.000000	0.032396
1289.000000	0.032349
1288.000000	0.032279
1287.000000	0.032214
1286.000000	0.032168
1285.000000	0.032128
1284.000000	0.032087
1283.000000	0.032052
1282.000000	0.032016
1281.000000	0.031965
1280.000000	0.031905
1279.000000	0.031866
1278.000000	0.031849
1277.000000	0.031829
1276.000000	0.031794
1275.000000	0.031765
1274.000000	0.031750
1273.000000	0.031731
1272.000000	0.031704
1271.000000	0.031689
1270.000000	0.031697
1269.000000	0.031714
1268.000000	0.031736
1267.000000	0.031775
1266.000000	0.031833
1265.000000	0.031896
1264.000000	0.031970
1263.000000	0.032079
1262.000000	0.032223
1261.000000	0.032381
1260.000000	0.032550
1259.000000	0.032746
1258.000000	0.032961
1257.000000	0.033170
1256.000000	0.033373
1255.000000	0.033599
1254.000000	0.033852
1253.000000	0.034105
1252.000000	0.034349
1251.000000	0.034596
1250.000000	0.034838
1249.000000	0.035045
1248.000000	0.035218
1247.000000	0.035390
1246.000000	0.035573
1245.000000	0.035747
1244.000000	0.035897
1243.000000	0.036033
1242.000000	0.036153
1241.000000	0.036235
1240.000000	0.036280
1239.000000	0.036316
1238.000000	0.036365
1237.000000	0.036421
1236.000000	0.036477
1235.000000	0.036523
1234.000000	0.036530
1233.000000	0.036477
1232.000000	0.036392
1231.000000	0.036331
1230.000000	0.036293
1229.000000	0.036231
1228.000000	0.036121
1227.000000	0.035997
1226.000000	0.035877
1225.000000	0.035737
1224.000000	0.035563
1223.000000	0.035380
1222.000000	0.035207
1221.000000	0.035034
1220.000000	0.034851
1219.000000	0.034673
1218.000000	0.034493
1217.000000	0.034283
1216.000000	0.034040
1215.000000	0.033800
1214.000000	0.033582
1213.000000	0.033361
1212.000000	0.033118
1211.000000	0.032862
1210.000000	0.032600
1209.000000	0.032320
1208.000000	0.032025
1207.000000	0.031735
1206.000000	0.031452
1205.000000	0.031154
1204.000000	0.030844
1203.000000	0.030552
1202.000000	0.030277
1201.000000	0.029986
1200.000000	0.029676
1199.000000	0.029390
1198.000000	0.029152
1197.000000	0.028941
1196.000000	0.028741
1195.000000	0.028567
1194.000000	0.028413
1193.000000	0.028247
1192.000000	0.028067
1191.000000	0.027910
1190.000000	0.027785
1189.000000	0.027656
1188.000000	0.027504
1187.000000	0.027366
1186.000000	0.027271
1185.000000	0.027203
1184.000000	0.027147
1183.000000	0.027116
1182.000000	0.027110
1181.000000	0.027106
1180.000000	0.027098
1179.000000	0.027118
1178.000000	0.027191
1177.000000	0.027318
1176.000000	0.027510
1175.000000	0.027779
1174.000000	0.028090
1173.000000	0.028377
1172.000000	0.028617
1171.000000	0.028832
1170.000000	0.029025
1169.000000	0.029170
1168.000000	0.029285
1167.000000	0.029425
1166.000000	0.029596
1165.000000	0.029741
1164.000000	0.029831
1163.000000	0.029899
1162.000000	0.029957
1161.000000	0.029961
1160.000000	0.029878
1159.000000	0.029738
1158.000000	0.029577
1157.000000	0.029401
1156.000000	0.029219
1155.000000	0.029055
1154.000000	0.028889
1153.000000	0.028668
1152.000000	0.028398
1151.000000	0.028153
1150.000000	0.027970
1149.000000	0.027801
1148.000000	0.027598
1147.000000	0.027382
1146.000000	0.027184
1145.000000	0.026999
1144.000000	0.026821
1143.000000	0.026674
1142.000000	0.026565
1141.000000	0.026472
1140.000000	0.026394
1139.000000	0.026358
1138.000000	0.026354
1137.000000	0.026329
1136.000000	0.026259
1135.000000	0.026189
1134.000000	0.026150
1133.000000	0.026134
1132.000000	0.026136
1131.000000	0.026171
1130.000000	0.026213
1129.000000	0.026202
1128.000000	0.026133
1127.000000	0.026067
1126.000000	0.026033
1125.000000	0.025997
1124.000000	0.025941
1123.000000	0.025901
1122.000000	0.025886
1121.000000	0.025846
1120.000000	0.025755
1119.000000	0.025655
1118.000000	0.025588
1117.000000	0.025541
1116.000000	0.025504
1115.000000	0.025501
1114.000000	0.025526
1113.000000	0.025528
1112.000000	0.025485
1111.000000	0.025443
1110.000000	0.025434
1109.000000	0.025448
1108.000000	0.025487
1107.000000	0.025585
1106.000000	0.025730
1105.000000	0.025852
1104.000000	0.025916
1103.000000	0.025957
1102.000000	0.025997
1101.000000	0.026013
1100.000000	0.026010
1099.000000	0.026041
1098.000000	0.026123
1097.000000	0.026215
1096.000000	0.026312
1095.000000	0.026461
1094.000000	0.026671
1093.000000	0.026881
1092.000000	0.027073
1091.000000	0.027301
1090.000000	0.027593
1089.000000	0.027906
1088.000000	0.028224
1087.000000	0.028596
1086.000000	0.029038
1085.000000	0.029487
1084.000000	0.029901
1083.000000	0.030314
1082.000000	0.030758
1081.000000	0.031206
1080.000000	0.031641
1079.000000	0.032082
1078.000000	0.032513
1077.000000	0.032875
1076.000000	0.033170
1075.000000	0.033485
1074.000000	0.033857
1073.000000	0.034224
1072.000000	0.034528
1071.000000	0.034801
1070.000000	0.035073
1069.000000	0.035313
1068.000000	0.035498
1067.000000	0.035658
1066.000000	0.035796
1065.000000	0.035860
1064.000000	0.035837
1063.000000	0.035788
1062.000000	0.035752
1061.000000	0.035688
1060.000000	0.035562
1059.000000	0.035408
1058.000000	0.035252
1057.000000	0.035067
1056.000000	0.034847
1055.000000	0.034643
1054.000000	0.034477
1053.000000	0.034300
1052.000000	0.034080
1051.000000	0.033851
1050.000000	0.033638
1049.000000	0.033417
1048.000000	0.033184
1047.000000	0.032972
1046.000000	0.032759
1045.000000	0.032475
1044.000000	0.032123
1043.000000	0.031798
1042.000000	0.031544
1041.000000	0.031303
1040.000000	0.031038
1039.000000	0.030799
1038.000000	0.030618
1037.000000	0.030446
1036.000000	0.030245
1035.000000	0.030046
1034.000000	0.029863
1033.000000	0.029650
1032.000000	0.029382
1031.000000	0.029108
1030.000000	0.028855
1029.000000	0.028588
1028.000000	0.028295
1027.000000	0.028018
1026.000000	0.027774
1025.000000	0.027506
1024.000000	0.027187
1023.000000	0.026856
1022.000000	0.026535
1021.000000	0.026191
1020.000000	0.025836
1019.000000	0.025548
1018.000000	0.025351
1017.000000	0.025161
1016.000000	0.024909
1015.000000	0.024630
1014.000000	0.024386
1013.000000	0.024188
1012.000000	0.024038
1011.000000	0.023951
1010.000000	0.023888
1009.000000	0.023762
1008.000000	0.023545
1007.000000	0.023309
1006.000000	0.023111
1005.000000	0.022927
1004.000000	0.022740
1003.000000	0.022590
1002.000000	0.022494
1001.000000	0.022417
1000.000000	0.022338
999.000000	0.022284
998.000000	0.022253
997.000000	0.022191
996.000000	0.022092
995.000000	0.022018
994.000000	0.021992
993.000000	0.021954
992.000000	0.021863
991.000000	0.021758
990.000000	0.021665
989.000000	0.021556
988.000000	0.021427
987.000000	0.021338
986.000000	0.021334
985.000000	0.021390
984.000000	0.021470
983.000000	0.021572
982.000000	0.021665
981.000000	0.021680
980.000000	0.021604
979.000000	0.021507
978.000000	0.021440
977.000000	0.021392
976.000000	0.021369
975.000000	0.021416
974.000000	0.021531
973.000000	0.021640
972.000000	0.021698
971.000000	0.021735
970.000000	0.021774
969.000000	0.021794
968.000000	0.021809
967.000000	0.021878
966.000000	0.022004
965.000000	0.022108
964.000000	0.022142
963.000000	0.022145
962.000000	0.022147
961.000000	0.022119
960.000000	0.022061
959.000000	0.022036
958.000000	0.022073
957.000000	0.022100
956.000000	0.022048
955.000000	0.021929
954.000000	0.021782
953.000000	0.021624
952.000000	0.021485
951.000000	0.021402
950.000000	0.021355
949.000000	0.021275
948.000000	0.021168
947.000000	0.021115
946.000000	0.021134
945.000000	0.021138
944.000000	0.021077
943.000000	0.021008
942.000000	0.020985
941.000000	0.020980
940.000000	0.020957
939.000000	0.020947
938.000000	0.020977
937.000000	0.021009
936.000000	0.021020
935.000000	0.021037
934.000000	0.021071
933.000000	0.021080
932.000000	0.021058
931.000000	0.021057
930.000000	0.021086
929.000000	0.021079
928.000000	0.021010
927.000000	0.020946
926.000000	0.020937
925.000000	0.020941
924.000000	0.020908
923.000000	0.020854
922.000000	0.020799
921.000000	0.020719
920.000000	0.020609
919.000000	0.020510
918.000000	0.020435
917.000000	0.020341
916.000000	0.020224
915.000000	0.020151
914.000000	0.020154
913.000000	0.020172
912.000000	0.020152
911.000000	0.020102
910.000000	0.020035
909.000000	0.019931
908.000000	0.019816
907.000000	0.019759
906.000000	0.019778
905.000000	0.019816
904.000000	0.019847
903.000000	0.019911
902.000000	0.019997
901.000000	0.020025
900.000000	0.019970
899.000000	0.019911
898.000000	0.019894
897.000000	0.019873
896.000000	0.019815
895.000000	0.019763
894.000000	0.019735
893.000000	0.019674
892.000000	0.019545
891.000000	0.019402
890.000000	0.019282
889.000000	0.019154
888.000000	0.019003
887.000000	0.018891
886.000000	0.018861
885.000000	0.018862
884.000000	0.018834
883.000000	0.018777
882.000000	0.018705
881.000000	0.018622
880.000000	0.018574
879.000000	0.018620
878.000000	0.018708
877.000000	0.018708
876.000000	0.018600
875.000000	0.018509
874.000000	0.018508
873.000000	0.018527
872.000000	0.018497
871.000000	0.018457
870.000000	0.018455
869.000000	0.018457
868.000000	0.018423
867.000000	0.018367
866.000000	0.018283
865.000000	0.018136
864.000000	0.017957
863.000000	0.017851
862.000000	0.017852
861.000000	0.017880
860.000000	0.017884
859.000000	0.017909
858.000000	0.017975
857.000000	0.018013
856.000000	0.017975
855.000000	0.017915
854.000000	0.017885
853.000000	0.017876
852.000000	0.017887
851.000000	0.017945
850.000000	0.018026
849.000000	0.018051
848.000000	0.018004
847.000000	0.017956
846.000000	0.017935
845.000000	0.017904
844.000000	0.017880
843.000000	0.017940
842.000000	0.018072
841.000000	0.018168
840.000000	0.018189
839.000000	0.018219
838.000000	0.018293
837.000000	0.018349
836.000000	0.018376
835.000000	0.018466
834.000000	0.018643
833.000000	0.018799
832.000000	0.018863
831.000000	0.018900
830.000000	0.018970
829.000000	0.019028
828.000000	0.019058
827.000000	0.019146
826.000000	0.019327
825.000000	0.019491
824.000000	0.019536
823.000000	0.019487
822.000000	0.019410
821.000000	0.019322
820.000000	0.019269
819.000000	0.019326
818.000000	0.019463
817.000000	0.019549
816.000000	0.019548
815.000000	0.019575
814.000000	0.019702
813.000000	0.019847
812.000000	0.019931
811.000000	0.019987
810.000000	0.020055
809.000000	0.020102
808.000000	0.020121
807.000000	0.020180
806.000000	0.020285
805.000000	0.020342
804.000000	0.020324
803.000000	0.020331
802.000000	0.020421
801.000000	0.020511
800.000000	0.020539
799.000000	0.020571
798.000000	0.020664
797.000000	0.020762
796.000000	0.020812
795.000000	0.020866
794.000000	0.020970
793.000000	0.021084
792.000000	0.021188
791.000000	0.021328
790.000000	0.021513
789.000000	0.021677
788.000000	0.021816
787.000000	0.022019
786.000000	0.022302
785.000000	0.022550
784.000000	0.022684
783.000000	0.022783
782.000000	0.022949
781.000000	0.023173
780.000000	0.023410
779.000000	0.023648
778.000000	0.023862
777.000000	0.023991
776.000000	0.024057
775.000000	0.024170
774.000000	0.024369
773.000000	0.024561
772.000000	0.024676
771.000000	0.024755
770.000000	0.024844
769.000000	0.024930
768.000000	0.025027
767.000000	0.025196
766.000000	0.025415
765.000000	0.025567
764.000000	0.025612
763.000000	0.025633
762.000000	0.025687
761.000000	0.025725
760.000000	0.025743
759.000000	0.025829
758.000000	0.026007
757.000000	0.026175
756.000000	0.026265
755.000000	0.026331
754.000000	0.026421
753.000000	0.026525
752.000000	0.026677
751.000000	0.026953
750.000000	0.027298
749.000000	0.027518
748.000000	0.027539
747.000000	0.027516
746.000000	0.027596
745.000000	0.027733
744.000000	0.027821
743.000000	0.027861
742.000000	0.027905
741.000000	0.027947
740.000000	0.027972
739.000000	0.027999
738.000000	0.028015
737.000000	0.027981
736.000000	0.027952
735.000000	0.028051
734.000000	0.028278
733.000000	0.028489
732.000000	0.028627
731.000000	0.028808
730.000000	0.029109
729.000000	0.029432
728.000000	0.029678
727.000000	0.029896
726.000000	0.030180
725.000000	0.030542
724.000000	0.030974
723.000000	0.031476
722.000000	0.031975
721.000000	0.032357
720.000000	0.032660
719.000000	0.033073
718.000000	0.033660
717.000000	0.034247
716.000000	0.034681
715.000000	0.035012
714.000000	0.035370
713.000000	0.035787
712.000000	0.036273
711.000000	0.036865
710.000000	0.037521
709.000000	0.038094
708.000000	0.038535
707.000000	0.038983
706.000000	0.039556
705.000000	0.040201
704.000000	0.040824
703.000000	0.041430
702.000000	0.042029
701.000000	0.042537
700.000000	0.042892
699.000000	0.043127
698.000000	0.043257
697.000000	0.043230
696.000000	0.043076
695.000000	0.042945
694.000000	0.042910
693.000000	0.042893
692.000000	0.042858
691.000000	0.042875
690.000000	0.042936
689.000000	0.042893
688.000000	0.042720
687.000000	0.042606
686.000000	0.042670
685.000000	0.042783
684.000000	0.042815
683.000000	0.042849
682.000000	0.043002
681.000000	0.043229
680.000000	0.043425
679.000000	0.043573
678.000000	0.043663
677.000000	0.043656
676.000000	0.043615
675.000000	0.043677
674.000000	0.043838
673.000000	0.043940
672.000000	0.043934
671.000000	0.043947
670.000000	0.044023
669.000000	0.043995
668.000000	0.043812
667.000000	0.043805
666.000000	0.044070
665.000000	0.044393
664.000000	0.044641
663.000000	0.044853
662.000000	0.045082
661.000000	0.045260
660.000000	0.045330
659.000000	0.045378
658.000000	0.045487
657.000000	0.045610
656.000000	0.045686
655.000000	0.045737
654.000000	0.045771
653.000000	0.045729
652.000000	0.045634
651.000000	0.045639
650.000000	0.045825
649.000000	0.046091
648.000000	0.046350
647.000000	0.046644
646.000000	0.046982
645.000000	0.047246
644.000000	0.047389
643.000000	0.047524
642.000000	0.047703
641.000000	0.047796
640.000000	0.047726
639.000000	0.047635
638.000000	0.047664
637.000000	0.047755
636.000000	0.047816
635.000000	0.047902
634.000000	0.048078
633.000000	0.048268
632.000000	0.048412
631.000000	0.048603
630.000000	0.048907
629.000000	0.049213
628.000000	0.049393
627.000000	0.049462
626.000000	0.049459
625.000000	0.049361
624.000000	0.049241
623.000000	0.049312
622.000000	0.049652
621.000000	0.050041
620.000000	0.050224
619.000000	0.050183
618.000000	0.050017
617.000000	0.049765
616.000000	0.049500
615.000000	0.049400
614.000000	0.049532
613.000000	0.049720
612.000000	0.049774
611.000000	0.049704
610.000000	0.049595
609.000000	0.049454
608.000000	0.049306
607.000000	0.049231
606.000000	0.049192
605.000000	0.049031
604.000000	0.048778
603.000000	0.048690
602.000000	0.048842
601.000000	0.048951
600.000000	0.048796
599.000000	0.048535
598.000000	0.048423
597.000000	0.048464
596.000000	0.048545
595.000000	0.048683
594.000000	0.048899
593.000000	0.049072
592.000000	0.049119
591.000000	0.049145
590.000000	0.049235
589.000000	0.049292
588.000000	0.049234
587.000000	0.049137
586.000000	0.049063
585.000000	0.048969
584.000000	0.048902
583.000000	0.049029
582.000000	0.049351
581.000000	0.049664
580.000000	0.049933
579.000000	0.050360
578.000000	0.050939
577.000000	0.051308
576.000000	0.051266
575.000000	0.051073
574.000000	0.051000
573.000000	0.050928
572.000000	0.050680
571.000000	0.050424
570.000000	0.050402
569.000000	0.050546
568.000000	0.050648
567.000000	0.050693
566.000000	0.050758
565.000000	0.050813
564.000000	0.050867
563.000000	0.051062
562.000000	0.051401
561.000000	0.051648
560.000000	0.051678
559.000000	0.051673
558.000000	0.051774
557.000000	0.051854
556.000000	0.051810
555.000000	0.051761
554.000000	0.051749
553.000000	0.051596
552.000000	0.051283
551.000000	0.051117
550.000000	0.051251
549.000000	0.051388
548.000000	0.051229
547.000000	0.050908
546.000000	0.050736
545.000000	0.050814
544.000000	0.051101
543.000000	0.051553
542.000000	0.051983
541.000000	0.052142
540.000000	0.052105
539.000000	0.052206
538.000000	0.052440
537.000000	0.052404
536.000000	0.052029
535.000000	0.051829
534.000000	0.052132
533.000000	0.052558
532.000000	0.052663
531.000000	0.052611
530.000000	0.052825
529.000000	0.053350
528.000000	0.053926
527.000000	0.054358
526.000000	0.054520
525.000000	0.054350
524.000000	0.054100
523.000000	0.054172
522.000000	0.054498
521.000000	0.054488
520.000000	0.053848
519.000000	0.053039
518.000000	0.052604
517.000000	0.052482
516.000000	0.052353
515.000000	0.052185
514.000000	0.052046
513.000000	0.051856
512.000000	0.051690
511.000000	0.051866
510.000000	0.052400
509.000000	0.052808
508.000000	0.052766
507.000000	0.052533
506.000000	0.052401
505.000000	0.052231
504.000000	0.051843
503.000000	0.051382
502.000000	0.050971
501.000000	0.050515
500.000000	0.050169
499.000000	0.050372
498.000000	0.051062
497.000000	0.051491
496.000000	0.051215
495.000000	0.050711
494.000000	0.050563
493.000000	0.050627
492.000000	0.050534
491.000000	0.050403
490.000000	0.050466
489.000000	0.050511
488.000000	0.050257
487.000000	0.049842
486.000000	0.049439
485.000000	0.048932
484.000000	0.048433
483.000000	0.048535
482.000000	0.049410
481.000000	0.050325
480.000000	0.050615
479.000000	0.050521
478.000000	0.050583
477.000000	0.050760
476.000000	0.050805
475.000000	0.050912
474.000000	0.051321
473.000000	0.051733
472.000000	0.051792
471.000000	0.051670
470.000000	0.051501
469.000000	0.050896
468.000000	0.049740
467.000000	0.048811
466.000000	0.048881
465.000000	0.049658
464.000000	0.050323
463.000000	0.050508
462.000000	0.050258
461.000000	0.049732
460.000000	0.049421
459.000000	0.049990
458.000000	0.051195
457.000000	0.051683
456.000000	0.050868
455.000000	0.049829
454.000000	0.049597
453.000000	0.049816
452.000000	0.049542
451.000000	0.048613
450.000000	0.047628
449.000000	0.047134
448.000000	0.047442
447.000000	0.048465
446.000000	0.049272
445.000000	0.048709
444.000000	0.046937
443.000000	0.045566
442.000000	0.045636
441.000000	0.046385
440.000000	0.046772
439.000000	0.046912
438.000000	0.047201
437.000000	0.047257
436.000000	0.046643
435.000000	0.045830
434.000000	0.045344
433.000000	0.044853
432.000000	0.043987
431.000000	0.043131
430.000000	0.042542
429.000000	0.041713
428.000000	0.040518
427.000000	0.039926
426.000000	0.040619
425.000000	0.041808
424.000000	0.042452
423.000000	0.042740
422.000000	0.043278
421.000000	0.043866
420.000000	0.044144
419.000000	0.044340
418.000000	0.044077
417.000000	0.042197
416.000000	0.039072
415.000000	0.036668
414.000000	0.036120
413.000000	0.036454
412.000000	0.036537
411.000000	0.036925
410.000000	0.038310
409.000000	0.039853
408.000000	0.040793
407.000000	0.041923
406.000000	0.043565
405.000000	0.044091
404.000000	0.042620
403.000000	0.041075
402.000000	0.041595
401.000000	0.043235
400.000000	0.043894
