PE IR       SUBTECH     SPECTRUM    ASCII       PEDS        4.00        
   -1
4_8_24 BW ECS Inner 2.ASC
24/04/08
18:02:05.00
24/04/08
18:02:18.00
Yarger Lab
Sample 083 By YargerLab Date Monday, April 08 2024
400.000000
#HDR
-1
-1
#GR
cm-1
A
1.0
0.0
4500.000000
-1.000000
4101
8
0.085096
0.008618
#DATA
4500.000000	0.013190
4499.000000	0.013217
4498.000000	0.013244
4497.000000	0.013277
4496.000000	0.013307
4495.000000	0.013326
4494.000000	0.013326
4493.000000	0.013309
4492.000000	0.013281
4491.000000	0.013246
4490.000000	0.013199
4489.000000	0.013149
4488.000000	0.013113
4487.000000	0.013106
4486.000000	0.013118
4485.000000	0.013124
4484.000000	0.013113
4483.000000	0.013092
4482.000000	0.013076
4481.000000	0.013081
4480.000000	0.013113
4479.000000	0.013161
4478.000000	0.013203
4477.000000	0.013225
4476.000000	0.013227
4475.000000	0.013221
4474.000000	0.013210
4473.000000	0.013202
4472.000000	0.013210
4471.000000	0.013243
4470.000000	0.013289
4469.000000	0.013325
4468.000000	0.013333
4467.000000	0.013310
4466.000000	0.013267
4465.000000	0.013223
4464.000000	0.013199
4463.000000	0.013191
4462.000000	0.013182
4461.000000	0.013155
4460.000000	0.013117
4459.000000	0.013085
4458.000000	0.013068
4457.000000	0.013069
4456.000000	0.013086
4455.000000	0.013115
4454.000000	0.013145
4453.000000	0.013171
4452.000000	0.013197
4451.000000	0.013227
4450.000000	0.013260
4449.000000	0.013291
4448.000000	0.013314
4447.000000	0.013319
4446.000000	0.013298
4445.000000	0.013254
4444.000000	0.013202
4443.000000	0.013161
4442.000000	0.013136
4441.000000	0.013127
4440.000000	0.013138
4439.000000	0.013166
4438.000000	0.013200
4437.000000	0.013229
4436.000000	0.013246
4435.000000	0.013255
4434.000000	0.013258
4433.000000	0.013262
4432.000000	0.013276
4431.000000	0.013301
4430.000000	0.013327
4429.000000	0.013347
4428.000000	0.013356
4427.000000	0.013353
4426.000000	0.013330
4425.000000	0.013285
4424.000000	0.013227
4423.000000	0.013175
4422.000000	0.013141
4421.000000	0.013133
4420.000000	0.013155
4419.000000	0.013197
4418.000000	0.013244
4417.000000	0.013278
4416.000000	0.013294
4415.000000	0.013299
4414.000000	0.013297
4413.000000	0.013296
4412.000000	0.013303
4411.000000	0.013314
4410.000000	0.013317
4409.000000	0.013302
4408.000000	0.013273
4407.000000	0.013243
4406.000000	0.013225
4405.000000	0.013226
4404.000000	0.013251
4403.000000	0.013288
4402.000000	0.013321
4401.000000	0.013333
4400.000000	0.013328
4399.000000	0.013320
4398.000000	0.013322
4397.000000	0.013338
4396.000000	0.013367
4395.000000	0.013403
4394.000000	0.013435
4393.000000	0.013455
4392.000000	0.013463
4391.000000	0.013459
4390.000000	0.013445
4389.000000	0.013422
4388.000000	0.013396
4387.000000	0.013366
4386.000000	0.013323
4385.000000	0.013267
4384.000000	0.013217
4383.000000	0.013198
4382.000000	0.013218
4381.000000	0.013268
4380.000000	0.013326
4379.000000	0.013372
4378.000000	0.013389
4377.000000	0.013378
4376.000000	0.013352
4375.000000	0.013330
4374.000000	0.013320
4373.000000	0.013325
4372.000000	0.013342
4371.000000	0.013365
4370.000000	0.013386
4369.000000	0.013401
4368.000000	0.013413
4367.000000	0.013420
4366.000000	0.013412
4365.000000	0.013384
4364.000000	0.013346
4363.000000	0.013310
4362.000000	0.013286
4361.000000	0.013279
4360.000000	0.013291
4359.000000	0.013320
4358.000000	0.013350
4357.000000	0.013371
4356.000000	0.013382
4355.000000	0.013387
4354.000000	0.013389
4353.000000	0.013387
4352.000000	0.013378
4351.000000	0.013361
4350.000000	0.013342
4349.000000	0.013329
4348.000000	0.013335
4347.000000	0.013359
4346.000000	0.013387
4345.000000	0.013411
4344.000000	0.013431
4343.000000	0.013451
4342.000000	0.013468
4341.000000	0.013475
4340.000000	0.013475
4339.000000	0.013471
4338.000000	0.013461
4337.000000	0.013440
4336.000000	0.013411
4335.000000	0.013388
4334.000000	0.013384
4333.000000	0.013409
4332.000000	0.013461
4331.000000	0.013522
4330.000000	0.013565
4329.000000	0.013575
4328.000000	0.013554
4327.000000	0.013520
4326.000000	0.013485
4325.000000	0.013452
4324.000000	0.013426
4323.000000	0.013407
4322.000000	0.013395
4321.000000	0.013390
4320.000000	0.013391
4319.000000	0.013397
4318.000000	0.013402
4317.000000	0.013406
4316.000000	0.013416
4315.000000	0.013432
4314.000000	0.013443
4313.000000	0.013433
4312.000000	0.013402
4311.000000	0.013362
4310.000000	0.013324
4309.000000	0.013297
4308.000000	0.013285
4307.000000	0.013294
4306.000000	0.013320
4305.000000	0.013358
4304.000000	0.013401
4303.000000	0.013439
4302.000000	0.013460
4301.000000	0.013459
4300.000000	0.013441
4299.000000	0.013419
4298.000000	0.013399
4297.000000	0.013384
4296.000000	0.013375
4295.000000	0.013370
4294.000000	0.013364
4293.000000	0.013358
4292.000000	0.013358
4291.000000	0.013364
4290.000000	0.013368
4289.000000	0.013363
4288.000000	0.013352
4287.000000	0.013345
4286.000000	0.013349
4285.000000	0.013365
4284.000000	0.013394
4283.000000	0.013428
4282.000000	0.013457
4281.000000	0.013474
4280.000000	0.013477
4279.000000	0.013465
4278.000000	0.013438
4277.000000	0.013401
4276.000000	0.013369
4275.000000	0.013360
4274.000000	0.013379
4273.000000	0.013417
4272.000000	0.013461
4271.000000	0.013495
4270.000000	0.013507
4269.000000	0.013499
4268.000000	0.013480
4267.000000	0.013461
4266.000000	0.013449
4265.000000	0.013446
4264.000000	0.013454
4263.000000	0.013471
4262.000000	0.013488
4261.000000	0.013495
4260.000000	0.013488
4259.000000	0.013469
4258.000000	0.013448
4257.000000	0.013433
4256.000000	0.013434
4255.000000	0.013448
4254.000000	0.013468
4253.000000	0.013484
4252.000000	0.013496
4251.000000	0.013501
4250.000000	0.013495
4249.000000	0.013477
4248.000000	0.013455
4247.000000	0.013443
4246.000000	0.013443
4245.000000	0.013452
4244.000000	0.013465
4243.000000	0.013475
4242.000000	0.013481
4241.000000	0.013477
4240.000000	0.013466
4239.000000	0.013448
4238.000000	0.013428
4237.000000	0.013411
4236.000000	0.013400
4235.000000	0.013397
4234.000000	0.013397
4233.000000	0.013397
4232.000000	0.013399
4231.000000	0.013404
4230.000000	0.013413
4229.000000	0.013425
4228.000000	0.013438
4227.000000	0.013450
4226.000000	0.013451
4225.000000	0.013436
4224.000000	0.013411
4223.000000	0.013386
4222.000000	0.013369
4221.000000	0.013361
4220.000000	0.013360
4219.000000	0.013364
4218.000000	0.013373
4217.000000	0.013390
4216.000000	0.013411
4215.000000	0.013432
4214.000000	0.013444
4213.000000	0.013444
4212.000000	0.013435
4211.000000	0.013422
4210.000000	0.013408
4209.000000	0.013391
4208.000000	0.013373
4207.000000	0.013362
4206.000000	0.013363
4205.000000	0.013382
4204.000000	0.013418
4203.000000	0.013458
4202.000000	0.013483
4201.000000	0.013484
4200.000000	0.013465
4199.000000	0.013439
4198.000000	0.013413
4197.000000	0.013384
4196.000000	0.013354
4195.000000	0.013333
4194.000000	0.013331
4193.000000	0.013352
4192.000000	0.013392
4191.000000	0.013439
4190.000000	0.013482
4189.000000	0.013515
4188.000000	0.013540
4187.000000	0.013556
4186.000000	0.013560
4185.000000	0.013548
4184.000000	0.013525
4183.000000	0.013500
4182.000000	0.013480
4181.000000	0.013468
4180.000000	0.013465
4179.000000	0.013468
4178.000000	0.013471
4177.000000	0.013463
4176.000000	0.013444
4175.000000	0.013415
4174.000000	0.013386
4173.000000	0.013366
4172.000000	0.013358
4171.000000	0.013357
4170.000000	0.013358
4169.000000	0.013359
4168.000000	0.013368
4167.000000	0.013390
4166.000000	0.013420
4165.000000	0.013449
4164.000000	0.013468
4163.000000	0.013474
4162.000000	0.013467
4161.000000	0.013458
4160.000000	0.013454
4159.000000	0.013457
4158.000000	0.013461
4157.000000	0.013458
4156.000000	0.013449
4155.000000	0.013435
4154.000000	0.013416
4153.000000	0.013397
4152.000000	0.013382
4151.000000	0.013380
4150.000000	0.013394
4149.000000	0.013420
4148.000000	0.013456
4147.000000	0.013491
4146.000000	0.013509
4145.000000	0.013496
4144.000000	0.013457
4143.000000	0.013408
4142.000000	0.013372
4141.000000	0.013362
4140.000000	0.013377
4139.000000	0.013403
4138.000000	0.013425
4137.000000	0.013434
4136.000000	0.013431
4135.000000	0.013423
4134.000000	0.013419
4133.000000	0.013422
4132.000000	0.013433
4131.000000	0.013448
4130.000000	0.013465
4129.000000	0.013482
4128.000000	0.013497
4127.000000	0.013505
4126.000000	0.013501
4125.000000	0.013489
4124.000000	0.013479
4123.000000	0.013473
4122.000000	0.013464
4121.000000	0.013443
4120.000000	0.013413
4119.000000	0.013389
4118.000000	0.013387
4117.000000	0.013409
4116.000000	0.013442
4115.000000	0.013472
4114.000000	0.013492
4113.000000	0.013506
4112.000000	0.013515
4111.000000	0.013514
4110.000000	0.013495
4109.000000	0.013455
4108.000000	0.013406
4107.000000	0.013370
4106.000000	0.013358
4105.000000	0.013369
4104.000000	0.013388
4103.000000	0.013403
4102.000000	0.013410
4101.000000	0.013413
4100.000000	0.013420
4099.000000	0.013434
4098.000000	0.013452
4097.000000	0.013472
4096.000000	0.013494
4095.000000	0.013513
4094.000000	0.013523
4093.000000	0.013523
4092.000000	0.013518
4091.000000	0.013517
4090.000000	0.013520
4089.000000	0.013524
4088.000000	0.013520
4087.000000	0.013504
4086.000000	0.013477
4085.000000	0.013450
4084.000000	0.013434
4083.000000	0.013433
4082.000000	0.013441
4081.000000	0.013454
4080.000000	0.013473
4079.000000	0.013502
4078.000000	0.013537
4077.000000	0.013565
4076.000000	0.013570
4075.000000	0.013553
4074.000000	0.013523
4073.000000	0.013492
4072.000000	0.013467
4071.000000	0.013444
4070.000000	0.013424
4069.000000	0.013414
4068.000000	0.013419
4067.000000	0.013440
4066.000000	0.013470
4065.000000	0.013501
4064.000000	0.013532
4063.000000	0.013558
4062.000000	0.013578
4061.000000	0.013591
4060.000000	0.013601
4059.000000	0.013613
4058.000000	0.013624
4057.000000	0.013623
4056.000000	0.013599
4055.000000	0.013556
4054.000000	0.013512
4053.000000	0.013488
4052.000000	0.013495
4051.000000	0.013522
4050.000000	0.013551
4049.000000	0.013564
4048.000000	0.013560
4047.000000	0.013544
4046.000000	0.013525
4045.000000	0.013505
4044.000000	0.013483
4043.000000	0.013461
4042.000000	0.013447
4041.000000	0.013446
4040.000000	0.013457
4039.000000	0.013473
4038.000000	0.013485
4037.000000	0.013488
4036.000000	0.013484
4035.000000	0.013474
4034.000000	0.013462
4033.000000	0.013450
4032.000000	0.013445
4031.000000	0.013449
4030.000000	0.013460
4029.000000	0.013470
4028.000000	0.013471
4027.000000	0.013467
4026.000000	0.013462
4025.000000	0.013466
4024.000000	0.013481
4023.000000	0.013505
4022.000000	0.013531
4021.000000	0.013550
4020.000000	0.013556
4019.000000	0.013549
4018.000000	0.013535
4017.000000	0.013522
4016.000000	0.013510
4015.000000	0.013500
4014.000000	0.013496
4013.000000	0.013506
4012.000000	0.013532
4011.000000	0.013563
4010.000000	0.013582
4009.000000	0.013583
4008.000000	0.013579
4007.000000	0.013587
4006.000000	0.013612
4005.000000	0.013641
4004.000000	0.013658
4003.000000	0.013654
4002.000000	0.013632
4001.000000	0.013604
4000.000000	0.013577
3999.000000	0.013555
3998.000000	0.013540
3997.000000	0.013534
3996.000000	0.013533
3995.000000	0.013529
3994.000000	0.013517
3993.000000	0.013503
3992.000000	0.013494
3991.000000	0.013493
3990.000000	0.013495
3989.000000	0.013491
3988.000000	0.013481
3987.000000	0.013474
3986.000000	0.013481
3985.000000	0.013499
3984.000000	0.013519
3983.000000	0.013534
3982.000000	0.013544
3981.000000	0.013553
3980.000000	0.013563
3979.000000	0.013571
3978.000000	0.013576
3977.000000	0.013577
3976.000000	0.013574
3975.000000	0.013568
3974.000000	0.013559
3973.000000	0.013544
3972.000000	0.013525
3971.000000	0.013505
3970.000000	0.013489
3969.000000	0.013484
3968.000000	0.013489
3967.000000	0.013499
3966.000000	0.013508
3965.000000	0.013514
3964.000000	0.013513
3963.000000	0.013507
3962.000000	0.013493
3961.000000	0.013478
3960.000000	0.013469
3959.000000	0.013468
3958.000000	0.013475
3957.000000	0.013486
3956.000000	0.013498
3955.000000	0.013510
3954.000000	0.013523
3953.000000	0.013529
3952.000000	0.013522
3951.000000	0.013504
3950.000000	0.013489
3949.000000	0.013489
3948.000000	0.013508
3947.000000	0.013539
3946.000000	0.013567
3945.000000	0.013581
3944.000000	0.013580
3943.000000	0.013561
3942.000000	0.013526
3941.000000	0.013478
3940.000000	0.013431
3939.000000	0.013400
3938.000000	0.013398
3937.000000	0.013425
3936.000000	0.013471
3935.000000	0.013517
3934.000000	0.013551
3933.000000	0.013562
3932.000000	0.013550
3931.000000	0.013520
3930.000000	0.013487
3929.000000	0.013468
3928.000000	0.013468
3927.000000	0.013481
3926.000000	0.013492
3925.000000	0.013486
3924.000000	0.013463
3923.000000	0.013434
3922.000000	0.013413
3921.000000	0.013407
3920.000000	0.013411
3919.000000	0.013413
3918.000000	0.013405
3917.000000	0.013391
3916.000000	0.013382
3915.000000	0.013388
3914.000000	0.013410
3913.000000	0.013438
3912.000000	0.013460
3911.000000	0.013466
3910.000000	0.013463
3909.000000	0.013458
3908.000000	0.013457
3907.000000	0.013458
3906.000000	0.013459
3905.000000	0.013462
3904.000000	0.013466
3903.000000	0.013470
3902.000000	0.013472
3901.000000	0.013471
3900.000000	0.013469
3899.000000	0.013465
3898.000000	0.013459
3897.000000	0.013446
3896.000000	0.013428
3895.000000	0.013406
3894.000000	0.013384
3893.000000	0.013366
3892.000000	0.013357
3891.000000	0.013359
3890.000000	0.013373
3889.000000	0.013394
3888.000000	0.013411
3887.000000	0.013423
3886.000000	0.013428
3885.000000	0.013430
3884.000000	0.013436
3883.000000	0.013452
3882.000000	0.013469
3881.000000	0.013474
3880.000000	0.013458
3879.000000	0.013432
3878.000000	0.013411
3877.000000	0.013405
3876.000000	0.013413
3875.000000	0.013424
3874.000000	0.013431
3873.000000	0.013431
3872.000000	0.013436
3871.000000	0.013451
3870.000000	0.013469
3869.000000	0.013479
3868.000000	0.013478
3867.000000	0.013474
3866.000000	0.013473
3865.000000	0.013469
3864.000000	0.013449
3863.000000	0.013411
3862.000000	0.013372
3861.000000	0.013345
3860.000000	0.013329
3859.000000	0.013311
3858.000000	0.013282
3857.000000	0.013240
3856.000000	0.013201
3855.000000	0.013197
3854.000000	0.013234
3853.000000	0.013282
3852.000000	0.013318
3851.000000	0.013343
3850.000000	0.013353
3849.000000	0.013350
3848.000000	0.013338
3847.000000	0.013327
3846.000000	0.013322
3845.000000	0.013324
3844.000000	0.013330
3843.000000	0.013341
3842.000000	0.013358
3841.000000	0.013376
3840.000000	0.013385
3839.000000	0.013378
3838.000000	0.013360
3837.000000	0.013343
3836.000000	0.013329
3835.000000	0.013315
3834.000000	0.013299
3833.000000	0.013286
3832.000000	0.013276
3831.000000	0.013269
3830.000000	0.013268
3829.000000	0.013275
3828.000000	0.013288
3827.000000	0.013300
3826.000000	0.013303
3825.000000	0.013299
3824.000000	0.013296
3823.000000	0.013303
3822.000000	0.013311
3821.000000	0.013300
3820.000000	0.013266
3819.000000	0.013230
3818.000000	0.013212
3817.000000	0.013213
3816.000000	0.013215
3815.000000	0.013201
3814.000000	0.013174
3813.000000	0.013151
3812.000000	0.013138
3811.000000	0.013128
3810.000000	0.013107
3809.000000	0.013078
3808.000000	0.013054
3807.000000	0.013055
3806.000000	0.013084
3805.000000	0.013131
3804.000000	0.013172
3803.000000	0.013190
3802.000000	0.013180
3801.000000	0.013151
3800.000000	0.013119
3799.000000	0.013095
3798.000000	0.013083
3797.000000	0.013081
3796.000000	0.013088
3795.000000	0.013099
3794.000000	0.013115
3793.000000	0.013136
3792.000000	0.013158
3791.000000	0.013172
3790.000000	0.013172
3789.000000	0.013156
3788.000000	0.013129
3787.000000	0.013096
3786.000000	0.013062
3785.000000	0.013035
3784.000000	0.013021
3783.000000	0.013024
3782.000000	0.013039
3781.000000	0.013057
3780.000000	0.013063
3779.000000	0.013049
3778.000000	0.013024
3777.000000	0.013000
3776.000000	0.012983
3775.000000	0.012972
3774.000000	0.012968
3773.000000	0.012975
3772.000000	0.012994
3771.000000	0.013015
3770.000000	0.013025
3769.000000	0.013015
3768.000000	0.012991
3767.000000	0.012962
3766.000000	0.012937
3765.000000	0.012920
3764.000000	0.012910
3763.000000	0.012912
3762.000000	0.012930
3761.000000	0.012960
3760.000000	0.012989
3759.000000	0.013002
3758.000000	0.013000
3757.000000	0.012992
3756.000000	0.012982
3755.000000	0.012976
3754.000000	0.012988
3753.000000	0.013032
3752.000000	0.013097
3751.000000	0.013156
3750.000000	0.013188
3749.000000	0.013194
3748.000000	0.013174
3747.000000	0.013131
3746.000000	0.013090
3745.000000	0.013073
3744.000000	0.013074
3743.000000	0.013075
3742.000000	0.013069
3741.000000	0.013060
3740.000000	0.013053
3739.000000	0.013050
3738.000000	0.013054
3737.000000	0.013056
3736.000000	0.013037
3735.000000	0.012986
3734.000000	0.012926
3733.000000	0.012892
3732.000000	0.012891
3731.000000	0.012902
3730.000000	0.012903
3729.000000	0.012893
3728.000000	0.012886
3727.000000	0.012897
3726.000000	0.012925
3725.000000	0.012955
3724.000000	0.012959
3723.000000	0.012924
3722.000000	0.012858
3721.000000	0.012789
3720.000000	0.012740
3719.000000	0.012719
3718.000000	0.012723
3717.000000	0.012744
3716.000000	0.012776
3715.000000	0.012813
3714.000000	0.012851
3713.000000	0.012879
3712.000000	0.012876
3711.000000	0.012842
3710.000000	0.012804
3709.000000	0.012785
3708.000000	0.012780
3707.000000	0.012772
3706.000000	0.012754
3705.000000	0.012733
3704.000000	0.012717
3703.000000	0.012705
3702.000000	0.012694
3701.000000	0.012687
3700.000000	0.012687
3699.000000	0.012698
3698.000000	0.012716
3697.000000	0.012737
3696.000000	0.012757
3695.000000	0.012771
3694.000000	0.012780
3693.000000	0.012781
3692.000000	0.012765
3691.000000	0.012731
3690.000000	0.012691
3689.000000	0.012657
3688.000000	0.012627
3687.000000	0.012591
3686.000000	0.012551
3685.000000	0.012520
3684.000000	0.012515
3683.000000	0.012538
3682.000000	0.012583
3681.000000	0.012639
3680.000000	0.012690
3679.000000	0.012723
3678.000000	0.012739
3677.000000	0.012746
3676.000000	0.012745
3675.000000	0.012738
3674.000000	0.012745
3673.000000	0.012778
3672.000000	0.012826
3671.000000	0.012861
3670.000000	0.012856
3669.000000	0.012815
3668.000000	0.012770
3667.000000	0.012741
3666.000000	0.012725
3665.000000	0.012713
3664.000000	0.012700
3663.000000	0.012686
3662.000000	0.012682
3661.000000	0.012702
3660.000000	0.012743
3659.000000	0.012787
3658.000000	0.012815
3657.000000	0.012824
3656.000000	0.012828
3655.000000	0.012848
3654.000000	0.012893
3653.000000	0.012959
3652.000000	0.013033
3651.000000	0.013090
3650.000000	0.013095
3649.000000	0.013035
3648.000000	0.012956
3647.000000	0.012914
3646.000000	0.012929
3645.000000	0.012979
3644.000000	0.013028
3643.000000	0.013051
3642.000000	0.013038
3641.000000	0.013001
3640.000000	0.012962
3639.000000	0.012949
3638.000000	0.012973
3637.000000	0.013025
3636.000000	0.013079
3635.000000	0.013112
3634.000000	0.013121
3633.000000	0.013120
3632.000000	0.013129
3631.000000	0.013164
3630.000000	0.013220
3629.000000	0.013269
3628.000000	0.013290
3627.000000	0.013293
3626.000000	0.013297
3625.000000	0.013305
3624.000000	0.013311
3623.000000	0.013307
3622.000000	0.013301
3621.000000	0.013307
3620.000000	0.013334
3619.000000	0.013373
3618.000000	0.013416
3617.000000	0.013458
3616.000000	0.013489
3615.000000	0.013503
3614.000000	0.013508
3613.000000	0.013516
3612.000000	0.013537
3611.000000	0.013570
3610.000000	0.013609
3609.000000	0.013640
3608.000000	0.013651
3607.000000	0.013640
3606.000000	0.013623
3605.000000	0.013615
3604.000000	0.013619
3603.000000	0.013626
3602.000000	0.013626
3601.000000	0.013628
3600.000000	0.013643
3599.000000	0.013678
3598.000000	0.013725
3597.000000	0.013772
3596.000000	0.013811
3595.000000	0.013843
3594.000000	0.013874
3593.000000	0.013915
3592.000000	0.013973
3591.000000	0.014048
3590.000000	0.014135
3589.000000	0.014214
3588.000000	0.014261
3587.000000	0.014272
3586.000000	0.014267
3585.000000	0.014268
3584.000000	0.014276
3583.000000	0.014286
3582.000000	0.014300
3581.000000	0.014320
3580.000000	0.014341
3579.000000	0.014354
3578.000000	0.014359
3577.000000	0.014369
3576.000000	0.014394
3575.000000	0.014433
3574.000000	0.014475
3573.000000	0.014509
3572.000000	0.014534
3571.000000	0.014563
3570.000000	0.014610
3569.000000	0.014675
3568.000000	0.014740
3567.000000	0.014782
3566.000000	0.014810
3565.000000	0.014844
3564.000000	0.014891
3563.000000	0.014944
3562.000000	0.014991
3561.000000	0.015020
3560.000000	0.015025
3559.000000	0.015009
3558.000000	0.014993
3557.000000	0.015001
3556.000000	0.015042
3555.000000	0.015105
3554.000000	0.015168
3553.000000	0.015213
3552.000000	0.015239
3551.000000	0.015262
3550.000000	0.015294
3549.000000	0.015334
3548.000000	0.015375
3547.000000	0.015415
3546.000000	0.015461
3545.000000	0.015516
3544.000000	0.015569
3543.000000	0.015606
3542.000000	0.015632
3541.000000	0.015662
3540.000000	0.015708
3539.000000	0.015763
3538.000000	0.015814
3537.000000	0.015855
3536.000000	0.015891
3535.000000	0.015930
3534.000000	0.015976
3533.000000	0.016025
3532.000000	0.016068
3531.000000	0.016101
3530.000000	0.016126
3529.000000	0.016148
3528.000000	0.016165
3527.000000	0.016177
3526.000000	0.016191
3525.000000	0.016221
3524.000000	0.016272
3523.000000	0.016348
3522.000000	0.016442
3521.000000	0.016539
3520.000000	0.016616
3519.000000	0.016663
3518.000000	0.016692
3517.000000	0.016726
3516.000000	0.016773
3515.000000	0.016823
3514.000000	0.016865
3513.000000	0.016891
3512.000000	0.016899
3511.000000	0.016893
3510.000000	0.016887
3509.000000	0.016900
3508.000000	0.016937
3507.000000	0.016986
3506.000000	0.017035
3505.000000	0.017082
3504.000000	0.017137
3503.000000	0.017205
3502.000000	0.017284
3501.000000	0.017368
3500.000000	0.017447
3499.000000	0.017511
3498.000000	0.017559
3497.000000	0.017594
3496.000000	0.017619
3495.000000	0.017640
3494.000000	0.017666
3493.000000	0.017703
3492.000000	0.017748
3491.000000	0.017794
3490.000000	0.017838
3489.000000	0.017887
3488.000000	0.017944
3487.000000	0.018008
3486.000000	0.018073
3485.000000	0.018132
3484.000000	0.018179
3483.000000	0.018217
3482.000000	0.018259
3481.000000	0.018318
3480.000000	0.018390
3479.000000	0.018462
3478.000000	0.018524
3477.000000	0.018581
3476.000000	0.018640
3475.000000	0.018704
3474.000000	0.018772
3473.000000	0.018839
3472.000000	0.018904
3471.000000	0.018965
3470.000000	0.019028
3469.000000	0.019097
3468.000000	0.019163
3467.000000	0.019214
3466.000000	0.019248
3465.000000	0.019272
3464.000000	0.019296
3463.000000	0.019328
3462.000000	0.019368
3461.000000	0.019413
3460.000000	0.019456
3459.000000	0.019488
3458.000000	0.019515
3457.000000	0.019549
3456.000000	0.019602
3455.000000	0.019670
3454.000000	0.019735
3453.000000	0.019785
3452.000000	0.019815
3451.000000	0.019839
3450.000000	0.019879
3449.000000	0.019946
3448.000000	0.020031
3447.000000	0.020112
3446.000000	0.020179
3445.000000	0.020236
3444.000000	0.020289
3443.000000	0.020344
3442.000000	0.020405
3441.000000	0.020476
3440.000000	0.020553
3439.000000	0.020624
3438.000000	0.020677
3437.000000	0.020714
3436.000000	0.020743
3435.000000	0.020765
3434.000000	0.020785
3433.000000	0.020817
3432.000000	0.020876
3431.000000	0.020961
3430.000000	0.021052
3429.000000	0.021128
3428.000000	0.021178
3427.000000	0.021210
3426.000000	0.021239
3425.000000	0.021280
3424.000000	0.021339
3423.000000	0.021413
3422.000000	0.021488
3421.000000	0.021552
3420.000000	0.021600
3419.000000	0.021643
3418.000000	0.021697
3417.000000	0.021772
3416.000000	0.021860
3415.000000	0.021942
3414.000000	0.022005
3413.000000	0.022048
3412.000000	0.022080
3411.000000	0.022113
3410.000000	0.022161
3409.000000	0.022227
3408.000000	0.022310
3407.000000	0.022399
3406.000000	0.022486
3405.000000	0.022565
3404.000000	0.022625
3403.000000	0.022664
3402.000000	0.022688
3401.000000	0.022712
3400.000000	0.022754
3399.000000	0.022816
3398.000000	0.022891
3397.000000	0.022969
3396.000000	0.023044
3395.000000	0.023116
3394.000000	0.023187
3393.000000	0.023258
3392.000000	0.023322
3391.000000	0.023375
3390.000000	0.023422
3389.000000	0.023467
3388.000000	0.023517
3387.000000	0.023570
3386.000000	0.023629
3385.000000	0.023694
3384.000000	0.023764
3383.000000	0.023834
3382.000000	0.023902
3381.000000	0.023968
3380.000000	0.024034
3379.000000	0.024100
3378.000000	0.024172
3377.000000	0.024259
3376.000000	0.024362
3375.000000	0.024471
3374.000000	0.024569
3373.000000	0.024638
3372.000000	0.024677
3371.000000	0.024705
3370.000000	0.024750
3369.000000	0.024831
3368.000000	0.024947
3367.000000	0.025083
3366.000000	0.025221
3365.000000	0.025354
3364.000000	0.025477
3363.000000	0.025591
3362.000000	0.025700
3361.000000	0.025810
3360.000000	0.025922
3359.000000	0.026030
3358.000000	0.026131
3357.000000	0.026228
3356.000000	0.026331
3355.000000	0.026446
3354.000000	0.026574
3353.000000	0.026711
3352.000000	0.026854
3351.000000	0.026999
3350.000000	0.027143
3349.000000	0.027276
3348.000000	0.027394
3347.000000	0.027498
3346.000000	0.027600
3345.000000	0.027715
3344.000000	0.027851
3343.000000	0.028007
3342.000000	0.028170
3341.000000	0.028324
3340.000000	0.028467
3339.000000	0.028610
3338.000000	0.028767
3337.000000	0.028934
3336.000000	0.029100
3335.000000	0.029259
3334.000000	0.029420
3333.000000	0.029590
3332.000000	0.029768
3331.000000	0.029945
3330.000000	0.030111
3329.000000	0.030260
3328.000000	0.030395
3327.000000	0.030534
3326.000000	0.030701
3325.000000	0.030906
3324.000000	0.031137
3323.000000	0.031369
3322.000000	0.031588
3321.000000	0.031792
3320.000000	0.031988
3319.000000	0.032186
3318.000000	0.032392
3317.000000	0.032608
3316.000000	0.032825
3315.000000	0.033036
3314.000000	0.033246
3313.000000	0.033462
3312.000000	0.033680
3311.000000	0.033886
3310.000000	0.034077
3309.000000	0.034258
3308.000000	0.034448
3307.000000	0.034663
3306.000000	0.034921
3305.000000	0.035221
3304.000000	0.035545
3303.000000	0.035862
3302.000000	0.036149
3301.000000	0.036399
3300.000000	0.036618
3299.000000	0.036820
3298.000000	0.037018
3297.000000	0.037219
3296.000000	0.037419
3295.000000	0.037611
3294.000000	0.037805
3293.000000	0.038016
3292.000000	0.038253
3291.000000	0.038509
3290.000000	0.038766
3289.000000	0.039015
3288.000000	0.039253
3287.000000	0.039481
3286.000000	0.039697
3285.000000	0.039894
3284.000000	0.040062
3283.000000	0.040199
3282.000000	0.040314
3281.000000	0.040423
3280.000000	0.040532
3279.000000	0.040634
3278.000000	0.040718
3277.000000	0.040782
3276.000000	0.040829
3275.000000	0.040865
3274.000000	0.040892
3273.000000	0.040905
3272.000000	0.040903
3271.000000	0.040885
3270.000000	0.040857
3269.000000	0.040821
3268.000000	0.040776
3267.000000	0.040721
3266.000000	0.040653
3265.000000	0.040564
3264.000000	0.040447
3263.000000	0.040301
3262.000000	0.040146
3261.000000	0.040004
3260.000000	0.039878
3259.000000	0.039749
3258.000000	0.039595
3257.000000	0.039409
3256.000000	0.039207
3255.000000	0.039008
3254.000000	0.038822
3253.000000	0.038644
3252.000000	0.038467
3251.000000	0.038290
3250.000000	0.038113
3249.000000	0.037940
3248.000000	0.037772
3247.000000	0.037614
3246.000000	0.037464
3245.000000	0.037315
3244.000000	0.037159
3243.000000	0.036995
3242.000000	0.036831
3241.000000	0.036666
3240.000000	0.036495
3239.000000	0.036310
3238.000000	0.036113
3237.000000	0.035913
3236.000000	0.035720
3235.000000	0.035546
3234.000000	0.035408
3233.000000	0.035310
3232.000000	0.035235
3231.000000	0.035154
3230.000000	0.035049
3229.000000	0.034924
3228.000000	0.034794
3227.000000	0.034664
3226.000000	0.034540
3225.000000	0.034425
3224.000000	0.034322
3223.000000	0.034226
3222.000000	0.034124
3221.000000	0.034006
3220.000000	0.033873
3219.000000	0.033740
3218.000000	0.033619
3217.000000	0.033516
3216.000000	0.033427
3215.000000	0.033347
3214.000000	0.033270
3213.000000	0.033191
3212.000000	0.033101
3211.000000	0.033003
3210.000000	0.032909
3209.000000	0.032827
3208.000000	0.032751
3207.000000	0.032670
3206.000000	0.032575
3205.000000	0.032466
3204.000000	0.032347
3203.000000	0.032225
3202.000000	0.032112
3201.000000	0.032017
3200.000000	0.031938
3199.000000	0.031865
3198.000000	0.031795
3197.000000	0.031729
3196.000000	0.031663
3195.000000	0.031589
3194.000000	0.031497
3193.000000	0.031386
3192.000000	0.031267
3191.000000	0.031155
3190.000000	0.031062
3189.000000	0.030985
3188.000000	0.030909
3187.000000	0.030818
3186.000000	0.030715
3185.000000	0.030613
3184.000000	0.030521
3183.000000	0.030435
3182.000000	0.030342
3181.000000	0.030231
3180.000000	0.030097
3179.000000	0.029946
3178.000000	0.029796
3177.000000	0.029667
3176.000000	0.029566
3175.000000	0.029486
3174.000000	0.029414
3173.000000	0.029339
3172.000000	0.029254
3171.000000	0.029149
3170.000000	0.029028
3169.000000	0.028902
3168.000000	0.028782
3167.000000	0.028671
3166.000000	0.028561
3165.000000	0.028447
3164.000000	0.028326
3163.000000	0.028202
3162.000000	0.028086
3161.000000	0.027985
3160.000000	0.027901
3159.000000	0.027827
3158.000000	0.027756
3157.000000	0.027684
3156.000000	0.027612
3155.000000	0.027536
3154.000000	0.027451
3153.000000	0.027350
3152.000000	0.027229
3151.000000	0.027098
3150.000000	0.026979
3149.000000	0.026892
3148.000000	0.026837
3147.000000	0.026793
3146.000000	0.026732
3145.000000	0.026644
3144.000000	0.026539
3143.000000	0.026438
3142.000000	0.026355
3141.000000	0.026286
3140.000000	0.026221
3139.000000	0.026152
3138.000000	0.026081
3137.000000	0.026019
3136.000000	0.025967
3135.000000	0.025919
3134.000000	0.025866
3133.000000	0.025808
3132.000000	0.025759
3131.000000	0.025725
3130.000000	0.025702
3129.000000	0.025667
3128.000000	0.025604
3127.000000	0.025514
3126.000000	0.025416
3125.000000	0.025332
3124.000000	0.025265
3123.000000	0.025208
3122.000000	0.025158
3121.000000	0.025120
3120.000000	0.025092
3119.000000	0.025072
3118.000000	0.025052
3117.000000	0.025032
3116.000000	0.025015
3115.000000	0.025006
3114.000000	0.025007
3113.000000	0.025016
3112.000000	0.025025
3111.000000	0.025028
3110.000000	0.025024
3109.000000	0.025021
3108.000000	0.025021
3107.000000	0.025022
3106.000000	0.025025
3105.000000	0.025033
3104.000000	0.025046
3103.000000	0.025060
3102.000000	0.025076
3101.000000	0.025098
3100.000000	0.025123
3099.000000	0.025141
3098.000000	0.025142
3097.000000	0.025128
3096.000000	0.025108
3095.000000	0.025091
3094.000000	0.025080
3093.000000	0.025078
3092.000000	0.025088
3091.000000	0.025111
3090.000000	0.025146
3089.000000	0.025188
3088.000000	0.025223
3087.000000	0.025240
3086.000000	0.025240
3085.000000	0.025232
3084.000000	0.025226
3083.000000	0.025224
3082.000000	0.025229
3081.000000	0.025247
3080.000000	0.025286
3079.000000	0.025347
3078.000000	0.025420
3077.000000	0.025490
3076.000000	0.025545
3075.000000	0.025577
3074.000000	0.025589
3073.000000	0.025591
3072.000000	0.025590
3071.000000	0.025577
3070.000000	0.025545
3069.000000	0.025498
3068.000000	0.025458
3067.000000	0.025445
3066.000000	0.025463
3065.000000	0.025501
3064.000000	0.025540
3063.000000	0.025561
3062.000000	0.025552
3061.000000	0.025514
3060.000000	0.025459
3059.000000	0.025405
3058.000000	0.025364
3057.000000	0.025333
3056.000000	0.025299
3055.000000	0.025251
3054.000000	0.025190
3053.000000	0.025132
3052.000000	0.025094
3051.000000	0.025076
3050.000000	0.025060
3049.000000	0.025023
3048.000000	0.024951
3047.000000	0.024852
3046.000000	0.024744
3045.000000	0.024643
3044.000000	0.024559
3043.000000	0.024492
3042.000000	0.024444
3041.000000	0.024416
3040.000000	0.024403
3039.000000	0.024390
3038.000000	0.024359
3037.000000	0.024304
3036.000000	0.024229
3035.000000	0.024146
3034.000000	0.024064
3033.000000	0.023989
3032.000000	0.023930
3031.000000	0.023899
3030.000000	0.023893
3029.000000	0.023892
3028.000000	0.023864
3027.000000	0.023798
3026.000000	0.023709
3025.000000	0.023627
3024.000000	0.023566
3023.000000	0.023518
3022.000000	0.023469
3021.000000	0.023408
3020.000000	0.023334
3019.000000	0.023249
3018.000000	0.023161
3017.000000	0.023077
3016.000000	0.023002
3015.000000	0.022932
3014.000000	0.022865
3013.000000	0.022807
3012.000000	0.022774
3011.000000	0.022775
3010.000000	0.022803
3009.000000	0.022829
3008.000000	0.022826
3007.000000	0.022788
3006.000000	0.022735
3005.000000	0.022698
3004.000000	0.022690
3003.000000	0.022704
3002.000000	0.022717
3001.000000	0.022713
3000.000000	0.022694
2999.000000	0.022679
2998.000000	0.022689
2997.000000	0.022729
2996.000000	0.022781
2995.000000	0.022828
2994.000000	0.022862
2993.000000	0.022893
2992.000000	0.022937
2991.000000	0.023007
2990.000000	0.023108
2989.000000	0.023228
2988.000000	0.023348
2987.000000	0.023451
2986.000000	0.023533
2985.000000	0.023598
2984.000000	0.023653
2983.000000	0.023712
2982.000000	0.023791
2981.000000	0.023900
2980.000000	0.024034
2979.000000	0.024177
2978.000000	0.024314
2977.000000	0.024439
2976.000000	0.024550
2975.000000	0.024649
2974.000000	0.024745
2973.000000	0.024849
2972.000000	0.024960
2971.000000	0.025073
2970.000000	0.025178
2969.000000	0.025267
2968.000000	0.025333
2967.000000	0.025371
2966.000000	0.025389
2965.000000	0.025402
2964.000000	0.025421
2963.000000	0.025451
2962.000000	0.025487
2961.000000	0.025525
2960.000000	0.025559
2959.000000	0.025581
2958.000000	0.025589
2957.000000	0.025586
2956.000000	0.025572
2955.000000	0.025542
2954.000000	0.025496
2953.000000	0.025445
2952.000000	0.025402
2951.000000	0.025365
2950.000000	0.025321
2949.000000	0.025264
2948.000000	0.025206
2947.000000	0.025174
2946.000000	0.025187
2945.000000	0.025245
2944.000000	0.025343
2943.000000	0.025472
2942.000000	0.025619
2941.000000	0.025765
2940.000000	0.025903
2939.000000	0.026042
2938.000000	0.026193
2937.000000	0.026350
2936.000000	0.026491
2935.000000	0.026598
2934.000000	0.026674
2933.000000	0.026735
2932.000000	0.026784
2931.000000	0.026816
2930.000000	0.026831
2929.000000	0.026836
2928.000000	0.026839
2927.000000	0.026837
2926.000000	0.026819
2925.000000	0.026773
2924.000000	0.026684
2923.000000	0.026547
2922.000000	0.026364
2921.000000	0.026145
2920.000000	0.025903
2919.000000	0.025650
2918.000000	0.025397
2917.000000	0.025169
2916.000000	0.024992
2915.000000	0.024879
2914.000000	0.024822
2913.000000	0.024794
2912.000000	0.024771
2911.000000	0.024741
2910.000000	0.024707
2909.000000	0.024673
2908.000000	0.024635
2907.000000	0.024588
2906.000000	0.024531
2905.000000	0.024468
2904.000000	0.024403
2903.000000	0.024337
2902.000000	0.024269
2901.000000	0.024198
2900.000000	0.024126
2899.000000	0.024055
2898.000000	0.023986
2897.000000	0.023923
2896.000000	0.023870
2895.000000	0.023833
2894.000000	0.023816
2893.000000	0.023817
2892.000000	0.023830
2891.000000	0.023844
2890.000000	0.023849
2889.000000	0.023842
2888.000000	0.023831
2887.000000	0.023830
2886.000000	0.023849
2885.000000	0.023881
2884.000000	0.023918
2883.000000	0.023961
2882.000000	0.024015
2881.000000	0.024081
2880.000000	0.024148
2879.000000	0.024210
2878.000000	0.024263
2877.000000	0.024304
2876.000000	0.024324
2875.000000	0.024318
2874.000000	0.024296
2873.000000	0.024273
2872.000000	0.024255
2871.000000	0.024237
2870.000000	0.024213
2869.000000	0.024176
2868.000000	0.024118
2867.000000	0.024032
2866.000000	0.023923
2865.000000	0.023812
2864.000000	0.023718
2863.000000	0.023646
2862.000000	0.023590
2861.000000	0.023544
2860.000000	0.023509
2859.000000	0.023490
2858.000000	0.023486
2857.000000	0.023488
2856.000000	0.023476
2855.000000	0.023434
2854.000000	0.023354
2853.000000	0.023237
2852.000000	0.023085
2851.000000	0.022905
2850.000000	0.022710
2849.000000	0.022532
2848.000000	0.022398
2847.000000	0.022322
2846.000000	0.022297
2845.000000	0.022293
2844.000000	0.022279
2843.000000	0.022237
2842.000000	0.022174
2841.000000	0.022109
2840.000000	0.022057
2839.000000	0.022017
2838.000000	0.021980
2837.000000	0.021942
2836.000000	0.021907
2835.000000	0.021880
2834.000000	0.021860
2833.000000	0.021840
2832.000000	0.021812
2831.000000	0.021781
2830.000000	0.021759
2829.000000	0.021751
2828.000000	0.021746
2827.000000	0.021723
2826.000000	0.021678
2825.000000	0.021628
2824.000000	0.021593
2823.000000	0.021579
2822.000000	0.021568
2821.000000	0.021547
2820.000000	0.021510
2819.000000	0.021466
2818.000000	0.021424
2817.000000	0.021389
2816.000000	0.021363
2815.000000	0.021348
2814.000000	0.021340
2813.000000	0.021333
2812.000000	0.021324
2811.000000	0.021309
2810.000000	0.021289
2809.000000	0.021260
2808.000000	0.021222
2807.000000	0.021181
2806.000000	0.021150
2805.000000	0.021136
2804.000000	0.021130
2803.000000	0.021119
2802.000000	0.021096
2801.000000	0.021065
2800.000000	0.021034
2799.000000	0.021012
2798.000000	0.021003
2797.000000	0.021006
2796.000000	0.021011
2795.000000	0.021008
2794.000000	0.020998
2793.000000	0.020983
2792.000000	0.020964
2791.000000	0.020935
2790.000000	0.020891
2789.000000	0.020838
2788.000000	0.020789
2787.000000	0.020760
2786.000000	0.020753
2785.000000	0.020757
2784.000000	0.020752
2783.000000	0.020728
2782.000000	0.020690
2781.000000	0.020655
2780.000000	0.020640
2779.000000	0.020645
2778.000000	0.020663
2777.000000	0.020678
2776.000000	0.020678
2775.000000	0.020662
2774.000000	0.020636
2773.000000	0.020611
2772.000000	0.020587
2771.000000	0.020564
2770.000000	0.020543
2769.000000	0.020527
2768.000000	0.020515
2767.000000	0.020503
2766.000000	0.020486
2765.000000	0.020468
2764.000000	0.020452
2763.000000	0.020434
2762.000000	0.020410
2761.000000	0.020381
2760.000000	0.020352
2759.000000	0.020328
2758.000000	0.020307
2757.000000	0.020286
2756.000000	0.020264
2755.000000	0.020242
2754.000000	0.020221
2753.000000	0.020201
2752.000000	0.020184
2751.000000	0.020168
2750.000000	0.020152
2749.000000	0.020133
2748.000000	0.020112
2747.000000	0.020094
2746.000000	0.020084
2745.000000	0.020081
2744.000000	0.020077
2743.000000	0.020069
2742.000000	0.020057
2741.000000	0.020040
2740.000000	0.020019
2739.000000	0.019991
2738.000000	0.019966
2737.000000	0.019951
2736.000000	0.019950
2735.000000	0.019955
2734.000000	0.019958
2733.000000	0.019955
2732.000000	0.019943
2731.000000	0.019919
2730.000000	0.019888
2729.000000	0.019856
2728.000000	0.019826
2727.000000	0.019801
2726.000000	0.019782
2725.000000	0.019772
2724.000000	0.019766
2723.000000	0.019755
2722.000000	0.019736
2721.000000	0.019715
2720.000000	0.019695
2719.000000	0.019673
2718.000000	0.019649
2717.000000	0.019623
2716.000000	0.019601
2715.000000	0.019582
2714.000000	0.019567
2713.000000	0.019559
2712.000000	0.019557
2711.000000	0.019555
2710.000000	0.019541
2709.000000	0.019511
2708.000000	0.019471
2707.000000	0.019438
2706.000000	0.019420
2705.000000	0.019413
2704.000000	0.019407
2703.000000	0.019397
2702.000000	0.019387
2701.000000	0.019378
2700.000000	0.019368
2699.000000	0.019347
2698.000000	0.019319
2697.000000	0.019296
2696.000000	0.019287
2695.000000	0.019287
2694.000000	0.019285
2693.000000	0.019274
2692.000000	0.019254
2691.000000	0.019231
2690.000000	0.019213
2689.000000	0.019201
2688.000000	0.019190
2687.000000	0.019176
2686.000000	0.019156
2685.000000	0.019131
2684.000000	0.019104
2683.000000	0.019079
2682.000000	0.019064
2681.000000	0.019061
2680.000000	0.019066
2679.000000	0.019072
2678.000000	0.019072
2677.000000	0.019063
2676.000000	0.019046
2675.000000	0.019030
2674.000000	0.019026
2673.000000	0.019036
2672.000000	0.019050
2671.000000	0.019054
2670.000000	0.019043
2669.000000	0.019025
2668.000000	0.019010
2667.000000	0.018996
2666.000000	0.018977
2665.000000	0.018954
2664.000000	0.018935
2663.000000	0.018926
2662.000000	0.018929
2661.000000	0.018940
2660.000000	0.018947
2659.000000	0.018940
2658.000000	0.018920
2657.000000	0.018896
2656.000000	0.018877
2655.000000	0.018858
2654.000000	0.018832
2653.000000	0.018803
2652.000000	0.018782
2651.000000	0.018774
2650.000000	0.018774
2649.000000	0.018773
2648.000000	0.018767
2647.000000	0.018761
2646.000000	0.018766
2645.000000	0.018781
2644.000000	0.018793
2643.000000	0.018789
2642.000000	0.018764
2641.000000	0.018729
2640.000000	0.018692
2639.000000	0.018661
2638.000000	0.018640
2637.000000	0.018635
2636.000000	0.018646
2635.000000	0.018659
2634.000000	0.018659
2633.000000	0.018642
2632.000000	0.018624
2631.000000	0.018617
2630.000000	0.018621
2629.000000	0.018622
2628.000000	0.018607
2627.000000	0.018575
2626.000000	0.018538
2625.000000	0.018513
2624.000000	0.018503
2623.000000	0.018501
2622.000000	0.018497
2621.000000	0.018496
2620.000000	0.018508
2619.000000	0.018533
2618.000000	0.018554
2617.000000	0.018553
2616.000000	0.018526
2615.000000	0.018487
2614.000000	0.018457
2613.000000	0.018444
2612.000000	0.018442
2611.000000	0.018441
2610.000000	0.018437
2609.000000	0.018428
2608.000000	0.018410
2607.000000	0.018380
2606.000000	0.018344
2605.000000	0.018316
2604.000000	0.018304
2603.000000	0.018309
2602.000000	0.018323
2601.000000	0.018340
2600.000000	0.018347
2599.000000	0.018330
2598.000000	0.018284
2597.000000	0.018222
2596.000000	0.018170
2595.000000	0.018147
2594.000000	0.018154
2593.000000	0.018180
2592.000000	0.018211
2591.000000	0.018235
2590.000000	0.018245
2589.000000	0.018237
2588.000000	0.018211
2587.000000	0.018178
2586.000000	0.018156
2585.000000	0.018156
2584.000000	0.018172
2583.000000	0.018181
2582.000000	0.018165
2581.000000	0.018124
2580.000000	0.018079
2579.000000	0.018053
2578.000000	0.018055
2577.000000	0.018075
2576.000000	0.018097
2575.000000	0.018108
2574.000000	0.018103
2573.000000	0.018076
2572.000000	0.018025
2571.000000	0.017964
2570.000000	0.017913
2569.000000	0.017890
2568.000000	0.017895
2567.000000	0.017921
2566.000000	0.017962
2565.000000	0.018009
2564.000000	0.018045
2563.000000	0.018053
2562.000000	0.018029
2561.000000	0.017988
2560.000000	0.017952
2559.000000	0.017931
2558.000000	0.017920
2557.000000	0.017905
2556.000000	0.017878
2555.000000	0.017846
2554.000000	0.017830
2553.000000	0.017843
2552.000000	0.017867
2551.000000	0.017872
2550.000000	0.017848
2549.000000	0.017817
2548.000000	0.017803
2547.000000	0.017809
2546.000000	0.017826
2545.000000	0.017842
2544.000000	0.017850
2543.000000	0.017845
2542.000000	0.017828
2541.000000	0.017808
2540.000000	0.017794
2539.000000	0.017787
2538.000000	0.017782
2537.000000	0.017779
2536.000000	0.017775
2535.000000	0.017758
2534.000000	0.017722
2533.000000	0.017675
2532.000000	0.017634
2531.000000	0.017604
2530.000000	0.017583
2529.000000	0.017571
2528.000000	0.017575
2527.000000	0.017592
2526.000000	0.017607
2525.000000	0.017606
2524.000000	0.017593
2523.000000	0.017578
2522.000000	0.017569
2521.000000	0.017565
2520.000000	0.017570
2519.000000	0.017586
2518.000000	0.017611
2517.000000	0.017636
2516.000000	0.017658
2515.000000	0.017684
2514.000000	0.017717
2513.000000	0.017741
2512.000000	0.017729
2511.000000	0.017676
2510.000000	0.017603
2509.000000	0.017541
2508.000000	0.017510
2507.000000	0.017508
2506.000000	0.017530
2505.000000	0.017567
2504.000000	0.017602
2503.000000	0.017617
2502.000000	0.017607
2501.000000	0.017581
2500.000000	0.017551
2499.000000	0.017514
2498.000000	0.017469
2497.000000	0.017426
2496.000000	0.017406
2495.000000	0.017412
2494.000000	0.017426
2493.000000	0.017421
2492.000000	0.017390
2491.000000	0.017351
2490.000000	0.017326
2489.000000	0.017326
2488.000000	0.017345
2487.000000	0.017368
2486.000000	0.017384
2485.000000	0.017390
2484.000000	0.017396
2483.000000	0.017413
2482.000000	0.017438
2481.000000	0.017455
2480.000000	0.017450
2479.000000	0.017423
2478.000000	0.017392
2477.000000	0.017366
2476.000000	0.017347
2475.000000	0.017329
2474.000000	0.017313
2473.000000	0.017298
2472.000000	0.017284
2471.000000	0.017280
2470.000000	0.017301
2469.000000	0.017352
2468.000000	0.017408
2467.000000	0.017435
2466.000000	0.017419
2465.000000	0.017380
2464.000000	0.017348
2463.000000	0.017329
2462.000000	0.017313
2461.000000	0.017286
2460.000000	0.017247
2459.000000	0.017207
2458.000000	0.017179
2457.000000	0.017167
2456.000000	0.017174
2455.000000	0.017192
2454.000000	0.017212
2453.000000	0.017218
2452.000000	0.017195
2451.000000	0.017143
2450.000000	0.017076
2449.000000	0.017016
2448.000000	0.016974
2447.000000	0.016951
2446.000000	0.016947
2445.000000	0.016966
2444.000000	0.017006
2443.000000	0.017052
2442.000000	0.017091
2441.000000	0.017118
2440.000000	0.017135
2439.000000	0.017137
2438.000000	0.017113
2437.000000	0.017066
2436.000000	0.017020
2435.000000	0.017007
2434.000000	0.017032
2433.000000	0.017072
2432.000000	0.017094
2431.000000	0.017083
2430.000000	0.017052
2429.000000	0.017020
2428.000000	0.016997
2427.000000	0.016978
2426.000000	0.016955
2425.000000	0.016929
2424.000000	0.016913
2423.000000	0.016917
2422.000000	0.016929
2421.000000	0.016924
2420.000000	0.016890
2419.000000	0.016846
2418.000000	0.016824
2417.000000	0.016835
2416.000000	0.016866
2415.000000	0.016902
2414.000000	0.016935
2413.000000	0.016960
2412.000000	0.016961
2411.000000	0.016937
2410.000000	0.016907
2409.000000	0.016891
2408.000000	0.016883
2407.000000	0.016860
2406.000000	0.016820
2405.000000	0.016785
2404.000000	0.016778
2403.000000	0.016798
2402.000000	0.016822
2401.000000	0.016826
2400.000000	0.016809
2399.000000	0.016788
2398.000000	0.016786
2397.000000	0.016802
2396.000000	0.016816
2395.000000	0.016804
2394.000000	0.016772
2393.000000	0.016746
2392.000000	0.016753
2391.000000	0.016791
2390.000000	0.016840
2389.000000	0.016874
2388.000000	0.016879
2387.000000	0.016858
2386.000000	0.016826
2385.000000	0.016799
2384.000000	0.016783
2383.000000	0.016771
2382.000000	0.016757
2381.000000	0.016740
2380.000000	0.016728
2379.000000	0.016728
2378.000000	0.016737
2377.000000	0.016746
2376.000000	0.016740
2375.000000	0.016721
2374.000000	0.016707
2373.000000	0.016713
2372.000000	0.016734
2371.000000	0.016749
2370.000000	0.016741
2369.000000	0.016708
2368.000000	0.016661
2367.000000	0.016614
2366.000000	0.016579
2365.000000	0.016564
2364.000000	0.016582
2363.000000	0.016636
2362.000000	0.016705
2361.000000	0.016750
2360.000000	0.016746
2359.000000	0.016706
2358.000000	0.016657
2357.000000	0.016617
2356.000000	0.016590
2355.000000	0.016588
2354.000000	0.016607
2353.000000	0.016622
2352.000000	0.016610
2351.000000	0.016578
2350.000000	0.016551
2349.000000	0.016545
2348.000000	0.016557
2347.000000	0.016563
2346.000000	0.016545
2345.000000	0.016519
2344.000000	0.016507
2343.000000	0.016508
2342.000000	0.016506
2341.000000	0.016503
2340.000000	0.016515
2339.000000	0.016550
2338.000000	0.016596
2337.000000	0.016623
2336.000000	0.016608
2335.000000	0.016557
2334.000000	0.016500
2333.000000	0.016463
2332.000000	0.016452
2331.000000	0.016453
2330.000000	0.016450
2329.000000	0.016442
2328.000000	0.016437
2327.000000	0.016431
2326.000000	0.016418
2325.000000	0.016399
2324.000000	0.016388
2323.000000	0.016389
2322.000000	0.016388
2321.000000	0.016369
2320.000000	0.016339
2319.000000	0.016327
2318.000000	0.016351
2317.000000	0.016407
2316.000000	0.016470
2315.000000	0.016507
2314.000000	0.016501
2313.000000	0.016453
2312.000000	0.016390
2311.000000	0.016341
2310.000000	0.016318
2309.000000	0.016306
2308.000000	0.016287
2307.000000	0.016259
2306.000000	0.016238
2305.000000	0.016231
2304.000000	0.016220
2303.000000	0.016180
2302.000000	0.016115
2301.000000	0.016062
2300.000000	0.016055
2299.000000	0.016092
2298.000000	0.016145
2297.000000	0.016180
2296.000000	0.016189
2295.000000	0.016179
2294.000000	0.016168
2293.000000	0.016165
2292.000000	0.016170
2291.000000	0.016175
2290.000000	0.016174
2289.000000	0.016162
2288.000000	0.016143
2287.000000	0.016126
2286.000000	0.016124
2285.000000	0.016144
2284.000000	0.016175
2283.000000	0.016194
2282.000000	0.016184
2281.000000	0.016148
2280.000000	0.016108
2279.000000	0.016092
2278.000000	0.016112
2277.000000	0.016154
2276.000000	0.016189
2275.000000	0.016200
2274.000000	0.016186
2273.000000	0.016159
2272.000000	0.016126
2271.000000	0.016101
2270.000000	0.016096
2269.000000	0.016116
2268.000000	0.016147
2267.000000	0.016170
2266.000000	0.016181
2265.000000	0.016192
2264.000000	0.016213
2263.000000	0.016236
2262.000000	0.016239
2261.000000	0.016208
2260.000000	0.016148
2259.000000	0.016077
2258.000000	0.016011
2257.000000	0.015962
2256.000000	0.015944
2255.000000	0.015971
2254.000000	0.016039
2253.000000	0.016113
2252.000000	0.016156
2251.000000	0.016151
2250.000000	0.016104
2249.000000	0.016026
2248.000000	0.015929
2247.000000	0.015831
2246.000000	0.015756
2245.000000	0.015716
2244.000000	0.015703
2243.000000	0.015701
2242.000000	0.015694
2241.000000	0.015666
2240.000000	0.015619
2239.000000	0.015579
2238.000000	0.015574
2237.000000	0.015599
2236.000000	0.015624
2235.000000	0.015631
2234.000000	0.015645
2233.000000	0.015691
2232.000000	0.015761
2231.000000	0.015822
2230.000000	0.015848
2229.000000	0.015843
2228.000000	0.015840
2227.000000	0.015872
2226.000000	0.015939
2225.000000	0.015996
2224.000000	0.015991
2223.000000	0.015924
2222.000000	0.015855
2221.000000	0.015838
2220.000000	0.015880
2219.000000	0.015948
2218.000000	0.016001
2217.000000	0.016000
2216.000000	0.015923
2215.000000	0.015784
2214.000000	0.015633
2213.000000	0.015519
2212.000000	0.015458
2211.000000	0.015441
2210.000000	0.015450
2209.000000	0.015452
2208.000000	0.015425
2207.000000	0.015387
2206.000000	0.015384
2205.000000	0.015429
2204.000000	0.015473
2203.000000	0.015455
2202.000000	0.015373
2201.000000	0.015280
2200.000000	0.015230
2199.000000	0.015229
2198.000000	0.015230
2197.000000	0.015168
2196.000000	0.015030
2195.000000	0.014903
2194.000000	0.014913
2193.000000	0.015105
2192.000000	0.015393
2191.000000	0.015658
2190.000000	0.015838
2189.000000	0.015929
2188.000000	0.015942
2187.000000	0.015903
2186.000000	0.015866
2185.000000	0.015858
2184.000000	0.015849
2183.000000	0.015799
2182.000000	0.015732
2181.000000	0.015705
2180.000000	0.015711
2179.000000	0.015673
2178.000000	0.015528
2177.000000	0.015285
2176.000000	0.015014
2175.000000	0.014794
2174.000000	0.014688
2173.000000	0.014711
2172.000000	0.014825
2171.000000	0.014974
2170.000000	0.015115
2169.000000	0.015207
2168.000000	0.015199
2167.000000	0.015069
2166.000000	0.014896
2165.000000	0.014824
2164.000000	0.014932
2163.000000	0.015123
2162.000000	0.015171
2161.000000	0.014915
2160.000000	0.014467
2159.000000	0.014172
2158.000000	0.014272
2157.000000	0.014650
2156.000000	0.014987
2155.000000	0.015112
2154.000000	0.015113
2153.000000	0.015142
2152.000000	0.015202
2151.000000	0.015171
2150.000000	0.015002
2149.000000	0.014801
2148.000000	0.014705
2147.000000	0.014733
2146.000000	0.014782
2145.000000	0.014753
2144.000000	0.014641
2143.000000	0.014538
2142.000000	0.014544
2141.000000	0.014679
2140.000000	0.014869
2139.000000	0.015013
2138.000000	0.015067
2137.000000	0.015052
2136.000000	0.015014
2135.000000	0.014989
2134.000000	0.014994
2133.000000	0.015029
2132.000000	0.015077
2131.000000	0.015128
2130.000000	0.015187
2129.000000	0.015263
2128.000000	0.015343
2127.000000	0.015390
2126.000000	0.015382
2125.000000	0.015324
2124.000000	0.015242
2123.000000	0.015162
2122.000000	0.015107
2121.000000	0.015097
2120.000000	0.015130
2119.000000	0.015179
2118.000000	0.015204
2117.000000	0.015185
2116.000000	0.015145
2115.000000	0.015131
2114.000000	0.015170
2113.000000	0.015252
2112.000000	0.015341
2111.000000	0.015401
2110.000000	0.015412
2109.000000	0.015368
2108.000000	0.015288
2107.000000	0.015214
2106.000000	0.015170
2105.000000	0.015132
2104.000000	0.015059
2103.000000	0.014962
2102.000000	0.014911
2101.000000	0.014959
2100.000000	0.015073
2099.000000	0.015168
2098.000000	0.015188
2097.000000	0.015144
2096.000000	0.015091
2095.000000	0.015077
2094.000000	0.015117
2093.000000	0.015183
2092.000000	0.015232
2091.000000	0.015246
2090.000000	0.015245
2089.000000	0.015238
2088.000000	0.015198
2087.000000	0.015096
2086.000000	0.014952
2085.000000	0.014828
2084.000000	0.014763
2083.000000	0.014742
2082.000000	0.014726
2081.000000	0.014701
2080.000000	0.014702
2079.000000	0.014777
2078.000000	0.014927
2077.000000	0.015081
2076.000000	0.015141
2075.000000	0.015069
2074.000000	0.014919
2073.000000	0.014787
2072.000000	0.014733
2071.000000	0.014765
2070.000000	0.014845
2069.000000	0.014915
2068.000000	0.014943
2067.000000	0.014955
2066.000000	0.014998
2065.000000	0.015055
2064.000000	0.015035
2063.000000	0.014882
2062.000000	0.014662
2061.000000	0.014514
2060.000000	0.014522
2059.000000	0.014647
2058.000000	0.014771
2057.000000	0.014781
2056.000000	0.014644
2055.000000	0.014429
2054.000000	0.014257
2053.000000	0.014201
2052.000000	0.014250
2051.000000	0.014354
2050.000000	0.014476
2049.000000	0.014584
2048.000000	0.014636
2047.000000	0.014631
2046.000000	0.014624
2045.000000	0.014652
2044.000000	0.014679
2043.000000	0.014645
2042.000000	0.014533
2041.000000	0.014365
2040.000000	0.014183
2039.000000	0.014065
2038.000000	0.014113
2037.000000	0.014341
2036.000000	0.014624
2035.000000	0.014814
2034.000000	0.014884
2033.000000	0.014865
2032.000000	0.014736
2031.000000	0.014479
2030.000000	0.014215
2029.000000	0.014142
2028.000000	0.014313
2027.000000	0.014571
2026.000000	0.014724
2025.000000	0.014725
2024.000000	0.014671
2023.000000	0.014673
2022.000000	0.014740
2021.000000	0.014775
2020.000000	0.014658
2019.000000	0.014385
2018.000000	0.014093
2017.000000	0.013931
2016.000000	0.013904
2015.000000	0.013905
2014.000000	0.013876
2013.000000	0.013852
2012.000000	0.013887
2011.000000	0.013994
2010.000000	0.014170
2009.000000	0.014379
2008.000000	0.014526
2007.000000	0.014515
2006.000000	0.014361
2005.000000	0.014173
2004.000000	0.014021
2003.000000	0.013877
2002.000000	0.013699
2001.000000	0.013529
2000.000000	0.013462
1999.000000	0.013538
1998.000000	0.013708
1997.000000	0.013877
1996.000000	0.013990
1995.000000	0.014066
1994.000000	0.014151
1993.000000	0.014223
1992.000000	0.014189
1991.000000	0.014006
1990.000000	0.013789
1989.000000	0.013729
1988.000000	0.013901
1987.000000	0.014195
1986.000000	0.014422
1985.000000	0.014472
1984.000000	0.014351
1983.000000	0.014129
1982.000000	0.013879
1981.000000	0.013664
1980.000000	0.013545
1979.000000	0.013568
1978.000000	0.013727
1977.000000	0.013929
1976.000000	0.014040
1975.000000	0.013978
1974.000000	0.013758
1973.000000	0.013467
1972.000000	0.013213
1971.000000	0.013089
1970.000000	0.013133
1969.000000	0.013286
1968.000000	0.013443
1967.000000	0.013553
1966.000000	0.013645
1965.000000	0.013736
1964.000000	0.013781
1963.000000	0.013744
1962.000000	0.013680
1961.000000	0.013667
1960.000000	0.013705
1959.000000	0.013726
1958.000000	0.013705
1957.000000	0.013679
1956.000000	0.013674
1955.000000	0.013672
1954.000000	0.013657
1953.000000	0.013650
1952.000000	0.013683
1951.000000	0.013750
1950.000000	0.013812
1949.000000	0.013828
1948.000000	0.013790
1947.000000	0.013720
1946.000000	0.013640
1945.000000	0.013546
1944.000000	0.013426
1943.000000	0.013299
1942.000000	0.013227
1941.000000	0.013243
1940.000000	0.013326
1939.000000	0.013441
1938.000000	0.013578
1937.000000	0.013708
1936.000000	0.013752
1935.000000	0.013652
1934.000000	0.013453
1933.000000	0.013275
1932.000000	0.013194
1931.000000	0.013187
1930.000000	0.013202
1929.000000	0.013217
1928.000000	0.013227
1927.000000	0.013225
1926.000000	0.013216
1925.000000	0.013224
1924.000000	0.013261
1923.000000	0.013300
1922.000000	0.013297
1921.000000	0.013238
1920.000000	0.013140
1919.000000	0.013027
1918.000000	0.012926
1917.000000	0.012867
1916.000000	0.012869
1915.000000	0.012922
1914.000000	0.012993
1913.000000	0.013041
1912.000000	0.013042
1911.000000	0.013004
1910.000000	0.012953
1909.000000	0.012912
1908.000000	0.012882
1907.000000	0.012857
1906.000000	0.012843
1905.000000	0.012846
1904.000000	0.012858
1903.000000	0.012865
1902.000000	0.012866
1901.000000	0.012875
1900.000000	0.012887
1899.000000	0.012875
1898.000000	0.012821
1897.000000	0.012746
1896.000000	0.012695
1895.000000	0.012700
1894.000000	0.012755
1893.000000	0.012828
1892.000000	0.012892
1891.000000	0.012942
1890.000000	0.012976
1889.000000	0.012979
1888.000000	0.012936
1887.000000	0.012853
1886.000000	0.012753
1885.000000	0.012669
1884.000000	0.012636
1883.000000	0.012677
1882.000000	0.012763
1881.000000	0.012825
1880.000000	0.012805
1879.000000	0.012724
1878.000000	0.012649
1877.000000	0.012611
1876.000000	0.012582
1875.000000	0.012528
1874.000000	0.012463
1873.000000	0.012412
1872.000000	0.012371
1871.000000	0.012333
1870.000000	0.012315
1869.000000	0.012337
1868.000000	0.012364
1867.000000	0.012348
1866.000000	0.012284
1865.000000	0.012197
1864.000000	0.012110
1863.000000	0.012044
1862.000000	0.012020
1861.000000	0.012037
1860.000000	0.012059
1859.000000	0.012050
1858.000000	0.012028
1857.000000	0.012036
1856.000000	0.012087
1855.000000	0.012154
1854.000000	0.012208
1853.000000	0.012236
1852.000000	0.012231
1851.000000	0.012188
1850.000000	0.012119
1849.000000	0.012042
1848.000000	0.011964
1847.000000	0.011881
1846.000000	0.011803
1845.000000	0.011754
1844.000000	0.011743
1843.000000	0.011757
1842.000000	0.011787
1841.000000	0.011822
1840.000000	0.011846
1839.000000	0.011851
1838.000000	0.011848
1837.000000	0.011843
1836.000000	0.011826
1835.000000	0.011780
1834.000000	0.011708
1833.000000	0.011634
1832.000000	0.011581
1831.000000	0.011561
1830.000000	0.011578
1829.000000	0.011600
1828.000000	0.011592
1827.000000	0.011556
1826.000000	0.011521
1825.000000	0.011510
1824.000000	0.011501
1823.000000	0.011462
1822.000000	0.011392
1821.000000	0.011321
1820.000000	0.011275
1819.000000	0.011261
1818.000000	0.011270
1817.000000	0.011284
1816.000000	0.011284
1815.000000	0.011265
1814.000000	0.011242
1813.000000	0.011228
1812.000000	0.011217
1811.000000	0.011197
1810.000000	0.011168
1809.000000	0.011139
1808.000000	0.011110
1807.000000	0.011073
1806.000000	0.011027
1805.000000	0.010975
1804.000000	0.010914
1803.000000	0.010839
1802.000000	0.010772
1801.000000	0.010734
1800.000000	0.010717
1799.000000	0.010705
1798.000000	0.010697
1797.000000	0.010695
1796.000000	0.010687
1795.000000	0.010657
1794.000000	0.010613
1793.000000	0.010573
1792.000000	0.010530
1791.000000	0.010473
1790.000000	0.010426
1789.000000	0.010410
1788.000000	0.010402
1787.000000	0.010368
1786.000000	0.010313
1785.000000	0.010278
1784.000000	0.010284
1783.000000	0.010309
1782.000000	0.010333
1781.000000	0.010343
1780.000000	0.010316
1779.000000	0.010251
1778.000000	0.010179
1777.000000	0.010141
1776.000000	0.010136
1775.000000	0.010144
1774.000000	0.010154
1773.000000	0.010157
1772.000000	0.010119
1771.000000	0.010018
1770.000000	0.009899
1769.000000	0.009816
1768.000000	0.009765
1767.000000	0.009712
1766.000000	0.009663
1765.000000	0.009647
1764.000000	0.009663
1763.000000	0.009678
1762.000000	0.009669
1761.000000	0.009640
1760.000000	0.009597
1759.000000	0.009536
1758.000000	0.009469
1757.000000	0.009427
1756.000000	0.009412
1755.000000	0.009407
1754.000000	0.009420
1753.000000	0.009477
1752.000000	0.009570
1751.000000	0.009642
1750.000000	0.009657
1749.000000	0.009627
1748.000000	0.009573
1747.000000	0.009509
1746.000000	0.009470
1745.000000	0.009482
1744.000000	0.009509
1743.000000	0.009480
1742.000000	0.009378
1741.000000	0.009264
1740.000000	0.009186
1739.000000	0.009132
1738.000000	0.009083
1737.000000	0.009054
1736.000000	0.009060
1735.000000	0.009067
1734.000000	0.009039
1733.000000	0.008993
1732.000000	0.008941
1731.000000	0.008856
1730.000000	0.008742
1729.000000	0.008653
1728.000000	0.008618
1727.000000	0.008628
1726.000000	0.008670
1725.000000	0.008740
1724.000000	0.008802
1723.000000	0.008816
1722.000000	0.008791
1721.000000	0.008790
1720.000000	0.008855
1719.000000	0.008978
1718.000000	0.009134
1717.000000	0.009285
1716.000000	0.009376
1715.000000	0.009392
1714.000000	0.009408
1713.000000	0.009528
1712.000000	0.009774
1711.000000	0.010092
1710.000000	0.010472
1709.000000	0.010956
1708.000000	0.011552
1707.000000	0.012249
1706.000000	0.013096
1705.000000	0.014114
1704.000000	0.015206
1703.000000	0.016332
1702.000000	0.017698
1701.000000	0.019584
1700.000000	0.021761
1699.000000	0.023584
1698.000000	0.024866
1697.000000	0.025848
1696.000000	0.026652
1695.000000	0.027220
1694.000000	0.027611
1693.000000	0.028009
1692.000000	0.028525
1691.000000	0.029189
1690.000000	0.029956
1689.000000	0.030754
1688.000000	0.031538
1687.000000	0.032350
1686.000000	0.033321
1685.000000	0.034573
1684.000000	0.035933
1683.000000	0.037014
1682.000000	0.037857
1681.000000	0.038755
1680.000000	0.039776
1679.000000	0.040815
1678.000000	0.041806
1677.000000	0.042840
1676.000000	0.044034
1675.000000	0.045333
1674.000000	0.046583
1673.000000	0.047741
1672.000000	0.048886
1671.000000	0.050112
1670.000000	0.051468
1669.000000	0.052900
1668.000000	0.054275
1667.000000	0.055506
1666.000000	0.056628
1665.000000	0.057777
1664.000000	0.059081
1663.000000	0.060522
1662.000000	0.061949
1661.000000	0.063260
1660.000000	0.064462
1659.000000	0.065574
1658.000000	0.066578
1657.000000	0.067439
1656.000000	0.068185
1655.000000	0.068941
1654.000000	0.069940
1653.000000	0.071176
1652.000000	0.072182
1651.000000	0.072722
1650.000000	0.072909
1649.000000	0.072979
1648.000000	0.073167
1647.000000	0.073467
1646.000000	0.073714
1645.000000	0.073861
1644.000000	0.073953
1643.000000	0.073974
1642.000000	0.073942
1641.000000	0.073924
1640.000000	0.073940
1639.000000	0.073960
1638.000000	0.073987
1637.000000	0.074103
1636.000000	0.074345
1635.000000	0.074601
1634.000000	0.074815
1633.000000	0.075069
1632.000000	0.075414
1631.000000	0.075848
1630.000000	0.076374
1629.000000	0.077021
1628.000000	0.077796
1627.000000	0.078633
1626.000000	0.079491
1625.000000	0.080421
1624.000000	0.081478
1623.000000	0.082568
1622.000000	0.083494
1621.000000	0.084175
1620.000000	0.084655
1619.000000	0.084969
1618.000000	0.085096
1617.000000	0.084970
1616.000000	0.084521
1615.000000	0.083725
1614.000000	0.082616
1613.000000	0.081264
1612.000000	0.079741
1611.000000	0.078069
1610.000000	0.076245
1609.000000	0.074287
1608.000000	0.072259
1607.000000	0.070234
1606.000000	0.068237
1605.000000	0.066260
1604.000000	0.064306
1603.000000	0.062397
1602.000000	0.060548
1601.000000	0.058758
1600.000000	0.057056
1599.000000	0.055480
1598.000000	0.054025
1597.000000	0.052646
1596.000000	0.051323
1595.000000	0.050071
1594.000000	0.048889
1593.000000	0.047752
1592.000000	0.046669
1591.000000	0.045685
1590.000000	0.044802
1589.000000	0.043965
1588.000000	0.043150
1587.000000	0.042396
1586.000000	0.041729
1585.000000	0.041123
1584.000000	0.040556
1583.000000	0.040056
1582.000000	0.039637
1581.000000	0.039264
1580.000000	0.038917
1579.000000	0.038647
1578.000000	0.038507
1577.000000	0.038472
1576.000000	0.038477
1575.000000	0.038494
1574.000000	0.038513
1573.000000	0.038517
1572.000000	0.038540
1571.000000	0.038692
1570.000000	0.039042
1569.000000	0.039500
1568.000000	0.039952
1567.000000	0.040431
1566.000000	0.041004
1565.000000	0.041654
1564.000000	0.042312
1563.000000	0.042942
1562.000000	0.043574
1561.000000	0.044296
1560.000000	0.045325
1559.000000	0.046820
1558.000000	0.048243
1557.000000	0.049263
1556.000000	0.050175
1555.000000	0.051186
1554.000000	0.052339
1553.000000	0.053502
1552.000000	0.054595
1551.000000	0.055704
1550.000000	0.056886
1549.000000	0.058036
1548.000000	0.059050
1547.000000	0.059991
1546.000000	0.060979
1545.000000	0.062016
1544.000000	0.062987
1543.000000	0.063844
1542.000000	0.064689
1541.000000	0.065666
1540.000000	0.066750
1539.000000	0.067710
1538.000000	0.068421
1537.000000	0.068909
1536.000000	0.069274
1535.000000	0.069713
1534.000000	0.070355
1533.000000	0.071095
1532.000000	0.071756
1531.000000	0.072345
1530.000000	0.072941
1529.000000	0.073555
1528.000000	0.074185
1527.000000	0.074853
1526.000000	0.075530
1525.000000	0.076128
1524.000000	0.076639
1523.000000	0.077213
1522.000000	0.077997
1521.000000	0.078874
1520.000000	0.079603
1519.000000	0.080184
1518.000000	0.080757
1517.000000	0.081347
1516.000000	0.081826
1515.000000	0.082096
1514.000000	0.082174
1513.000000	0.082087
1512.000000	0.081867
1511.000000	0.081575
1510.000000	0.081234
1509.000000	0.080812
1508.000000	0.080264
1507.000000	0.079549
1506.000000	0.078607
1505.000000	0.077595
1504.000000	0.076660
1503.000000	0.075716
1502.000000	0.074703
1501.000000	0.073611
1500.000000	0.072460
1499.000000	0.071303
1498.000000	0.070137
1497.000000	0.068891
1496.000000	0.067563
1495.000000	0.066242
1494.000000	0.064954
1493.000000	0.063629
1492.000000	0.062222
1491.000000	0.060771
1490.000000	0.059339
1489.000000	0.057945
1488.000000	0.056595
1487.000000	0.055312
1486.000000	0.054108
1485.000000	0.052980
1484.000000	0.051927
1483.000000	0.050939
1482.000000	0.050012
1481.000000	0.049157
1480.000000	0.048398
1479.000000	0.047742
1478.000000	0.047174
1477.000000	0.046691
1476.000000	0.046309
1475.000000	0.046037
1474.000000	0.045876
1473.000000	0.045822
1472.000000	0.045828
1471.000000	0.045845
1470.000000	0.045855
1469.000000	0.045846
1468.000000	0.045814
1467.000000	0.045774
1466.000000	0.045756
1465.000000	0.045780
1464.000000	0.045845
1463.000000	0.045950
1462.000000	0.046092
1461.000000	0.046263
1460.000000	0.046490
1459.000000	0.046847
1458.000000	0.047411
1457.000000	0.048100
1456.000000	0.048680
1455.000000	0.049052
1454.000000	0.049264
1453.000000	0.049391
1452.000000	0.049486
1451.000000	0.049539
1450.000000	0.049517
1449.000000	0.049413
1448.000000	0.049244
1447.000000	0.049021
1446.000000	0.048751
1445.000000	0.048433
1444.000000	0.048070
1443.000000	0.047676
1442.000000	0.047265
1441.000000	0.046844
1440.000000	0.046416
1439.000000	0.045977
1438.000000	0.045514
1437.000000	0.045045
1436.000000	0.044634
1435.000000	0.044312
1434.000000	0.044029
1433.000000	0.043722
1432.000000	0.043395
1431.000000	0.043090
1430.000000	0.042832
1429.000000	0.042629
1428.000000	0.042490
1427.000000	0.042406
1426.000000	0.042354
1425.000000	0.042337
1424.000000	0.042371
1423.000000	0.042442
1422.000000	0.042510
1421.000000	0.042581
1420.000000	0.042724
1419.000000	0.042981
1418.000000	0.043270
1417.000000	0.043503
1416.000000	0.043694
1415.000000	0.043885
1414.000000	0.044072
1413.000000	0.044239
1412.000000	0.044393
1411.000000	0.044544
1410.000000	0.044681
1409.000000	0.044785
1408.000000	0.044866
1407.000000	0.044938
1406.000000	0.045001
1405.000000	0.045042
1404.000000	0.045048
1403.000000	0.045018
1402.000000	0.044954
1401.000000	0.044863
1400.000000	0.044773
1399.000000	0.044710
1398.000000	0.044668
1397.000000	0.044636
1396.000000	0.044624
1395.000000	0.044633
1394.000000	0.044639
1393.000000	0.044636
1392.000000	0.044642
1391.000000	0.044661
1390.000000	0.044677
1389.000000	0.044680
1388.000000	0.044683
1387.000000	0.044695
1386.000000	0.044690
1385.000000	0.044652
1384.000000	0.044600
1383.000000	0.044550
1382.000000	0.044488
1381.000000	0.044387
1380.000000	0.044260
1379.000000	0.044137
1378.000000	0.044028
1377.000000	0.043919
1376.000000	0.043811
1375.000000	0.043720
1374.000000	0.043638
1373.000000	0.043538
1372.000000	0.043423
1371.000000	0.043307
1370.000000	0.043177
1369.000000	0.043006
1368.000000	0.042792
1367.000000	0.042550
1366.000000	0.042282
1365.000000	0.041991
1364.000000	0.041705
1363.000000	0.041464
1362.000000	0.041257
1361.000000	0.041040
1360.000000	0.040806
1359.000000	0.040589
1358.000000	0.040411
1357.000000	0.040278
1356.000000	0.040188
1355.000000	0.040130
1354.000000	0.040077
1353.000000	0.040014
1352.000000	0.039967
1351.000000	0.039969
1350.000000	0.040002
1349.000000	0.040022
1348.000000	0.040022
1347.000000	0.040034
1346.000000	0.040068
1345.000000	0.040106
1344.000000	0.040145
1343.000000	0.040209
1342.000000	0.040306
1341.000000	0.040413
1340.000000	0.040503
1339.000000	0.040567
1338.000000	0.040597
1337.000000	0.040587
1336.000000	0.040553
1335.000000	0.040520
1334.000000	0.040495
1333.000000	0.040465
1332.000000	0.040429
1331.000000	0.040398
1330.000000	0.040368
1329.000000	0.040321
1328.000000	0.040258
1327.000000	0.040207
1326.000000	0.040184
1325.000000	0.040178
1324.000000	0.040184
1323.000000	0.040206
1322.000000	0.040244
1321.000000	0.040285
1320.000000	0.040331
1319.000000	0.040393
1318.000000	0.040459
1317.000000	0.040507
1316.000000	0.040542
1315.000000	0.040588
1314.000000	0.040650
1313.000000	0.040701
1312.000000	0.040731
1311.000000	0.040749
1310.000000	0.040765
1309.000000	0.040775
1308.000000	0.040782
1307.000000	0.040791
1306.000000	0.040792
1305.000000	0.040771
1304.000000	0.040741
1303.000000	0.040731
1302.000000	0.040743
1301.000000	0.040751
1300.000000	0.040746
1299.000000	0.040737
1298.000000	0.040714
1297.000000	0.040658
1296.000000	0.040576
1295.000000	0.040498
1294.000000	0.040438
1293.000000	0.040389
1292.000000	0.040351
1291.000000	0.040332
1290.000000	0.040321
1289.000000	0.040289
1288.000000	0.040238
1287.000000	0.040187
1286.000000	0.040135
1285.000000	0.040062
1284.000000	0.039973
1283.000000	0.039903
1282.000000	0.039858
1281.000000	0.039814
1280.000000	0.039760
1279.000000	0.039720
1278.000000	0.039703
1277.000000	0.039692
1276.000000	0.039675
1275.000000	0.039654
1274.000000	0.039625
1273.000000	0.039578
1272.000000	0.039521
1271.000000	0.039484
1270.000000	0.039477
1269.000000	0.039482
1268.000000	0.039497
1267.000000	0.039537
1266.000000	0.039604
1265.000000	0.039685
1264.000000	0.039782
1263.000000	0.039909
1262.000000	0.040066
1261.000000	0.040235
1260.000000	0.040423
1259.000000	0.040648
1258.000000	0.040901
1257.000000	0.041151
1256.000000	0.041389
1255.000000	0.041630
1254.000000	0.041878
1253.000000	0.042119
1252.000000	0.042361
1251.000000	0.042622
1250.000000	0.042888
1249.000000	0.043128
1248.000000	0.043338
1247.000000	0.043545
1246.000000	0.043756
1245.000000	0.043953
1244.000000	0.044137
1243.000000	0.044322
1242.000000	0.044502
1241.000000	0.044647
1240.000000	0.044747
1239.000000	0.044815
1238.000000	0.044859
1237.000000	0.044886
1236.000000	0.044920
1235.000000	0.044982
1234.000000	0.045041
1233.000000	0.045054
1232.000000	0.045020
1231.000000	0.044982
1230.000000	0.044948
1229.000000	0.044884
1228.000000	0.044783
1227.000000	0.044677
1226.000000	0.044572
1225.000000	0.044438
1224.000000	0.044261
1223.000000	0.044066
1222.000000	0.043868
1221.000000	0.043659
1220.000000	0.043444
1219.000000	0.043245
1218.000000	0.043055
1217.000000	0.042839
1216.000000	0.042593
1215.000000	0.042347
1214.000000	0.042113
1213.000000	0.041860
1212.000000	0.041573
1211.000000	0.041278
1210.000000	0.040985
1209.000000	0.040676
1208.000000	0.040342
1207.000000	0.040011
1206.000000	0.039692
1205.000000	0.039359
1204.000000	0.038996
1203.000000	0.038625
1202.000000	0.038263
1201.000000	0.037907
1200.000000	0.037556
1199.000000	0.037227
1198.000000	0.036918
1197.000000	0.036618
1196.000000	0.036345
1195.000000	0.036133
1194.000000	0.035974
1193.000000	0.035821
1192.000000	0.035660
1191.000000	0.035516
1190.000000	0.035383
1189.000000	0.035221
1188.000000	0.035023
1187.000000	0.034844
1186.000000	0.034727
1185.000000	0.034648
1184.000000	0.034574
1183.000000	0.034502
1182.000000	0.034444
1181.000000	0.034401
1180.000000	0.034387
1179.000000	0.034424
1178.000000	0.034519
1177.000000	0.034668
1176.000000	0.034890
1175.000000	0.035198
1174.000000	0.035549
1173.000000	0.035874
1172.000000	0.036150
1171.000000	0.036402
1170.000000	0.036631
1169.000000	0.036821
1168.000000	0.036996
1167.000000	0.037208
1166.000000	0.037449
1165.000000	0.037648
1164.000000	0.037767
1163.000000	0.037832
1162.000000	0.037860
1161.000000	0.037832
1160.000000	0.037747
1159.000000	0.037633
1158.000000	0.037496
1157.000000	0.037311
1156.000000	0.037079
1155.000000	0.036839
1154.000000	0.036594
1153.000000	0.036310
1152.000000	0.035997
1151.000000	0.035714
1150.000000	0.035485
1149.000000	0.035267
1148.000000	0.035037
1147.000000	0.034817
1146.000000	0.034610
1145.000000	0.034383
1144.000000	0.034138
1143.000000	0.033932
1142.000000	0.033797
1141.000000	0.033706
1140.000000	0.033636
1139.000000	0.033590
1138.000000	0.033546
1137.000000	0.033455
1136.000000	0.033321
1135.000000	0.033211
1134.000000	0.033167
1133.000000	0.033162
1132.000000	0.033172
1131.000000	0.033204
1130.000000	0.033229
1129.000000	0.033189
1128.000000	0.033088
1127.000000	0.033005
1126.000000	0.032977
1125.000000	0.032951
1124.000000	0.032887
1123.000000	0.032815
1122.000000	0.032769
1121.000000	0.032724
1120.000000	0.032651
1119.000000	0.032576
1118.000000	0.032525
1117.000000	0.032491
1116.000000	0.032469
1115.000000	0.032471
1114.000000	0.032479
1113.000000	0.032448
1112.000000	0.032378
1111.000000	0.032326
1110.000000	0.032322
1109.000000	0.032338
1108.000000	0.032359
1107.000000	0.032409
1106.000000	0.032487
1105.000000	0.032547
1104.000000	0.032573
1103.000000	0.032599
1102.000000	0.032642
1101.000000	0.032675
1100.000000	0.032698
1099.000000	0.032756
1098.000000	0.032868
1097.000000	0.032998
1096.000000	0.033134
1095.000000	0.033298
1094.000000	0.033485
1093.000000	0.033662
1092.000000	0.033849
1091.000000	0.034109
1090.000000	0.034447
1089.000000	0.034803
1088.000000	0.035165
1087.000000	0.035590
1086.000000	0.036090
1085.000000	0.036597
1084.000000	0.037067
1083.000000	0.037527
1082.000000	0.037995
1081.000000	0.038448
1080.000000	0.038893
1079.000000	0.039367
1078.000000	0.039857
1077.000000	0.040297
1076.000000	0.040683
1075.000000	0.041078
1074.000000	0.041493
1073.000000	0.041857
1072.000000	0.042137
1071.000000	0.042393
1070.000000	0.042673
1069.000000	0.042950
1068.000000	0.043196
1067.000000	0.043430
1066.000000	0.043648
1065.000000	0.043800
1064.000000	0.043877
1063.000000	0.043924
1062.000000	0.043945
1061.000000	0.043880
1060.000000	0.043715
1059.000000	0.043522
1058.000000	0.043358
1057.000000	0.043202
1056.000000	0.043042
1055.000000	0.042908
1054.000000	0.042797
1053.000000	0.042643
1052.000000	0.042413
1051.000000	0.042150
1050.000000	0.041885
1049.000000	0.041598
1048.000000	0.041302
1047.000000	0.041057
1046.000000	0.040865
1045.000000	0.040656
1044.000000	0.040400
1043.000000	0.040139
1042.000000	0.039894
1041.000000	0.039630
1040.000000	0.039344
1039.000000	0.039090
1038.000000	0.038869
1037.000000	0.038615
1036.000000	0.038307
1035.000000	0.038016
1034.000000	0.037782
1033.000000	0.037556
1032.000000	0.037296
1031.000000	0.037025
1030.000000	0.036761
1029.000000	0.036470
1028.000000	0.036144
1027.000000	0.035828
1026.000000	0.035532
1025.000000	0.035209
1024.000000	0.034839
1023.000000	0.034456
1022.000000	0.034068
1021.000000	0.033652
1020.000000	0.033247
1019.000000	0.032940
1018.000000	0.032735
1017.000000	0.032530
1016.000000	0.032261
1015.000000	0.031968
1014.000000	0.031700
1013.000000	0.031446
1012.000000	0.031211
1011.000000	0.031036
1010.000000	0.030906
1009.000000	0.030739
1008.000000	0.030502
1007.000000	0.030257
1006.000000	0.030047
1005.000000	0.029840
1004.000000	0.029623
1003.000000	0.029441
1002.000000	0.029314
1001.000000	0.029204
1000.000000	0.029091
999.000000	0.028998
998.000000	0.028911
997.000000	0.028771
996.000000	0.028592
995.000000	0.028475
994.000000	0.028455
993.000000	0.028449
992.000000	0.028382
991.000000	0.028282
990.000000	0.028190
989.000000	0.028090
988.000000	0.027961
987.000000	0.027843
986.000000	0.027775
985.000000	0.027754
984.000000	0.027773
983.000000	0.027841
982.000000	0.027922
981.000000	0.027942
980.000000	0.027883
979.000000	0.027805
978.000000	0.027747
977.000000	0.027691
976.000000	0.027649
975.000000	0.027675
974.000000	0.027767
973.000000	0.027847
972.000000	0.027882
971.000000	0.027921
970.000000	0.027996
969.000000	0.028076
968.000000	0.028154
967.000000	0.028277
966.000000	0.028445
965.000000	0.028587
964.000000	0.028665
963.000000	0.028717
962.000000	0.028762
961.000000	0.028759
960.000000	0.028700
959.000000	0.028648
958.000000	0.028628
957.000000	0.028578
956.000000	0.028443
955.000000	0.028253
954.000000	0.028064
953.000000	0.027896
952.000000	0.027771
951.000000	0.027715
950.000000	0.027684
949.000000	0.027595
948.000000	0.027451
947.000000	0.027352
946.000000	0.027344
945.000000	0.027352
944.000000	0.027310
943.000000	0.027246
942.000000	0.027208
941.000000	0.027186
940.000000	0.027167
939.000000	0.027182
938.000000	0.027235
937.000000	0.027280
936.000000	0.027290
935.000000	0.027297
934.000000	0.027311
933.000000	0.027292
932.000000	0.027229
931.000000	0.027178
930.000000	0.027163
929.000000	0.027139
928.000000	0.027087
927.000000	0.027048
926.000000	0.027044
925.000000	0.027031
924.000000	0.026981
923.000000	0.026918
922.000000	0.026851
921.000000	0.026749
920.000000	0.026613
919.000000	0.026490
918.000000	0.026389
917.000000	0.026262
916.000000	0.026116
915.000000	0.026026
914.000000	0.026024
913.000000	0.026050
912.000000	0.026052
911.000000	0.026040
910.000000	0.026015
909.000000	0.025940
908.000000	0.025823
907.000000	0.025738
906.000000	0.025720
905.000000	0.025736
904.000000	0.025774
903.000000	0.025856
902.000000	0.025952
901.000000	0.025980
900.000000	0.025928
899.000000	0.025874
898.000000	0.025853
897.000000	0.025818
896.000000	0.025753
895.000000	0.025706
894.000000	0.025681
893.000000	0.025604
892.000000	0.025447
891.000000	0.025272
890.000000	0.025114
889.000000	0.024932
888.000000	0.024725
887.000000	0.024573
886.000000	0.024516
885.000000	0.024496
884.000000	0.024458
883.000000	0.024409
882.000000	0.024357
881.000000	0.024290
880.000000	0.024251
879.000000	0.024306
878.000000	0.024410
877.000000	0.024423
876.000000	0.024311
875.000000	0.024187
874.000000	0.024132
873.000000	0.024103
872.000000	0.024062
871.000000	0.024042
870.000000	0.024041
869.000000	0.024000
868.000000	0.023913
867.000000	0.023855
866.000000	0.023828
865.000000	0.023739
864.000000	0.023568
863.000000	0.023422
862.000000	0.023367
861.000000	0.023352
860.000000	0.023333
859.000000	0.023344
858.000000	0.023388
857.000000	0.023386
856.000000	0.023311
855.000000	0.023246
854.000000	0.023251
853.000000	0.023280
852.000000	0.023292
851.000000	0.023321
850.000000	0.023373
849.000000	0.023391
848.000000	0.023357
847.000000	0.023335
846.000000	0.023342
845.000000	0.023316
844.000000	0.023244
843.000000	0.023205
842.000000	0.023230
841.000000	0.023259
840.000000	0.023279
839.000000	0.023362
838.000000	0.023518
837.000000	0.023652
836.000000	0.023715
835.000000	0.023787
834.000000	0.023928
833.000000	0.024087
832.000000	0.024222
831.000000	0.024374
830.000000	0.024558
829.000000	0.024698
828.000000	0.024761
827.000000	0.024820
826.000000	0.024924
825.000000	0.025008
824.000000	0.025017
823.000000	0.024988
822.000000	0.024954
821.000000	0.024897
820.000000	0.024849
819.000000	0.024890
818.000000	0.025001
817.000000	0.025063
816.000000	0.025047
815.000000	0.025071
814.000000	0.025205
813.000000	0.025376
812.000000	0.025503
811.000000	0.025609
810.000000	0.025722
809.000000	0.025811
808.000000	0.025867
807.000000	0.025930
806.000000	0.025984
805.000000	0.025961
804.000000	0.025895
803.000000	0.025915
802.000000	0.026043
801.000000	0.026143
800.000000	0.026145
799.000000	0.026144
798.000000	0.026214
797.000000	0.026289
796.000000	0.026305
795.000000	0.026322
794.000000	0.026406
793.000000	0.026526
792.000000	0.026650
791.000000	0.026810
790.000000	0.027009
789.000000	0.027183
788.000000	0.027331
787.000000	0.027544
786.000000	0.027837
785.000000	0.028102
784.000000	0.028281
783.000000	0.028455
782.000000	0.028695
781.000000	0.028960
780.000000	0.029198
779.000000	0.029426
778.000000	0.029637
777.000000	0.029774
776.000000	0.029856
775.000000	0.030008
774.000000	0.030283
773.000000	0.030582
772.000000	0.030804
771.000000	0.030964
770.000000	0.031099
769.000000	0.031199
768.000000	0.031271
767.000000	0.031370
766.000000	0.031491
765.000000	0.031558
764.000000	0.031568
763.000000	0.031602
762.000000	0.031682
761.000000	0.031735
760.000000	0.031767
759.000000	0.031890
758.000000	0.032130
757.000000	0.032358
756.000000	0.032487
755.000000	0.032569
754.000000	0.032671
753.000000	0.032798
752.000000	0.032983
751.000000	0.033292
750.000000	0.033649
749.000000	0.033842
748.000000	0.033802
747.000000	0.033712
746.000000	0.033758
745.000000	0.033913
744.000000	0.034059
743.000000	0.034167
742.000000	0.034255
741.000000	0.034301
740.000000	0.034306
739.000000	0.034329
738.000000	0.034392
737.000000	0.034445
736.000000	0.034496
735.000000	0.034625
734.000000	0.034832
733.000000	0.035008
732.000000	0.035113
731.000000	0.035261
730.000000	0.035533
729.000000	0.035865
728.000000	0.036179
727.000000	0.036500
726.000000	0.036870
725.000000	0.037276
724.000000	0.037721
723.000000	0.038224
722.000000	0.038721
721.000000	0.039109
720.000000	0.039449
719.000000	0.039939
718.000000	0.040621
717.000000	0.041297
716.000000	0.041803
715.000000	0.042200
714.000000	0.042618
713.000000	0.043093
712.000000	0.043640
711.000000	0.044308
710.000000	0.045048
709.000000	0.045699
708.000000	0.046217
707.000000	0.046764
706.000000	0.047476
705.000000	0.048273
704.000000	0.049019
703.000000	0.049704
702.000000	0.050362
701.000000	0.050934
700.000000	0.051354
699.000000	0.051639
698.000000	0.051802
697.000000	0.051802
696.000000	0.051656
695.000000	0.051491
694.000000	0.051393
693.000000	0.051335
692.000000	0.051319
691.000000	0.051405
690.000000	0.051538
689.000000	0.051554
688.000000	0.051424
687.000000	0.051333
686.000000	0.051394
685.000000	0.051496
684.000000	0.051549
683.000000	0.051644
682.000000	0.051867
681.000000	0.052138
680.000000	0.052356
679.000000	0.052523
678.000000	0.052650
677.000000	0.052709
676.000000	0.052766
675.000000	0.052948
674.000000	0.053217
673.000000	0.053373
672.000000	0.053366
671.000000	0.053377
670.000000	0.053522
669.000000	0.053679
668.000000	0.053790
667.000000	0.054018
666.000000	0.054290
665.000000	0.054473
664.000000	0.054579
663.000000	0.054700
662.000000	0.054871
661.000000	0.054996
660.000000	0.055027
659.000000	0.055084
658.000000	0.055264
657.000000	0.055479
656.000000	0.055612
655.000000	0.055658
654.000000	0.055645
653.000000	0.055564
652.000000	0.055482
651.000000	0.055560
650.000000	0.055839
649.000000	0.056165
648.000000	0.056438
647.000000	0.056732
646.000000	0.057091
645.000000	0.057401
644.000000	0.057600
643.000000	0.057789
642.000000	0.058029
641.000000	0.058207
640.000000	0.058258
639.000000	0.058306
638.000000	0.058446
637.000000	0.058589
636.000000	0.058663
635.000000	0.058778
634.000000	0.059022
633.000000	0.059285
632.000000	0.059462
631.000000	0.059646
630.000000	0.059935
629.000000	0.060242
628.000000	0.060439
627.000000	0.060556
626.000000	0.060654
625.000000	0.060696
624.000000	0.060700
623.000000	0.060843
622.000000	0.061214
621.000000	0.061619
620.000000	0.061787
619.000000	0.061662
618.000000	0.061368
617.000000	0.061040
616.000000	0.060830
615.000000	0.060894
614.000000	0.061188
613.000000	0.061446
612.000000	0.061472
611.000000	0.061342
610.000000	0.061205
609.000000	0.061071
608.000000	0.060913
607.000000	0.060765
606.000000	0.060601
605.000000	0.060337
604.000000	0.060067
603.000000	0.060047
602.000000	0.060287
601.000000	0.060427
600.000000	0.060223
599.000000	0.059881
598.000000	0.059730
597.000000	0.059812
596.000000	0.059991
595.000000	0.060229
594.000000	0.060512
593.000000	0.060720
592.000000	0.060782
591.000000	0.060806
590.000000	0.060870
589.000000	0.060868
588.000000	0.060713
587.000000	0.060505
586.000000	0.060365
585.000000	0.060294
584.000000	0.060324
583.000000	0.060571
582.000000	0.061008
581.000000	0.061445
580.000000	0.061830
579.000000	0.062299
578.000000	0.062814
577.000000	0.063101
576.000000	0.063095
575.000000	0.063080
574.000000	0.063185
573.000000	0.063132
572.000000	0.062738
571.000000	0.062307
570.000000	0.062224
569.000000	0.062444
568.000000	0.062673
567.000000	0.062809
566.000000	0.062919
565.000000	0.063031
564.000000	0.063195
563.000000	0.063512
562.000000	0.063881
561.000000	0.063992
560.000000	0.063745
559.000000	0.063423
558.000000	0.063292
557.000000	0.063309
556.000000	0.063397
555.000000	0.063609
554.000000	0.063858
553.000000	0.063840
552.000000	0.063497
551.000000	0.063188
550.000000	0.063166
549.000000	0.063227
548.000000	0.063121
547.000000	0.062969
546.000000	0.063012
545.000000	0.063267
544.000000	0.063659
543.000000	0.064157
542.000000	0.064582
541.000000	0.064653
540.000000	0.064414
539.000000	0.064246
538.000000	0.064292
537.000000	0.064313
536.000000	0.064270
535.000000	0.064513
534.000000	0.065112
533.000000	0.065543
532.000000	0.065435
531.000000	0.065144
530.000000	0.065237
529.000000	0.065762
528.000000	0.066399
527.000000	0.066921
526.000000	0.067193
525.000000	0.067089
524.000000	0.066764
523.000000	0.066610
522.000000	0.066692
521.000000	0.066599
520.000000	0.066075
519.000000	0.065420
518.000000	0.064989
517.000000	0.064713
516.000000	0.064441
515.000000	0.064259
514.000000	0.064172
513.000000	0.063958
512.000000	0.063649
511.000000	0.063669
510.000000	0.064165
509.000000	0.064686
508.000000	0.064854
507.000000	0.064849
506.000000	0.064908
505.000000	0.064845
504.000000	0.064444
503.000000	0.063858
502.000000	0.063265
501.000000	0.062626
500.000000	0.062098
499.000000	0.062101
498.000000	0.062621
497.000000	0.063008
496.000000	0.062870
495.000000	0.062626
494.000000	0.062739
493.000000	0.062988
492.000000	0.062991
491.000000	0.062901
490.000000	0.062977
489.000000	0.062985
488.000000	0.062574
487.000000	0.061842
486.000000	0.061071
485.000000	0.060372
484.000000	0.060001
483.000000	0.060411
482.000000	0.061491
481.000000	0.062377
480.000000	0.062540
479.000000	0.062410
478.000000	0.062526
477.000000	0.062710
476.000000	0.062655
475.000000	0.062675
474.000000	0.063153
473.000000	0.063783
472.000000	0.064031
471.000000	0.063915
470.000000	0.063595
469.000000	0.062839
468.000000	0.061656
467.000000	0.060803
466.000000	0.060902
465.000000	0.061560
464.000000	0.061998
463.000000	0.061967
462.000000	0.061584
461.000000	0.060993
460.000000	0.060668
459.000000	0.061299
458.000000	0.062656
457.000000	0.063329
456.000000	0.062663
455.000000	0.061688
454.000000	0.061394
453.000000	0.061405
452.000000	0.060829
451.000000	0.059608
450.000000	0.058399
449.000000	0.057734
448.000000	0.057910
447.000000	0.058888
446.000000	0.059818
445.000000	0.059569
444.000000	0.058244
443.000000	0.057324
442.000000	0.057693
441.000000	0.058479
440.000000	0.058639
439.000000	0.058409
438.000000	0.058393
437.000000	0.058354
436.000000	0.057768
435.000000	0.056798
434.000000	0.055779
433.000000	0.054596
432.000000	0.053406
431.000000	0.052961
430.000000	0.053345
429.000000	0.053500
428.000000	0.052893
427.000000	0.052497
426.000000	0.053220
425.000000	0.054402
424.000000	0.054958
423.000000	0.055001
422.000000	0.055162
421.000000	0.055342
420.000000	0.055345
419.000000	0.055602
418.000000	0.055773
417.000000	0.054484
416.000000	0.051881
415.000000	0.049955
414.000000	0.050087
413.000000	0.051444
412.000000	0.052592
411.000000	0.053524
410.000000	0.054561
409.000000	0.054900
408.000000	0.054049
407.000000	0.053152
406.000000	0.053101
405.000000	0.052917
404.000000	0.051774
403.000000	0.050856
402.000000	0.051372
401.000000	0.052265
400.000000	0.052122
