PE IR       SUBTECH     SPECTRUM    ASCII       PEDS        4.00        
   -1
4_8_24 BW ECS outer 2.ASC
24/04/08
18:09:03.00
24/04/08
18:09:20.00
Yarger Lab
Sample 087 By YargerLab Date Monday, April 08 2024
400.000000
#HDR
-1
-1
#GR
cm-1
A
1.0
0.0
4500.000000
-1.000000
4101
8
0.064684
0.007837
#DATA
4500.000000	0.009905
4499.000000	0.009900
4498.000000	0.009922
4497.000000	0.009961
4496.000000	0.009998
4495.000000	0.010016
4494.000000	0.010011
4493.000000	0.009991
4492.000000	0.009968
4491.000000	0.009943
4490.000000	0.009914
4489.000000	0.009879
4488.000000	0.009844
4487.000000	0.009816
4486.000000	0.009802
4485.000000	0.009799
4484.000000	0.009799
4483.000000	0.009798
4482.000000	0.009792
4481.000000	0.009786
4480.000000	0.009791
4479.000000	0.009815
4478.000000	0.009859
4477.000000	0.009912
4476.000000	0.009957
4475.000000	0.009982
4474.000000	0.009989
4473.000000	0.009991
4472.000000	0.010004
4471.000000	0.010030
4470.000000	0.010056
4469.000000	0.010065
4468.000000	0.010047
4467.000000	0.010009
4466.000000	0.009963
4465.000000	0.009918
4464.000000	0.009877
4463.000000	0.009835
4462.000000	0.009789
4461.000000	0.009739
4460.000000	0.009693
4459.000000	0.009668
4458.000000	0.009679
4457.000000	0.009726
4456.000000	0.009795
4455.000000	0.009861
4454.000000	0.009898
4453.000000	0.009896
4452.000000	0.009868
4451.000000	0.009838
4450.000000	0.009825
4449.000000	0.009837
4448.000000	0.009862
4447.000000	0.009883
4446.000000	0.009890
4445.000000	0.009879
4444.000000	0.009856
4443.000000	0.009829
4442.000000	0.009804
4441.000000	0.009788
4440.000000	0.009784
4439.000000	0.009796
4438.000000	0.009821
4437.000000	0.009855
4436.000000	0.009889
4435.000000	0.009919
4434.000000	0.009943
4433.000000	0.009958
4432.000000	0.009964
4431.000000	0.009961
4430.000000	0.009954
4429.000000	0.009947
4428.000000	0.009942
4427.000000	0.009939
4426.000000	0.009933
4425.000000	0.009918
4424.000000	0.009893
4423.000000	0.009870
4422.000000	0.009863
4421.000000	0.009883
4420.000000	0.009927
4419.000000	0.009980
4418.000000	0.010023
4417.000000	0.010040
4416.000000	0.010034
4415.000000	0.010016
4414.000000	0.010003
4413.000000	0.010000
4412.000000	0.009997
4411.000000	0.009983
4410.000000	0.009954
4409.000000	0.009920
4408.000000	0.009898
4407.000000	0.009897
4406.000000	0.009917
4405.000000	0.009946
4404.000000	0.009974
4403.000000	0.009997
4402.000000	0.010013
4401.000000	0.010019
4400.000000	0.010015
4399.000000	0.010003
4398.000000	0.009997
4397.000000	0.010004
4396.000000	0.010025
4395.000000	0.010052
4394.000000	0.010074
4393.000000	0.010080
4392.000000	0.010067
4391.000000	0.010035
4390.000000	0.009996
4389.000000	0.009962
4388.000000	0.009938
4387.000000	0.009922
4386.000000	0.009905
4385.000000	0.009880
4384.000000	0.009853
4383.000000	0.009842
4382.000000	0.009861
4381.000000	0.009907
4380.000000	0.009960
4379.000000	0.009998
4378.000000	0.010009
4377.000000	0.009998
4376.000000	0.009980
4375.000000	0.009967
4374.000000	0.009969
4373.000000	0.009989
4372.000000	0.010021
4371.000000	0.010051
4370.000000	0.010065
4369.000000	0.010058
4368.000000	0.010032
4367.000000	0.009998
4366.000000	0.009970
4365.000000	0.009953
4364.000000	0.009946
4363.000000	0.009946
4362.000000	0.009955
4361.000000	0.009972
4360.000000	0.009994
4359.000000	0.010014
4358.000000	0.010026
4357.000000	0.010028
4356.000000	0.010026
4355.000000	0.010027
4354.000000	0.010030
4353.000000	0.010028
4352.000000	0.010016
4351.000000	0.009992
4350.000000	0.009968
4349.000000	0.009956
4348.000000	0.009964
4347.000000	0.009989
4346.000000	0.010026
4345.000000	0.010066
4344.000000	0.010098
4343.000000	0.010114
4342.000000	0.010109
4341.000000	0.010089
4340.000000	0.010067
4339.000000	0.010053
4338.000000	0.010048
4337.000000	0.010050
4336.000000	0.010055
4335.000000	0.010064
4334.000000	0.010079
4333.000000	0.010096
4332.000000	0.010108
4331.000000	0.010110
4330.000000	0.010100
4329.000000	0.010084
4328.000000	0.010065
4327.000000	0.010050
4326.000000	0.010044
4325.000000	0.010050
4324.000000	0.010069
4323.000000	0.010093
4322.000000	0.010110
4321.000000	0.010110
4320.000000	0.010088
4319.000000	0.010045
4318.000000	0.009992
4317.000000	0.009948
4316.000000	0.009930
4315.000000	0.009946
4314.000000	0.009987
4313.000000	0.010033
4312.000000	0.010063
4311.000000	0.010068
4310.000000	0.010048
4309.000000	0.010015
4308.000000	0.009979
4307.000000	0.009944
4306.000000	0.009915
4305.000000	0.009895
4304.000000	0.009890
4303.000000	0.009899
4302.000000	0.009920
4301.000000	0.009943
4300.000000	0.009960
4299.000000	0.009969
4298.000000	0.009974
4297.000000	0.009976
4296.000000	0.009978
4295.000000	0.009974
4294.000000	0.009961
4293.000000	0.009943
4292.000000	0.009925
4291.000000	0.009916
4290.000000	0.009917
4289.000000	0.009925
4288.000000	0.009939
4287.000000	0.009954
4286.000000	0.009970
4285.000000	0.009984
4284.000000	0.009995
4283.000000	0.010004
4282.000000	0.010014
4281.000000	0.010026
4280.000000	0.010037
4279.000000	0.010040
4278.000000	0.010027
4277.000000	0.010001
4276.000000	0.009973
4275.000000	0.009962
4274.000000	0.009984
4273.000000	0.010038
4272.000000	0.010105
4271.000000	0.010159
4270.000000	0.010176
4269.000000	0.010150
4268.000000	0.010089
4267.000000	0.010017
4266.000000	0.009958
4265.000000	0.009933
4264.000000	0.009943
4263.000000	0.009978
4262.000000	0.010019
4261.000000	0.010054
4260.000000	0.010080
4259.000000	0.010099
4258.000000	0.010113
4257.000000	0.010121
4256.000000	0.010116
4255.000000	0.010095
4254.000000	0.010065
4253.000000	0.010036
4252.000000	0.010015
4251.000000	0.010003
4250.000000	0.009993
4249.000000	0.009977
4248.000000	0.009956
4247.000000	0.009936
4246.000000	0.009925
4245.000000	0.009927
4244.000000	0.009939
4243.000000	0.009954
4242.000000	0.009966
4241.000000	0.009970
4240.000000	0.009971
4239.000000	0.009975
4238.000000	0.009990
4237.000000	0.010016
4236.000000	0.010043
4235.000000	0.010058
4234.000000	0.010054
4233.000000	0.010038
4232.000000	0.010024
4231.000000	0.010019
4230.000000	0.010022
4229.000000	0.010024
4228.000000	0.010020
4227.000000	0.010009
4226.000000	0.009999
4225.000000	0.009999
4224.000000	0.010010
4223.000000	0.010024
4222.000000	0.010031
4221.000000	0.010033
4220.000000	0.010036
4219.000000	0.010049
4218.000000	0.010066
4217.000000	0.010078
4216.000000	0.010077
4215.000000	0.010064
4214.000000	0.010047
4213.000000	0.010032
4212.000000	0.010021
4211.000000	0.010013
4210.000000	0.010010
4209.000000	0.010014
4208.000000	0.010023
4207.000000	0.010028
4206.000000	0.010024
4205.000000	0.010011
4204.000000	0.009997
4203.000000	0.009989
4202.000000	0.009992
4201.000000	0.010003
4200.000000	0.010019
4199.000000	0.010030
4198.000000	0.010027
4197.000000	0.010008
4196.000000	0.009983
4195.000000	0.009972
4194.000000	0.009985
4193.000000	0.010021
4192.000000	0.010065
4191.000000	0.010098
4190.000000	0.010114
4189.000000	0.010119
4188.000000	0.010123
4187.000000	0.010126
4186.000000	0.010124
4185.000000	0.010105
4184.000000	0.010072
4183.000000	0.010037
4182.000000	0.010012
4181.000000	0.010006
4180.000000	0.010012
4179.000000	0.010024
4178.000000	0.010031
4177.000000	0.010032
4176.000000	0.010023
4175.000000	0.010010
4174.000000	0.009995
4173.000000	0.009986
4172.000000	0.009982
4171.000000	0.009982
4170.000000	0.009985
4169.000000	0.009994
4168.000000	0.010010
4167.000000	0.010029
4166.000000	0.010047
4165.000000	0.010065
4164.000000	0.010081
4163.000000	0.010097
4162.000000	0.010108
4161.000000	0.010113
4160.000000	0.010113
4159.000000	0.010109
4158.000000	0.010098
4157.000000	0.010080
4156.000000	0.010057
4155.000000	0.010034
4154.000000	0.010019
4153.000000	0.010017
4152.000000	0.010028
4151.000000	0.010045
4150.000000	0.010059
4149.000000	0.010063
4148.000000	0.010059
4147.000000	0.010049
4146.000000	0.010033
4145.000000	0.010010
4144.000000	0.009981
4143.000000	0.009953
4142.000000	0.009934
4141.000000	0.009932
4140.000000	0.009948
4139.000000	0.009973
4138.000000	0.009996
4137.000000	0.010008
4136.000000	0.010004
4135.000000	0.009990
4134.000000	0.009973
4133.000000	0.009961
4132.000000	0.009961
4131.000000	0.009972
4130.000000	0.009995
4129.000000	0.010025
4128.000000	0.010053
4127.000000	0.010071
4126.000000	0.010074
4125.000000	0.010066
4124.000000	0.010055
4123.000000	0.010043
4122.000000	0.010023
4121.000000	0.009990
4120.000000	0.009956
4119.000000	0.009939
4118.000000	0.009952
4117.000000	0.009987
4116.000000	0.010023
4115.000000	0.010039
4114.000000	0.010034
4113.000000	0.010025
4112.000000	0.010025
4111.000000	0.010034
4110.000000	0.010038
4109.000000	0.010026
4108.000000	0.010003
4107.000000	0.009988
4106.000000	0.009995
4105.000000	0.010017
4104.000000	0.010036
4103.000000	0.010038
4102.000000	0.010028
4101.000000	0.010024
4100.000000	0.010036
4099.000000	0.010061
4098.000000	0.010086
4097.000000	0.010100
4096.000000	0.010100
4095.000000	0.010090
4094.000000	0.010073
4093.000000	0.010049
4092.000000	0.010026
4091.000000	0.010011
4090.000000	0.010012
4089.000000	0.010025
4088.000000	0.010039
4087.000000	0.010041
4086.000000	0.010030
4085.000000	0.010011
4084.000000	0.009999
4083.000000	0.010001
4082.000000	0.010016
4081.000000	0.010039
4080.000000	0.010061
4079.000000	0.010079
4078.000000	0.010089
4077.000000	0.010092
4076.000000	0.010090
4075.000000	0.010088
4074.000000	0.010091
4073.000000	0.010097
4072.000000	0.010098
4071.000000	0.010083
4070.000000	0.010055
4069.000000	0.010025
4068.000000	0.010009
4067.000000	0.010017
4066.000000	0.010046
4065.000000	0.010084
4064.000000	0.010116
4063.000000	0.010129
4062.000000	0.010121
4061.000000	0.010100
4060.000000	0.010083
4059.000000	0.010082
4058.000000	0.010096
4057.000000	0.010110
4056.000000	0.010105
4055.000000	0.010075
4054.000000	0.010030
4053.000000	0.009989
4052.000000	0.009972
4051.000000	0.009982
4050.000000	0.010008
4049.000000	0.010035
4048.000000	0.010049
4047.000000	0.010049
4046.000000	0.010041
4045.000000	0.010034
4044.000000	0.010029
4043.000000	0.010028
4042.000000	0.010032
4041.000000	0.010041
4040.000000	0.010053
4039.000000	0.010065
4038.000000	0.010072
4037.000000	0.010071
4036.000000	0.010062
4035.000000	0.010045
4034.000000	0.010024
4033.000000	0.010003
4032.000000	0.009983
4031.000000	0.009966
4030.000000	0.009950
4029.000000	0.009942
4028.000000	0.009947
4027.000000	0.009965
4026.000000	0.009987
4025.000000	0.010004
4024.000000	0.010016
4023.000000	0.010031
4022.000000	0.010056
4021.000000	0.010088
4020.000000	0.010114
4019.000000	0.010123
4018.000000	0.010113
4017.000000	0.010094
4016.000000	0.010073
4015.000000	0.010055
4014.000000	0.010043
4013.000000	0.010038
4012.000000	0.010042
4011.000000	0.010053
4010.000000	0.010065
4009.000000	0.010075
4008.000000	0.010080
4007.000000	0.010087
4006.000000	0.010095
4005.000000	0.010102
4004.000000	0.010099
4003.000000	0.010083
4002.000000	0.010055
4001.000000	0.010024
4000.000000	0.010000
3999.000000	0.009992
3998.000000	0.009999
3997.000000	0.010015
3996.000000	0.010024
3995.000000	0.010017
3994.000000	0.009994
3993.000000	0.009971
3992.000000	0.009963
3991.000000	0.009973
3990.000000	0.009992
3989.000000	0.010006
3988.000000	0.010008
3987.000000	0.010000
3986.000000	0.009990
3985.000000	0.009983
3984.000000	0.009981
3983.000000	0.009984
3982.000000	0.009994
3981.000000	0.010012
3980.000000	0.010037
3979.000000	0.010060
3978.000000	0.010073
3977.000000	0.010072
3976.000000	0.010059
3975.000000	0.010044
3974.000000	0.010038
3973.000000	0.010041
3972.000000	0.010048
3971.000000	0.010046
3970.000000	0.010030
3969.000000	0.010003
3968.000000	0.009976
3967.000000	0.009963
3966.000000	0.009967
3965.000000	0.009987
3964.000000	0.010009
3963.000000	0.010021
3962.000000	0.010018
3961.000000	0.010005
3960.000000	0.009996
3959.000000	0.010002
3958.000000	0.010022
3957.000000	0.010046
3956.000000	0.010066
3955.000000	0.010078
3954.000000	0.010081
3953.000000	0.010072
3952.000000	0.010054
3951.000000	0.010034
3950.000000	0.010021
3949.000000	0.010024
3948.000000	0.010041
3947.000000	0.010062
3946.000000	0.010076
3945.000000	0.010076
3944.000000	0.010061
3943.000000	0.010038
3942.000000	0.010016
3941.000000	0.010000
3940.000000	0.009989
3939.000000	0.009980
3938.000000	0.009973
3937.000000	0.009974
3936.000000	0.009994
3935.000000	0.010032
3934.000000	0.010072
3933.000000	0.010089
3932.000000	0.010071
3931.000000	0.010027
3930.000000	0.009985
3929.000000	0.009966
3928.000000	0.009979
3927.000000	0.010017
3926.000000	0.010063
3925.000000	0.010094
3924.000000	0.010099
3923.000000	0.010081
3922.000000	0.010053
3921.000000	0.010023
3920.000000	0.009994
3919.000000	0.009973
3918.000000	0.009968
3917.000000	0.009985
3916.000000	0.010013
3915.000000	0.010038
3914.000000	0.010047
3913.000000	0.010035
3912.000000	0.010007
3911.000000	0.009983
3910.000000	0.009977
3909.000000	0.009990
3908.000000	0.010007
3907.000000	0.010014
3906.000000	0.010013
3905.000000	0.010011
3904.000000	0.010012
3903.000000	0.010006
3902.000000	0.009991
3901.000000	0.009972
3900.000000	0.009958
3899.000000	0.009951
3898.000000	0.009946
3897.000000	0.009939
3896.000000	0.009929
3895.000000	0.009918
3894.000000	0.009918
3893.000000	0.009940
3892.000000	0.009980
3891.000000	0.010012
3890.000000	0.010016
3889.000000	0.009996
3888.000000	0.009980
3887.000000	0.009983
3886.000000	0.009995
3885.000000	0.009997
3884.000000	0.009989
3883.000000	0.009988
3882.000000	0.010000
3881.000000	0.010007
3880.000000	0.009997
3879.000000	0.009973
3878.000000	0.009952
3877.000000	0.009942
3876.000000	0.009943
3875.000000	0.009948
3874.000000	0.009952
3873.000000	0.009959
3872.000000	0.009983
3871.000000	0.010022
3870.000000	0.010056
3869.000000	0.010067
3868.000000	0.010063
3867.000000	0.010064
3866.000000	0.010069
3865.000000	0.010056
3864.000000	0.010013
3863.000000	0.009955
3862.000000	0.009905
3861.000000	0.009873
3860.000000	0.009857
3859.000000	0.009847
3858.000000	0.009837
3857.000000	0.009831
3856.000000	0.009843
3855.000000	0.009884
3854.000000	0.009945
3853.000000	0.009993
3852.000000	0.010009
3851.000000	0.010003
3850.000000	0.009990
3849.000000	0.009972
3848.000000	0.009951
3847.000000	0.009930
3846.000000	0.009920
3845.000000	0.009921
3844.000000	0.009929
3843.000000	0.009929
3842.000000	0.009911
3841.000000	0.009885
3840.000000	0.009874
3839.000000	0.009890
3838.000000	0.009921
3837.000000	0.009938
3836.000000	0.009917
3835.000000	0.009867
3834.000000	0.009818
3833.000000	0.009795
3832.000000	0.009796
3831.000000	0.009810
3830.000000	0.009829
3829.000000	0.009856
3828.000000	0.009894
3827.000000	0.009931
3826.000000	0.009949
3825.000000	0.009944
3824.000000	0.009933
3823.000000	0.009930
3822.000000	0.009933
3821.000000	0.009923
3820.000000	0.009894
3819.000000	0.009866
3818.000000	0.009858
3817.000000	0.009866
3816.000000	0.009866
3815.000000	0.009847
3814.000000	0.009827
3813.000000	0.009825
3812.000000	0.009836
3811.000000	0.009837
3810.000000	0.009813
3809.000000	0.009779
3808.000000	0.009760
3807.000000	0.009774
3806.000000	0.009812
3805.000000	0.009857
3804.000000	0.009894
3803.000000	0.009908
3802.000000	0.009889
3801.000000	0.009845
3800.000000	0.009799
3799.000000	0.009772
3798.000000	0.009763
3797.000000	0.009755
3796.000000	0.009739
3795.000000	0.009718
3794.000000	0.009702
3793.000000	0.009697
3792.000000	0.009699
3791.000000	0.009705
3790.000000	0.009712
3789.000000	0.009720
3788.000000	0.009721
3787.000000	0.009708
3786.000000	0.009684
3785.000000	0.009655
3784.000000	0.009637
3783.000000	0.009639
3782.000000	0.009662
3781.000000	0.009683
3780.000000	0.009676
3779.000000	0.009634
3778.000000	0.009579
3777.000000	0.009547
3776.000000	0.009553
3775.000000	0.009580
3774.000000	0.009597
3773.000000	0.009597
3772.000000	0.009596
3771.000000	0.009614
3770.000000	0.009649
3769.000000	0.009679
3768.000000	0.009688
3767.000000	0.009678
3766.000000	0.009659
3765.000000	0.009644
3764.000000	0.009642
3763.000000	0.009656
3762.000000	0.009678
3761.000000	0.009687
3760.000000	0.009666
3759.000000	0.009623
3758.000000	0.009579
3757.000000	0.009544
3756.000000	0.009521
3755.000000	0.009522
3754.000000	0.009551
3753.000000	0.009596
3752.000000	0.009638
3751.000000	0.009674
3750.000000	0.009714
3749.000000	0.009747
3748.000000	0.009754
3747.000000	0.009739
3746.000000	0.009728
3745.000000	0.009731
3744.000000	0.009738
3743.000000	0.009743
3742.000000	0.009755
3741.000000	0.009775
3740.000000	0.009789
3739.000000	0.009788
3738.000000	0.009777
3737.000000	0.009757
3736.000000	0.009718
3735.000000	0.009654
3734.000000	0.009591
3733.000000	0.009557
3732.000000	0.009556
3731.000000	0.009571
3730.000000	0.009588
3729.000000	0.009606
3728.000000	0.009624
3727.000000	0.009635
3726.000000	0.009630
3725.000000	0.009616
3724.000000	0.009599
3723.000000	0.009577
3722.000000	0.009544
3721.000000	0.009508
3720.000000	0.009483
3719.000000	0.009478
3718.000000	0.009487
3717.000000	0.009495
3716.000000	0.009495
3715.000000	0.009498
3714.000000	0.009516
3713.000000	0.009545
3712.000000	0.009567
3711.000000	0.009568
3710.000000	0.009555
3709.000000	0.009545
3708.000000	0.009540
3707.000000	0.009529
3706.000000	0.009501
3705.000000	0.009463
3704.000000	0.009427
3703.000000	0.009407
3702.000000	0.009403
3701.000000	0.009412
3700.000000	0.009432
3699.000000	0.009465
3698.000000	0.009499
3697.000000	0.009514
3696.000000	0.009496
3695.000000	0.009454
3694.000000	0.009406
3693.000000	0.009366
3692.000000	0.009338
3691.000000	0.009327
3690.000000	0.009339
3689.000000	0.009363
3688.000000	0.009378
3687.000000	0.009372
3686.000000	0.009356
3685.000000	0.009345
3684.000000	0.009346
3683.000000	0.009356
3682.000000	0.009377
3681.000000	0.009413
3680.000000	0.009455
3679.000000	0.009486
3678.000000	0.009501
3677.000000	0.009505
3676.000000	0.009497
3675.000000	0.009478
3674.000000	0.009467
3673.000000	0.009485
3672.000000	0.009519
3671.000000	0.009532
3670.000000	0.009496
3669.000000	0.009433
3668.000000	0.009390
3667.000000	0.009385
3666.000000	0.009402
3665.000000	0.009416
3664.000000	0.009411
3663.000000	0.009391
3662.000000	0.009371
3661.000000	0.009368
3660.000000	0.009388
3659.000000	0.009429
3658.000000	0.009477
3657.000000	0.009512
3656.000000	0.009523
3655.000000	0.009515
3654.000000	0.009511
3653.000000	0.009524
3652.000000	0.009551
3651.000000	0.009571
3650.000000	0.009569
3649.000000	0.009554
3648.000000	0.009544
3647.000000	0.009547
3646.000000	0.009560
3645.000000	0.009577
3644.000000	0.009591
3643.000000	0.009593
3642.000000	0.009584
3641.000000	0.009574
3640.000000	0.009578
3639.000000	0.009599
3638.000000	0.009624
3637.000000	0.009642
3636.000000	0.009652
3635.000000	0.009664
3634.000000	0.009683
3633.000000	0.009705
3632.000000	0.009734
3631.000000	0.009776
3630.000000	0.009824
3629.000000	0.009853
3628.000000	0.009848
3627.000000	0.009828
3626.000000	0.009821
3625.000000	0.009835
3624.000000	0.009855
3623.000000	0.009866
3622.000000	0.009867
3621.000000	0.009866
3620.000000	0.009868
3619.000000	0.009867
3618.000000	0.009859
3617.000000	0.009851
3616.000000	0.009859
3615.000000	0.009894
3614.000000	0.009951
3613.000000	0.010012
3612.000000	0.010056
3611.000000	0.010073
3610.000000	0.010070
3609.000000	0.010056
3608.000000	0.010040
3607.000000	0.010031
3606.000000	0.010034
3605.000000	0.010054
3604.000000	0.010087
3603.000000	0.010121
3602.000000	0.010147
3601.000000	0.010160
3600.000000	0.010161
3599.000000	0.010156
3598.000000	0.010151
3597.000000	0.010152
3596.000000	0.010161
3595.000000	0.010178
3594.000000	0.010200
3593.000000	0.010230
3592.000000	0.010276
3591.000000	0.010342
3590.000000	0.010416
3589.000000	0.010475
3588.000000	0.010497
3587.000000	0.010490
3586.000000	0.010478
3585.000000	0.010480
3584.000000	0.010494
3583.000000	0.010511
3582.000000	0.010524
3581.000000	0.010532
3580.000000	0.010530
3579.000000	0.010515
3578.000000	0.010487
3577.000000	0.010462
3576.000000	0.010457
3575.000000	0.010483
3574.000000	0.010534
3573.000000	0.010590
3572.000000	0.010632
3571.000000	0.010656
3570.000000	0.010673
3569.000000	0.010703
3568.000000	0.010753
3567.000000	0.010811
3566.000000	0.010856
3565.000000	0.010882
3564.000000	0.010891
3563.000000	0.010894
3562.000000	0.010896
3561.000000	0.010898
3560.000000	0.010900
3559.000000	0.010908
3558.000000	0.010933
3557.000000	0.010981
3556.000000	0.011040
3555.000000	0.011090
3554.000000	0.011115
3553.000000	0.011118
3552.000000	0.011113
3551.000000	0.011116
3550.000000	0.011136
3549.000000	0.011171
3548.000000	0.011217
3547.000000	0.011263
3546.000000	0.011296
3545.000000	0.011305
3544.000000	0.011294
3543.000000	0.011280
3542.000000	0.011285
3541.000000	0.011323
3540.000000	0.011391
3539.000000	0.011472
3538.000000	0.011541
3537.000000	0.011583
3536.000000	0.011596
3535.000000	0.011592
3534.000000	0.011588
3533.000000	0.011598
3532.000000	0.011624
3531.000000	0.011662
3530.000000	0.011702
3529.000000	0.011734
3528.000000	0.011755
3527.000000	0.011766
3526.000000	0.011770
3525.000000	0.011775
3524.000000	0.011790
3523.000000	0.011825
3522.000000	0.011885
3521.000000	0.011957
3520.000000	0.012022
3519.000000	0.012067
3518.000000	0.012092
3517.000000	0.012110
3516.000000	0.012132
3515.000000	0.012158
3514.000000	0.012178
3513.000000	0.012184
3512.000000	0.012178
3511.000000	0.012171
3510.000000	0.012174
3509.000000	0.012189
3508.000000	0.012210
3507.000000	0.012235
3506.000000	0.012272
3505.000000	0.012323
3504.000000	0.012377
3503.000000	0.012419
3502.000000	0.012446
3501.000000	0.012473
3500.000000	0.012511
3499.000000	0.012557
3498.000000	0.012601
3497.000000	0.012636
3496.000000	0.012662
3495.000000	0.012682
3494.000000	0.012699
3493.000000	0.012711
3492.000000	0.012717
3491.000000	0.012722
3490.000000	0.012738
3489.000000	0.012779
3488.000000	0.012847
3487.000000	0.012935
3486.000000	0.013026
3485.000000	0.013101
3484.000000	0.013148
3483.000000	0.013165
3482.000000	0.013170
3481.000000	0.013185
3480.000000	0.013219
3479.000000	0.013266
3478.000000	0.013310
3477.000000	0.013343
3476.000000	0.013374
3475.000000	0.013416
3474.000000	0.013480
3473.000000	0.013561
3472.000000	0.013644
3471.000000	0.013712
3470.000000	0.013757
3469.000000	0.013783
3468.000000	0.013803
3467.000000	0.013833
3466.000000	0.013882
3465.000000	0.013946
3464.000000	0.014014
3463.000000	0.014069
3462.000000	0.014105
3461.000000	0.014129
3460.000000	0.014150
3459.000000	0.014167
3458.000000	0.014177
3457.000000	0.014181
3456.000000	0.014187
3455.000000	0.014209
3454.000000	0.014250
3453.000000	0.014304
3452.000000	0.014363
3451.000000	0.014421
3450.000000	0.014482
3449.000000	0.014546
3448.000000	0.014603
3447.000000	0.014643
3446.000000	0.014667
3445.000000	0.014689
3444.000000	0.014725
3443.000000	0.014777
3442.000000	0.014841
3441.000000	0.014911
3440.000000	0.014985
3439.000000	0.015057
3438.000000	0.015119
3437.000000	0.015161
3436.000000	0.015177
3435.000000	0.015177
3434.000000	0.015179
3433.000000	0.015201
3432.000000	0.015250
3431.000000	0.015318
3430.000000	0.015390
3429.000000	0.015457
3428.000000	0.015513
3427.000000	0.015555
3426.000000	0.015582
3425.000000	0.015603
3424.000000	0.015638
3423.000000	0.015701
3422.000000	0.015786
3421.000000	0.015866
3420.000000	0.015922
3419.000000	0.015957
3418.000000	0.015990
3417.000000	0.016040
3416.000000	0.016104
3415.000000	0.016172
3414.000000	0.016229
3413.000000	0.016273
3412.000000	0.016303
3411.000000	0.016325
3410.000000	0.016350
3409.000000	0.016386
3408.000000	0.016433
3407.000000	0.016481
3406.000000	0.016519
3405.000000	0.016548
3404.000000	0.016578
3403.000000	0.016619
3402.000000	0.016668
3401.000000	0.016718
3400.000000	0.016765
3399.000000	0.016810
3398.000000	0.016854
3397.000000	0.016895
3396.000000	0.016934
3395.000000	0.016977
3394.000000	0.017026
3393.000000	0.017076
3392.000000	0.017122
3391.000000	0.017157
3390.000000	0.017185
3389.000000	0.017213
3388.000000	0.017251
3387.000000	0.017300
3386.000000	0.017359
3385.000000	0.017423
3384.000000	0.017489
3383.000000	0.017558
3382.000000	0.017625
3381.000000	0.017680
3380.000000	0.017721
3379.000000	0.017750
3378.000000	0.017781
3377.000000	0.017822
3376.000000	0.017877
3375.000000	0.017944
3374.000000	0.018014
3373.000000	0.018082
3372.000000	0.018146
3371.000000	0.018205
3370.000000	0.018260
3369.000000	0.018311
3368.000000	0.018368
3367.000000	0.018442
3366.000000	0.018538
3365.000000	0.018650
3364.000000	0.018758
3363.000000	0.018853
3362.000000	0.018938
3361.000000	0.019027
3360.000000	0.019130
3359.000000	0.019241
3358.000000	0.019343
3357.000000	0.019427
3356.000000	0.019497
3355.000000	0.019568
3354.000000	0.019651
3353.000000	0.019744
3352.000000	0.019844
3351.000000	0.019952
3350.000000	0.020065
3349.000000	0.020179
3348.000000	0.020282
3347.000000	0.020370
3346.000000	0.020444
3345.000000	0.020516
3344.000000	0.020603
3343.000000	0.020712
3342.000000	0.020832
3341.000000	0.020943
3340.000000	0.021033
3339.000000	0.021115
3338.000000	0.021204
3337.000000	0.021304
3336.000000	0.021408
3335.000000	0.021516
3334.000000	0.021635
3333.000000	0.021764
3332.000000	0.021892
3331.000000	0.022008
3330.000000	0.022107
3329.000000	0.022196
3328.000000	0.022286
3327.000000	0.022388
3326.000000	0.022513
3325.000000	0.022660
3324.000000	0.022816
3323.000000	0.022969
3322.000000	0.023110
3321.000000	0.023238
3320.000000	0.023354
3319.000000	0.023466
3318.000000	0.023586
3317.000000	0.023720
3316.000000	0.023857
3315.000000	0.023989
3314.000000	0.024120
3313.000000	0.024266
3312.000000	0.024434
3311.000000	0.024617
3310.000000	0.024793
3309.000000	0.024948
3308.000000	0.025083
3307.000000	0.025217
3306.000000	0.025376
3305.000000	0.025574
3304.000000	0.025796
3303.000000	0.026013
3302.000000	0.026202
3301.000000	0.026359
3300.000000	0.026498
3299.000000	0.026634
3298.000000	0.026778
3297.000000	0.026936
3296.000000	0.027101
3295.000000	0.027263
3294.000000	0.027416
3293.000000	0.027570
3292.000000	0.027740
3291.000000	0.027936
3290.000000	0.028147
3289.000000	0.028355
3288.000000	0.028549
3287.000000	0.028728
3286.000000	0.028901
3285.000000	0.029067
3284.000000	0.029214
3283.000000	0.029331
3282.000000	0.029412
3281.000000	0.029467
3280.000000	0.029510
3279.000000	0.029553
3278.000000	0.029602
3277.000000	0.029655
3276.000000	0.029706
3275.000000	0.029744
3274.000000	0.029763
3273.000000	0.029770
3272.000000	0.029780
3271.000000	0.029801
3270.000000	0.029823
3269.000000	0.029827
3268.000000	0.029802
3267.000000	0.029753
3266.000000	0.029689
3265.000000	0.029605
3264.000000	0.029498
3263.000000	0.029381
3262.000000	0.029276
3261.000000	0.029199
3260.000000	0.029140
3259.000000	0.029071
3258.000000	0.028968
3257.000000	0.028830
3256.000000	0.028672
3255.000000	0.028519
3254.000000	0.028383
3253.000000	0.028263
3252.000000	0.028149
3251.000000	0.028035
3250.000000	0.027925
3249.000000	0.027820
3248.000000	0.027720
3247.000000	0.027621
3246.000000	0.027522
3245.000000	0.027422
3244.000000	0.027318
3243.000000	0.027209
3242.000000	0.027096
3241.000000	0.026986
3240.000000	0.026883
3239.000000	0.026785
3238.000000	0.026686
3237.000000	0.026577
3236.000000	0.026456
3235.000000	0.026333
3234.000000	0.026224
3233.000000	0.026134
3232.000000	0.026055
3231.000000	0.025976
3230.000000	0.025896
3229.000000	0.025824
3228.000000	0.025764
3227.000000	0.025717
3226.000000	0.025672
3225.000000	0.025618
3224.000000	0.025546
3223.000000	0.025461
3222.000000	0.025370
3221.000000	0.025283
3220.000000	0.025204
3219.000000	0.025137
3218.000000	0.025085
3217.000000	0.025051
3216.000000	0.025032
3215.000000	0.025018
3214.000000	0.024996
3213.000000	0.024961
3212.000000	0.024912
3211.000000	0.024859
3210.000000	0.024810
3209.000000	0.024771
3208.000000	0.024738
3207.000000	0.024707
3206.000000	0.024670
3205.000000	0.024621
3204.000000	0.024559
3203.000000	0.024491
3202.000000	0.024431
3201.000000	0.024381
3200.000000	0.024334
3199.000000	0.024286
3198.000000	0.024244
3197.000000	0.024214
3196.000000	0.024188
3195.000000	0.024152
3194.000000	0.024102
3193.000000	0.024049
3192.000000	0.024007
3191.000000	0.023983
3190.000000	0.023972
3189.000000	0.023960
3188.000000	0.023931
3187.000000	0.023878
3186.000000	0.023812
3185.000000	0.023748
3184.000000	0.023693
3183.000000	0.023640
3182.000000	0.023585
3181.000000	0.023529
3180.000000	0.023471
3179.000000	0.023403
3178.000000	0.023316
3177.000000	0.023213
3176.000000	0.023113
3175.000000	0.023036
3174.000000	0.022990
3173.000000	0.022961
3172.000000	0.022929
3171.000000	0.022882
3170.000000	0.022825
3169.000000	0.022771
3168.000000	0.022725
3167.000000	0.022674
3166.000000	0.022604
3165.000000	0.022518
3164.000000	0.022436
3163.000000	0.022378
3162.000000	0.022341
3161.000000	0.022307
3160.000000	0.022264
3159.000000	0.022212
3158.000000	0.022163
3157.000000	0.022120
3156.000000	0.022075
3155.000000	0.022019
3154.000000	0.021949
3153.000000	0.021873
3152.000000	0.021795
3151.000000	0.021719
3150.000000	0.021649
3149.000000	0.021588
3148.000000	0.021537
3147.000000	0.021497
3146.000000	0.021463
3145.000000	0.021430
3144.000000	0.021396
3143.000000	0.021359
3142.000000	0.021316
3141.000000	0.021263
3140.000000	0.021198
3139.000000	0.021129
3138.000000	0.021071
3137.000000	0.021038
3136.000000	0.021028
3135.000000	0.021031
3134.000000	0.021032
3133.000000	0.021025
3132.000000	0.021010
3131.000000	0.020991
3130.000000	0.020973
3129.000000	0.020953
3128.000000	0.020920
3127.000000	0.020871
3126.000000	0.020816
3125.000000	0.020771
3124.000000	0.020737
3123.000000	0.020707
3122.000000	0.020673
3121.000000	0.020638
3120.000000	0.020610
3119.000000	0.020589
3118.000000	0.020568
3117.000000	0.020542
3116.000000	0.020514
3115.000000	0.020494
3114.000000	0.020491
3113.000000	0.020510
3112.000000	0.020545
3111.000000	0.020586
3110.000000	0.020623
3109.000000	0.020646
3108.000000	0.020652
3107.000000	0.020642
3106.000000	0.020624
3105.000000	0.020612
3104.000000	0.020616
3103.000000	0.020637
3102.000000	0.020670
3101.000000	0.020707
3100.000000	0.020742
3099.000000	0.020770
3098.000000	0.020784
3097.000000	0.020778
3096.000000	0.020754
3095.000000	0.020728
3094.000000	0.020717
3093.000000	0.020730
3092.000000	0.020760
3091.000000	0.020802
3090.000000	0.020858
3089.000000	0.020923
3088.000000	0.020979
3087.000000	0.021002
3086.000000	0.020989
3085.000000	0.020959
3084.000000	0.020940
3083.000000	0.020946
3082.000000	0.020970
3081.000000	0.021003
3080.000000	0.021038
3079.000000	0.021074
3078.000000	0.021112
3077.000000	0.021153
3076.000000	0.021194
3075.000000	0.021231
3074.000000	0.021259
3073.000000	0.021274
3072.000000	0.021272
3071.000000	0.021251
3070.000000	0.021220
3069.000000	0.021191
3068.000000	0.021181
3067.000000	0.021196
3066.000000	0.021233
3065.000000	0.021277
3064.000000	0.021308
3063.000000	0.021305
3062.000000	0.021265
3061.000000	0.021207
3060.000000	0.021159
3059.000000	0.021133
3058.000000	0.021121
3057.000000	0.021104
3056.000000	0.021072
3055.000000	0.021033
3054.000000	0.020997
3053.000000	0.020976
3052.000000	0.020972
3051.000000	0.020980
3050.000000	0.020984
3049.000000	0.020960
3048.000000	0.020894
3047.000000	0.020789
3046.000000	0.020674
3045.000000	0.020580
3044.000000	0.020527
3043.000000	0.020510
3042.000000	0.020506
3041.000000	0.020493
3040.000000	0.020460
3039.000000	0.020410
3038.000000	0.020352
3037.000000	0.020293
3036.000000	0.020238
3035.000000	0.020188
3034.000000	0.020138
3033.000000	0.020086
3032.000000	0.020040
3031.000000	0.020013
3030.000000	0.020010
3029.000000	0.020011
3028.000000	0.019991
3027.000000	0.019937
3026.000000	0.019863
3025.000000	0.019790
3024.000000	0.019729
3023.000000	0.019682
3022.000000	0.019646
3021.000000	0.019620
3020.000000	0.019597
3019.000000	0.019570
3018.000000	0.019536
3017.000000	0.019498
3016.000000	0.019456
3015.000000	0.019404
3014.000000	0.019340
3013.000000	0.019278
3012.000000	0.019241
3011.000000	0.019237
3010.000000	0.019254
3009.000000	0.019267
3008.000000	0.019262
3007.000000	0.019242
3006.000000	0.019222
3005.000000	0.019207
3004.000000	0.019199
3003.000000	0.019193
3002.000000	0.019179
3001.000000	0.019151
3000.000000	0.019111
2999.000000	0.019074
2998.000000	0.019062
2997.000000	0.019083
2996.000000	0.019131
2995.000000	0.019190
2994.000000	0.019249
2993.000000	0.019300
2992.000000	0.019340
2991.000000	0.019372
2990.000000	0.019401
2989.000000	0.019434
2988.000000	0.019473
2987.000000	0.019520
2986.000000	0.019575
2985.000000	0.019640
2984.000000	0.019716
2983.000000	0.019801
2982.000000	0.019895
2981.000000	0.019995
2980.000000	0.020093
2979.000000	0.020181
2978.000000	0.020257
2977.000000	0.020322
2976.000000	0.020381
2975.000000	0.020441
2974.000000	0.020512
2973.000000	0.020602
2972.000000	0.020709
2971.000000	0.020824
2970.000000	0.020935
2969.000000	0.021028
2968.000000	0.021100
2967.000000	0.021162
2966.000000	0.021227
2965.000000	0.021299
2964.000000	0.021370
2963.000000	0.021432
2962.000000	0.021486
2961.000000	0.021537
2960.000000	0.021583
2959.000000	0.021614
2958.000000	0.021627
2957.000000	0.021631
2956.000000	0.021630
2955.000000	0.021617
2954.000000	0.021591
2953.000000	0.021564
2952.000000	0.021551
2951.000000	0.021552
2950.000000	0.021553
2949.000000	0.021545
2948.000000	0.021539
2947.000000	0.021556
2946.000000	0.021613
2945.000000	0.021710
2944.000000	0.021834
2943.000000	0.021971
2942.000000	0.022114
2941.000000	0.022264
2940.000000	0.022433
2939.000000	0.022632
2938.000000	0.022865
2937.000000	0.023127
2936.000000	0.023400
2935.000000	0.023667
2934.000000	0.023917
2933.000000	0.024147
2932.000000	0.024357
2931.000000	0.024554
2930.000000	0.024750
2929.000000	0.024955
2928.000000	0.025164
2927.000000	0.025352
2926.000000	0.025490
2925.000000	0.025557
2924.000000	0.025542
2923.000000	0.025445
2922.000000	0.025270
2921.000000	0.025032
2920.000000	0.024753
2919.000000	0.024446
2918.000000	0.024120
2917.000000	0.023790
2916.000000	0.023484
2915.000000	0.023228
2914.000000	0.023028
2913.000000	0.022869
2912.000000	0.022729
2911.000000	0.022600
2910.000000	0.022481
2909.000000	0.022371
2908.000000	0.022263
2907.000000	0.022149
2906.000000	0.022029
2905.000000	0.021909
2904.000000	0.021795
2903.000000	0.021692
2902.000000	0.021598
2901.000000	0.021511
2900.000000	0.021423
2899.000000	0.021322
2898.000000	0.021205
2897.000000	0.021085
2896.000000	0.020983
2895.000000	0.020912
2894.000000	0.020864
2893.000000	0.020824
2892.000000	0.020782
2891.000000	0.020735
2890.000000	0.020682
2889.000000	0.020620
2888.000000	0.020558
2887.000000	0.020511
2886.000000	0.020489
2885.000000	0.020485
2884.000000	0.020487
2883.000000	0.020492
2882.000000	0.020508
2881.000000	0.020536
2880.000000	0.020570
2879.000000	0.020601
2878.000000	0.020623
2877.000000	0.020636
2876.000000	0.020643
2875.000000	0.020646
2874.000000	0.020644
2873.000000	0.020634
2872.000000	0.020616
2871.000000	0.020601
2870.000000	0.020598
2869.000000	0.020603
2868.000000	0.020600
2867.000000	0.020580
2866.000000	0.020552
2865.000000	0.020535
2864.000000	0.020541
2863.000000	0.020575
2862.000000	0.020635
2861.000000	0.020716
2860.000000	0.020820
2859.000000	0.020956
2858.000000	0.021128
2857.000000	0.021317
2856.000000	0.021484
2855.000000	0.021591
2854.000000	0.021615
2853.000000	0.021552
2852.000000	0.021399
2851.000000	0.021166
2850.000000	0.020881
2849.000000	0.020591
2848.000000	0.020335
2847.000000	0.020125
2846.000000	0.019957
2845.000000	0.019820
2844.000000	0.019701
2843.000000	0.019585
2842.000000	0.019464
2841.000000	0.019335
2840.000000	0.019202
2839.000000	0.019070
2838.000000	0.018945
2837.000000	0.018836
2836.000000	0.018750
2835.000000	0.018688
2834.000000	0.018645
2833.000000	0.018614
2832.000000	0.018586
2831.000000	0.018550
2830.000000	0.018502
2829.000000	0.018444
2828.000000	0.018386
2827.000000	0.018336
2826.000000	0.018294
2825.000000	0.018256
2824.000000	0.018219
2823.000000	0.018183
2822.000000	0.018151
2821.000000	0.018126
2820.000000	0.018104
2819.000000	0.018079
2818.000000	0.018043
2817.000000	0.017994
2816.000000	0.017940
2815.000000	0.017892
2814.000000	0.017859
2813.000000	0.017846
2812.000000	0.017848
2811.000000	0.017856
2810.000000	0.017857
2809.000000	0.017837
2808.000000	0.017799
2807.000000	0.017759
2806.000000	0.017737
2805.000000	0.017735
2804.000000	0.017734
2803.000000	0.017715
2802.000000	0.017671
2801.000000	0.017614
2800.000000	0.017567
2799.000000	0.017539
2798.000000	0.017523
2797.000000	0.017507
2796.000000	0.017487
2795.000000	0.017466
2794.000000	0.017452
2793.000000	0.017447
2792.000000	0.017447
2791.000000	0.017445
2790.000000	0.017435
2789.000000	0.017411
2788.000000	0.017378
2787.000000	0.017347
2786.000000	0.017327
2785.000000	0.017314
2784.000000	0.017299
2783.000000	0.017276
2782.000000	0.017250
2781.000000	0.017228
2780.000000	0.017215
2779.000000	0.017212
2778.000000	0.017216
2777.000000	0.017214
2776.000000	0.017194
2775.000000	0.017157
2774.000000	0.017118
2773.000000	0.017088
2772.000000	0.017063
2771.000000	0.017040
2770.000000	0.017022
2769.000000	0.017019
2768.000000	0.017029
2767.000000	0.017036
2766.000000	0.017027
2765.000000	0.017001
2764.000000	0.016971
2763.000000	0.016948
2762.000000	0.016934
2761.000000	0.016927
2760.000000	0.016923
2759.000000	0.016916
2758.000000	0.016900
2757.000000	0.016873
2756.000000	0.016842
2755.000000	0.016813
2754.000000	0.016789
2753.000000	0.016769
2752.000000	0.016747
2751.000000	0.016726
2750.000000	0.016707
2749.000000	0.016687
2748.000000	0.016665
2747.000000	0.016643
2746.000000	0.016630
2745.000000	0.016626
2744.000000	0.016625
2743.000000	0.016623
2742.000000	0.016616
2741.000000	0.016601
2740.000000	0.016571
2739.000000	0.016530
2738.000000	0.016497
2737.000000	0.016486
2736.000000	0.016493
2735.000000	0.016505
2734.000000	0.016508
2733.000000	0.016499
2732.000000	0.016476
2731.000000	0.016439
2730.000000	0.016398
2729.000000	0.016364
2728.000000	0.016343
2727.000000	0.016334
2726.000000	0.016330
2725.000000	0.016328
2724.000000	0.016324
2723.000000	0.016312
2722.000000	0.016289
2721.000000	0.016264
2720.000000	0.016243
2719.000000	0.016229
2718.000000	0.016214
2717.000000	0.016192
2716.000000	0.016162
2715.000000	0.016130
2714.000000	0.016102
2713.000000	0.016082
2712.000000	0.016070
2711.000000	0.016064
2710.000000	0.016062
2709.000000	0.016057
2708.000000	0.016047
2707.000000	0.016029
2706.000000	0.016007
2705.000000	0.015983
2704.000000	0.015962
2703.000000	0.015945
2702.000000	0.015933
2701.000000	0.015922
2700.000000	0.015907
2699.000000	0.015889
2698.000000	0.015872
2697.000000	0.015864
2696.000000	0.015866
2695.000000	0.015872
2694.000000	0.015875
2693.000000	0.015867
2692.000000	0.015845
2691.000000	0.015809
2690.000000	0.015765
2689.000000	0.015723
2688.000000	0.015688
2687.000000	0.015673
2686.000000	0.015682
2685.000000	0.015705
2684.000000	0.015716
2683.000000	0.015701
2682.000000	0.015670
2681.000000	0.015644
2680.000000	0.015633
2679.000000	0.015624
2678.000000	0.015606
2677.000000	0.015578
2676.000000	0.015549
2675.000000	0.015532
2674.000000	0.015532
2673.000000	0.015547
2672.000000	0.015567
2671.000000	0.015578
2670.000000	0.015577
2669.000000	0.015571
2668.000000	0.015565
2667.000000	0.015557
2666.000000	0.015542
2665.000000	0.015523
2664.000000	0.015510
2663.000000	0.015504
2662.000000	0.015504
2661.000000	0.015504
2660.000000	0.015499
2659.000000	0.015488
2658.000000	0.015474
2657.000000	0.015459
2656.000000	0.015438
2655.000000	0.015407
2654.000000	0.015372
2653.000000	0.015347
2652.000000	0.015344
2651.000000	0.015356
2650.000000	0.015362
2649.000000	0.015348
2648.000000	0.015314
2647.000000	0.015276
2646.000000	0.015249
2645.000000	0.015242
2644.000000	0.015253
2643.000000	0.015267
2642.000000	0.015271
2641.000000	0.015259
2640.000000	0.015237
2639.000000	0.015213
2638.000000	0.015191
2637.000000	0.015178
2636.000000	0.015176
2635.000000	0.015184
2634.000000	0.015196
2633.000000	0.015210
2632.000000	0.015226
2631.000000	0.015242
2630.000000	0.015248
2629.000000	0.015238
2628.000000	0.015205
2627.000000	0.015152
2626.000000	0.015086
2625.000000	0.015019
2624.000000	0.014968
2623.000000	0.014944
2622.000000	0.014944
2621.000000	0.014958
2620.000000	0.014980
2619.000000	0.015001
2618.000000	0.015015
2617.000000	0.015015
2616.000000	0.015003
2615.000000	0.014989
2614.000000	0.014977
2613.000000	0.014964
2612.000000	0.014946
2611.000000	0.014930
2610.000000	0.014927
2609.000000	0.014940
2608.000000	0.014959
2607.000000	0.014966
2606.000000	0.014949
2605.000000	0.014909
2604.000000	0.014860
2603.000000	0.014822
2602.000000	0.014809
2601.000000	0.014825
2600.000000	0.014859
2599.000000	0.014889
2598.000000	0.014897
2597.000000	0.014876
2596.000000	0.014838
2595.000000	0.014805
2594.000000	0.014800
2593.000000	0.014827
2592.000000	0.014868
2591.000000	0.014894
2590.000000	0.014887
2589.000000	0.014854
2588.000000	0.014821
2587.000000	0.014807
2586.000000	0.014808
2585.000000	0.014802
2584.000000	0.014774
2583.000000	0.014728
2582.000000	0.014678
2581.000000	0.014629
2580.000000	0.014584
2579.000000	0.014552
2578.000000	0.014543
2577.000000	0.014554
2576.000000	0.014570
2575.000000	0.014581
2574.000000	0.014587
2573.000000	0.014590
2572.000000	0.014586
2571.000000	0.014573
2570.000000	0.014552
2569.000000	0.014523
2568.000000	0.014485
2567.000000	0.014444
2566.000000	0.014417
2565.000000	0.014417
2564.000000	0.014437
2563.000000	0.014466
2562.000000	0.014494
2561.000000	0.014519
2560.000000	0.014528
2559.000000	0.014513
2558.000000	0.014478
2557.000000	0.014446
2556.000000	0.014433
2555.000000	0.014442
2554.000000	0.014465
2553.000000	0.014494
2552.000000	0.014514
2551.000000	0.014505
2550.000000	0.014461
2549.000000	0.014403
2548.000000	0.014357
2547.000000	0.014333
2546.000000	0.014313
2545.000000	0.014280
2544.000000	0.014233
2543.000000	0.014187
2542.000000	0.014161
2541.000000	0.014160
2540.000000	0.014172
2539.000000	0.014184
2538.000000	0.014191
2537.000000	0.014194
2536.000000	0.014192
2535.000000	0.014178
2534.000000	0.014148
2533.000000	0.014113
2532.000000	0.014091
2531.000000	0.014094
2530.000000	0.014117
2529.000000	0.014145
2528.000000	0.014163
2527.000000	0.014163
2526.000000	0.014139
2525.000000	0.014088
2524.000000	0.014023
2523.000000	0.013969
2522.000000	0.013949
2521.000000	0.013971
2520.000000	0.014028
2519.000000	0.014098
2518.000000	0.014160
2517.000000	0.014194
2516.000000	0.014189
2515.000000	0.014151
2514.000000	0.014099
2513.000000	0.014049
2512.000000	0.014015
2511.000000	0.014002
2510.000000	0.014006
2509.000000	0.014009
2508.000000	0.013992
2507.000000	0.013958
2506.000000	0.013932
2505.000000	0.013932
2504.000000	0.013953
2503.000000	0.013966
2502.000000	0.013955
2501.000000	0.013923
2500.000000	0.013885
2499.000000	0.013860
2498.000000	0.013858
2497.000000	0.013881
2496.000000	0.013912
2495.000000	0.013924
2494.000000	0.013906
2493.000000	0.013875
2492.000000	0.013863
2491.000000	0.013886
2490.000000	0.013927
2489.000000	0.013949
2488.000000	0.013931
2487.000000	0.013879
2486.000000	0.013820
2485.000000	0.013782
2484.000000	0.013777
2483.000000	0.013804
2482.000000	0.013842
2481.000000	0.013854
2480.000000	0.013815
2479.000000	0.013737
2478.000000	0.013665
2477.000000	0.013640
2476.000000	0.013659
2475.000000	0.013691
2474.000000	0.013710
2473.000000	0.013713
2472.000000	0.013707
2471.000000	0.013704
2470.000000	0.013715
2469.000000	0.013744
2468.000000	0.013776
2467.000000	0.013783
2466.000000	0.013760
2465.000000	0.013730
2464.000000	0.013716
2463.000000	0.013708
2462.000000	0.013683
2461.000000	0.013634
2460.000000	0.013582
2459.000000	0.013545
2458.000000	0.013526
2457.000000	0.013525
2456.000000	0.013545
2455.000000	0.013580
2454.000000	0.013604
2453.000000	0.013594
2452.000000	0.013554
2451.000000	0.013512
2450.000000	0.013490
2449.000000	0.013485
2448.000000	0.013487
2447.000000	0.013487
2446.000000	0.013479
2445.000000	0.013457
2444.000000	0.013427
2443.000000	0.013399
2442.000000	0.013387
2441.000000	0.013396
2440.000000	0.013427
2439.000000	0.013468
2438.000000	0.013494
2437.000000	0.013486
2436.000000	0.013454
2435.000000	0.013434
2434.000000	0.013447
2433.000000	0.013475
2432.000000	0.013492
2431.000000	0.013493
2430.000000	0.013489
2429.000000	0.013476
2428.000000	0.013441
2427.000000	0.013387
2426.000000	0.013341
2425.000000	0.013327
2424.000000	0.013340
2423.000000	0.013359
2422.000000	0.013361
2421.000000	0.013335
2420.000000	0.013290
2419.000000	0.013245
2418.000000	0.013221
2417.000000	0.013223
2416.000000	0.013241
2415.000000	0.013261
2414.000000	0.013277
2413.000000	0.013281
2412.000000	0.013269
2411.000000	0.013250
2410.000000	0.013240
2409.000000	0.013246
2408.000000	0.013258
2407.000000	0.013258
2406.000000	0.013239
2405.000000	0.013206
2404.000000	0.013174
2403.000000	0.013156
2402.000000	0.013152
2401.000000	0.013153
2400.000000	0.013147
2399.000000	0.013142
2398.000000	0.013153
2397.000000	0.013183
2396.000000	0.013211
2395.000000	0.013215
2394.000000	0.013193
2393.000000	0.013159
2392.000000	0.013133
2391.000000	0.013123
2390.000000	0.013128
2389.000000	0.013139
2388.000000	0.013147
2387.000000	0.013146
2386.000000	0.013139
2385.000000	0.013123
2384.000000	0.013093
2383.000000	0.013050
2382.000000	0.013003
2381.000000	0.012970
2380.000000	0.012961
2379.000000	0.012980
2378.000000	0.013020
2377.000000	0.013070
2376.000000	0.013115
2375.000000	0.013150
2374.000000	0.013171
2373.000000	0.013167
2372.000000	0.013130
2371.000000	0.013072
2370.000000	0.013019
2369.000000	0.012981
2368.000000	0.012944
2367.000000	0.012899
2366.000000	0.012861
2365.000000	0.012856
2364.000000	0.012903
2363.000000	0.012994
2362.000000	0.013089
2361.000000	0.013130
2360.000000	0.013094
2359.000000	0.013017
2358.000000	0.012950
2357.000000	0.012906
2356.000000	0.012875
2355.000000	0.012868
2354.000000	0.012895
2353.000000	0.012930
2352.000000	0.012940
2351.000000	0.012924
2350.000000	0.012907
2349.000000	0.012904
2348.000000	0.012903
2347.000000	0.012875
2346.000000	0.012827
2345.000000	0.012805
2344.000000	0.012832
2343.000000	0.012873
2342.000000	0.012882
2341.000000	0.012860
2340.000000	0.012840
2339.000000	0.012846
2338.000000	0.012868
2337.000000	0.012871
2336.000000	0.012836
2335.000000	0.012779
2334.000000	0.012737
2333.000000	0.012724
2332.000000	0.012732
2331.000000	0.012734
2330.000000	0.012731
2329.000000	0.012740
2328.000000	0.012767
2327.000000	0.012791
2326.000000	0.012786
2325.000000	0.012747
2324.000000	0.012699
2323.000000	0.012662
2322.000000	0.012648
2321.000000	0.012654
2320.000000	0.012685
2319.000000	0.012740
2318.000000	0.012816
2317.000000	0.012888
2316.000000	0.012931
2315.000000	0.012923
2314.000000	0.012870
2313.000000	0.012802
2312.000000	0.012749
2311.000000	0.012718
2310.000000	0.012692
2309.000000	0.012650
2308.000000	0.012597
2307.000000	0.012559
2306.000000	0.012565
2305.000000	0.012608
2304.000000	0.012646
2303.000000	0.012640
2302.000000	0.012592
2301.000000	0.012542
2300.000000	0.012531
2299.000000	0.012558
2298.000000	0.012589
2297.000000	0.012589
2296.000000	0.012549
2295.000000	0.012494
2294.000000	0.012456
2293.000000	0.012450
2292.000000	0.012461
2291.000000	0.012469
2290.000000	0.012464
2289.000000	0.012450
2288.000000	0.012425
2287.000000	0.012385
2286.000000	0.012337
2285.000000	0.012313
2284.000000	0.012342
2283.000000	0.012423
2282.000000	0.012517
2281.000000	0.012573
2280.000000	0.012575
2279.000000	0.012548
2278.000000	0.012526
2277.000000	0.012523
2276.000000	0.012527
2275.000000	0.012528
2274.000000	0.012518
2273.000000	0.012486
2272.000000	0.012427
2271.000000	0.012363
2270.000000	0.012335
2269.000000	0.012356
2268.000000	0.012396
2267.000000	0.012420
2266.000000	0.012430
2265.000000	0.012452
2264.000000	0.012495
2263.000000	0.012534
2262.000000	0.012537
2261.000000	0.012489
2260.000000	0.012408
2259.000000	0.012336
2258.000000	0.012302
2257.000000	0.012302
2256.000000	0.012304
2255.000000	0.012285
2254.000000	0.012249
2253.000000	0.012205
2252.000000	0.012159
2251.000000	0.012122
2250.000000	0.012112
2249.000000	0.012123
2248.000000	0.012129
2247.000000	0.012126
2246.000000	0.012139
2245.000000	0.012170
2244.000000	0.012176
2243.000000	0.012127
2242.000000	0.012065
2241.000000	0.012054
2240.000000	0.012091
2239.000000	0.012114
2238.000000	0.012088
2237.000000	0.012048
2236.000000	0.012050
2235.000000	0.012097
2234.000000	0.012145
2233.000000	0.012154
2232.000000	0.012114
2231.000000	0.012050
2230.000000	0.011997
2229.000000	0.011983
2228.000000	0.012013
2227.000000	0.012081
2226.000000	0.012170
2225.000000	0.012247
2224.000000	0.012276
2223.000000	0.012243
2222.000000	0.012171
2221.000000	0.012096
2220.000000	0.012035
2219.000000	0.011990
2218.000000	0.011957
2217.000000	0.011919
2216.000000	0.011856
2215.000000	0.011772
2214.000000	0.011714
2213.000000	0.011721
2212.000000	0.011779
2211.000000	0.011836
2210.000000	0.011858
2209.000000	0.011851
2208.000000	0.011846
2207.000000	0.011871
2206.000000	0.011932
2205.000000	0.011996
2204.000000	0.012003
2203.000000	0.011921
2202.000000	0.011784
2201.000000	0.011663
2200.000000	0.011619
2199.000000	0.011659
2198.000000	0.011729
2197.000000	0.011752
2196.000000	0.011705
2195.000000	0.011651
2194.000000	0.011676
2193.000000	0.011785
2192.000000	0.011906
2191.000000	0.011997
2190.000000	0.012079
2189.000000	0.012154
2188.000000	0.012170
2187.000000	0.012112
2186.000000	0.012065
2185.000000	0.012117
2184.000000	0.012240
2183.000000	0.012327
2182.000000	0.012332
2181.000000	0.012302
2180.000000	0.012285
2179.000000	0.012272
2178.000000	0.012213
2177.000000	0.012063
2176.000000	0.011830
2175.000000	0.011592
2174.000000	0.011461
2173.000000	0.011479
2172.000000	0.011582
2171.000000	0.011707
2170.000000	0.011856
2169.000000	0.012025
2168.000000	0.012124
2167.000000	0.012061
2166.000000	0.011883
2165.000000	0.011750
2164.000000	0.011752
2163.000000	0.011834
2162.000000	0.011881
2161.000000	0.011840
2160.000000	0.011747
2159.000000	0.011706
2158.000000	0.011800
2157.000000	0.011986
2156.000000	0.012108
2155.000000	0.012072
2154.000000	0.011948
2153.000000	0.011867
2152.000000	0.011852
2151.000000	0.011808
2150.000000	0.011678
2149.000000	0.011517
2148.000000	0.011421
2147.000000	0.011424
2146.000000	0.011486
2145.000000	0.011536
2144.000000	0.011522
2143.000000	0.011442
2142.000000	0.011345
2141.000000	0.011294
2140.000000	0.011323
2139.000000	0.011422
2138.000000	0.011548
2137.000000	0.011649
2136.000000	0.011693
2135.000000	0.011695
2134.000000	0.011696
2133.000000	0.011704
2132.000000	0.011691
2131.000000	0.011644
2130.000000	0.011599
2129.000000	0.011593
2128.000000	0.011619
2127.000000	0.011657
2126.000000	0.011709
2125.000000	0.011776
2124.000000	0.011823
2123.000000	0.011808
2122.000000	0.011738
2121.000000	0.011665
2120.000000	0.011624
2119.000000	0.011614
2118.000000	0.011618
2117.000000	0.011636
2116.000000	0.011666
2115.000000	0.011704
2114.000000	0.011739
2113.000000	0.011766
2112.000000	0.011774
2111.000000	0.011766
2110.000000	0.011757
2109.000000	0.011755
2108.000000	0.011751
2107.000000	0.011740
2106.000000	0.011743
2105.000000	0.011778
2104.000000	0.011812
2103.000000	0.011798
2102.000000	0.011731
2101.000000	0.011663
2100.000000	0.011636
2099.000000	0.011649
2098.000000	0.011675
2097.000000	0.011695
2096.000000	0.011692
2095.000000	0.011661
2094.000000	0.011611
2093.000000	0.011573
2092.000000	0.011570
2091.000000	0.011605
2090.000000	0.011651
2089.000000	0.011668
2088.000000	0.011628
2087.000000	0.011556
2086.000000	0.011502
2085.000000	0.011490
2084.000000	0.011479
2083.000000	0.011425
2082.000000	0.011345
2081.000000	0.011307
2080.000000	0.011350
2079.000000	0.011449
2078.000000	0.011543
2077.000000	0.011590
2076.000000	0.011582
2075.000000	0.011539
2074.000000	0.011487
2073.000000	0.011430
2072.000000	0.011370
2071.000000	0.011327
2070.000000	0.011332
2069.000000	0.011378
2068.000000	0.011416
2067.000000	0.011425
2066.000000	0.011437
2065.000000	0.011483
2064.000000	0.011525
2063.000000	0.011501
2062.000000	0.011396
2061.000000	0.011263
2060.000000	0.011171
2059.000000	0.011164
2058.000000	0.011231
2057.000000	0.011294
2056.000000	0.011257
2055.000000	0.011114
2054.000000	0.010974
2053.000000	0.010938
2052.000000	0.010998
2051.000000	0.011086
2050.000000	0.011180
2049.000000	0.011296
2048.000000	0.011418
2047.000000	0.011505
2046.000000	0.011558
2045.000000	0.011581
2044.000000	0.011536
2043.000000	0.011384
2042.000000	0.011172
2041.000000	0.010976
2040.000000	0.010815
2039.000000	0.010682
2038.000000	0.010632
2037.000000	0.010723
2036.000000	0.010896
2035.000000	0.011020
2034.000000	0.011059
2033.000000	0.011074
2032.000000	0.011074
2031.000000	0.010990
2030.000000	0.010816
2029.000000	0.010655
2028.000000	0.010604
2027.000000	0.010675
2026.000000	0.010822
2025.000000	0.010973
2024.000000	0.011057
2023.000000	0.011079
2022.000000	0.011131
2021.000000	0.011247
2020.000000	0.011292
2019.000000	0.011105
2018.000000	0.010730
2017.000000	0.010393
2016.000000	0.010244
2015.000000	0.010238
2014.000000	0.010286
2013.000000	0.010375
2012.000000	0.010522
2011.000000	0.010712
2010.000000	0.010909
2009.000000	0.011081
2008.000000	0.011177
2007.000000	0.011176
2006.000000	0.011142
2005.000000	0.011165
2004.000000	0.011233
2003.000000	0.011244
2002.000000	0.011143
2001.000000	0.010984
2000.000000	0.010861
1999.000000	0.010818
1998.000000	0.010846
1997.000000	0.010905
1996.000000	0.010943
1995.000000	0.010926
1994.000000	0.010852
1993.000000	0.010727
1992.000000	0.010557
1991.000000	0.010403
1990.000000	0.010400
1989.000000	0.010634
1988.000000	0.011013
1987.000000	0.011346
1986.000000	0.011522
1985.000000	0.011552
1984.000000	0.011467
1983.000000	0.011273
1982.000000	0.011004
1981.000000	0.010749
1980.000000	0.010565
1979.000000	0.010456
1978.000000	0.010439
1977.000000	0.010536
1976.000000	0.010675
1975.000000	0.010714
1974.000000	0.010594
1973.000000	0.010414
1972.000000	0.010312
1971.000000	0.010333
1970.000000	0.010431
1969.000000	0.010531
1968.000000	0.010595
1967.000000	0.010644
1966.000000	0.010741
1965.000000	0.010893
1964.000000	0.011018
1963.000000	0.011052
1962.000000	0.011043
1961.000000	0.011077
1960.000000	0.011136
1959.000000	0.011114
1958.000000	0.010969
1957.000000	0.010789
1956.000000	0.010679
1955.000000	0.010659
1954.000000	0.010676
1953.000000	0.010665
1952.000000	0.010597
1951.000000	0.010491
1950.000000	0.010403
1949.000000	0.010374
1948.000000	0.010396
1947.000000	0.010428
1946.000000	0.010428
1945.000000	0.010367
1944.000000	0.010239
1943.000000	0.010097
1942.000000	0.010037
1941.000000	0.010098
1940.000000	0.010218
1939.000000	0.010323
1938.000000	0.010420
1937.000000	0.010534
1936.000000	0.010624
1935.000000	0.010625
1934.000000	0.010552
1933.000000	0.010487
1932.000000	0.010470
1931.000000	0.010469
1930.000000	0.010458
1929.000000	0.010444
1928.000000	0.010426
1927.000000	0.010384
1926.000000	0.010325
1925.000000	0.010284
1924.000000	0.010280
1923.000000	0.010285
1922.000000	0.010271
1921.000000	0.010234
1920.000000	0.010175
1919.000000	0.010099
1918.000000	0.010040
1917.000000	0.010043
1916.000000	0.010105
1915.000000	0.010178
1914.000000	0.010218
1913.000000	0.010214
1912.000000	0.010177
1911.000000	0.010126
1910.000000	0.010089
1909.000000	0.010077
1908.000000	0.010058
1907.000000	0.010007
1906.000000	0.009947
1905.000000	0.009936
1904.000000	0.009977
1903.000000	0.010021
1902.000000	0.010031
1901.000000	0.010017
1900.000000	0.009990
1899.000000	0.009946
1898.000000	0.009889
1897.000000	0.009853
1896.000000	0.009865
1895.000000	0.009909
1894.000000	0.009950
1893.000000	0.009973
1892.000000	0.009986
1891.000000	0.009999
1890.000000	0.010008
1889.000000	0.009989
1888.000000	0.009925
1887.000000	0.009832
1886.000000	0.009757
1885.000000	0.009746
1884.000000	0.009797
1883.000000	0.009866
1882.000000	0.009914
1881.000000	0.009933
1880.000000	0.009926
1879.000000	0.009908
1878.000000	0.009887
1877.000000	0.009857
1876.000000	0.009796
1875.000000	0.009702
1874.000000	0.009618
1873.000000	0.009579
1872.000000	0.009559
1871.000000	0.009510
1870.000000	0.009432
1869.000000	0.009380
1868.000000	0.009383
1867.000000	0.009414
1866.000000	0.009433
1865.000000	0.009422
1864.000000	0.009386
1863.000000	0.009345
1862.000000	0.009331
1861.000000	0.009356
1860.000000	0.009399
1859.000000	0.009424
1858.000000	0.009428
1857.000000	0.009437
1856.000000	0.009457
1855.000000	0.009464
1854.000000	0.009443
1853.000000	0.009402
1852.000000	0.009351
1851.000000	0.009295
1850.000000	0.009245
1849.000000	0.009210
1848.000000	0.009184
1847.000000	0.009153
1846.000000	0.009119
1845.000000	0.009105
1844.000000	0.009127
1843.000000	0.009169
1842.000000	0.009213
1841.000000	0.009249
1840.000000	0.009266
1839.000000	0.009259
1838.000000	0.009241
1837.000000	0.009231
1836.000000	0.009219
1835.000000	0.009186
1834.000000	0.009141
1833.000000	0.009111
1832.000000	0.009097
1831.000000	0.009084
1830.000000	0.009063
1829.000000	0.009042
1828.000000	0.009030
1827.000000	0.009015
1826.000000	0.008995
1825.000000	0.008990
1824.000000	0.009006
1823.000000	0.009022
1822.000000	0.009017
1821.000000	0.008984
1820.000000	0.008925
1819.000000	0.008848
1818.000000	0.008780
1817.000000	0.008747
1816.000000	0.008746
1815.000000	0.008746
1814.000000	0.008728
1813.000000	0.008703
1812.000000	0.008682
1811.000000	0.008666
1810.000000	0.008657
1809.000000	0.008660
1808.000000	0.008668
1807.000000	0.008661
1806.000000	0.008635
1805.000000	0.008596
1804.000000	0.008546
1803.000000	0.008485
1802.000000	0.008425
1801.000000	0.008383
1800.000000	0.008364
1799.000000	0.008359
1798.000000	0.008368
1797.000000	0.008388
1796.000000	0.008402
1795.000000	0.008388
1794.000000	0.008341
1793.000000	0.008281
1792.000000	0.008234
1791.000000	0.008208
1790.000000	0.008212
1789.000000	0.008233
1788.000000	0.008234
1787.000000	0.008193
1786.000000	0.008129
1785.000000	0.008086
1784.000000	0.008084
1783.000000	0.008113
1782.000000	0.008159
1781.000000	0.008196
1780.000000	0.008202
1779.000000	0.008170
1778.000000	0.008128
1777.000000	0.008113
1776.000000	0.008140
1775.000000	0.008200
1774.000000	0.008267
1773.000000	0.008301
1772.000000	0.008249
1771.000000	0.008112
1770.000000	0.007967
1769.000000	0.007881
1768.000000	0.007848
1767.000000	0.007837
1766.000000	0.007843
1765.000000	0.007873
1764.000000	0.007904
1763.000000	0.007904
1762.000000	0.007873
1761.000000	0.007848
1760.000000	0.007843
1759.000000	0.007842
1758.000000	0.007846
1757.000000	0.007877
1756.000000	0.007938
1755.000000	0.008007
1754.000000	0.008082
1753.000000	0.008169
1752.000000	0.008260
1751.000000	0.008329
1750.000000	0.008371
1749.000000	0.008412
1748.000000	0.008453
1747.000000	0.008481
1746.000000	0.008509
1745.000000	0.008565
1744.000000	0.008644
1743.000000	0.008699
1742.000000	0.008718
1741.000000	0.008730
1740.000000	0.008744
1739.000000	0.008738
1738.000000	0.008732
1737.000000	0.008780
1736.000000	0.008869
1735.000000	0.008924
1734.000000	0.008906
1733.000000	0.008842
1732.000000	0.008761
1731.000000	0.008675
1730.000000	0.008611
1729.000000	0.008601
1728.000000	0.008643
1727.000000	0.008710
1726.000000	0.008788
1725.000000	0.008885
1724.000000	0.008985
1723.000000	0.009038
1722.000000	0.009051
1721.000000	0.009096
1720.000000	0.009235
1719.000000	0.009455
1718.000000	0.009683
1717.000000	0.009843
1716.000000	0.009916
1715.000000	0.009946
1714.000000	0.010015
1713.000000	0.010182
1712.000000	0.010422
1711.000000	0.010681
1710.000000	0.010970
1709.000000	0.011335
1708.000000	0.011784
1707.000000	0.012303
1706.000000	0.012909
1705.000000	0.013614
1704.000000	0.014371
1703.000000	0.015152
1702.000000	0.016045
1701.000000	0.017260
1700.000000	0.018761
1699.000000	0.020112
1698.000000	0.021134
1697.000000	0.021953
1696.000000	0.022604
1695.000000	0.023042
1694.000000	0.023330
1693.000000	0.023613
1692.000000	0.023993
1691.000000	0.024465
1690.000000	0.024995
1689.000000	0.025582
1688.000000	0.026234
1687.000000	0.026946
1686.000000	0.027715
1685.000000	0.028589
1684.000000	0.029473
1683.000000	0.030166
1682.000000	0.030746
1681.000000	0.031384
1680.000000	0.032124
1679.000000	0.032897
1678.000000	0.033658
1677.000000	0.034453
1676.000000	0.035352
1675.000000	0.036333
1674.000000	0.037294
1673.000000	0.038190
1672.000000	0.039063
1671.000000	0.039955
1670.000000	0.040893
1669.000000	0.041868
1668.000000	0.042818
1667.000000	0.043673
1666.000000	0.044451
1665.000000	0.045251
1664.000000	0.046144
1663.000000	0.047100
1662.000000	0.048028
1661.000000	0.048890
1660.000000	0.049695
1659.000000	0.050430
1658.000000	0.051077
1657.000000	0.051676
1656.000000	0.052293
1655.000000	0.052967
1654.000000	0.053758
1653.000000	0.054646
1652.000000	0.055339
1651.000000	0.055616
1650.000000	0.055617
1649.000000	0.055647
1648.000000	0.055832
1647.000000	0.056105
1646.000000	0.056365
1645.000000	0.056605
1644.000000	0.056802
1643.000000	0.056938
1642.000000	0.057056
1641.000000	0.057208
1640.000000	0.057408
1639.000000	0.057638
1638.000000	0.057893
1637.000000	0.058230
1636.000000	0.058686
1635.000000	0.059185
1634.000000	0.059629
1633.000000	0.060020
1632.000000	0.060413
1631.000000	0.060829
1630.000000	0.061266
1629.000000	0.061749
1628.000000	0.062282
1627.000000	0.062805
1626.000000	0.063261
1625.000000	0.063661
1624.000000	0.064042
1623.000000	0.064370
1622.000000	0.064577
1621.000000	0.064664
1620.000000	0.064684
1619.000000	0.064637
1618.000000	0.064440
1617.000000	0.064013
1616.000000	0.063365
1615.000000	0.062566
1614.000000	0.061669
1613.000000	0.060695
1612.000000	0.059639
1611.000000	0.058490
1610.000000	0.057249
1609.000000	0.055927
1608.000000	0.054551
1607.000000	0.053169
1606.000000	0.051811
1605.000000	0.050481
1604.000000	0.049177
1603.000000	0.047913
1602.000000	0.046699
1601.000000	0.045536
1600.000000	0.044431
1599.000000	0.043398
1598.000000	0.042435
1597.000000	0.041529
1596.000000	0.040680
1595.000000	0.039902
1594.000000	0.039182
1593.000000	0.038482
1592.000000	0.037794
1591.000000	0.037150
1590.000000	0.036567
1589.000000	0.036024
1588.000000	0.035507
1587.000000	0.035039
1586.000000	0.034642
1585.000000	0.034296
1584.000000	0.033978
1583.000000	0.033706
1582.000000	0.033496
1581.000000	0.033334
1580.000000	0.033237
1579.000000	0.033256
1578.000000	0.033397
1577.000000	0.033570
1576.000000	0.033681
1575.000000	0.033731
1574.000000	0.033776
1573.000000	0.033846
1572.000000	0.033972
1571.000000	0.034207
1570.000000	0.034600
1569.000000	0.035080
1568.000000	0.035543
1567.000000	0.035993
1566.000000	0.036491
1565.000000	0.037052
1564.000000	0.037633
1563.000000	0.038201
1562.000000	0.038748
1561.000000	0.039290
1560.000000	0.040061
1559.000000	0.041206
1558.000000	0.042283
1557.000000	0.043080
1556.000000	0.043699
1555.000000	0.044324
1554.000000	0.045027
1553.000000	0.045738
1552.000000	0.046413
1551.000000	0.047114
1550.000000	0.047892
1549.000000	0.048676
1548.000000	0.049356
1547.000000	0.049928
1546.000000	0.050472
1545.000000	0.051048
1544.000000	0.051637
1543.000000	0.052231
1542.000000	0.052898
1541.000000	0.053684
1540.000000	0.054460
1539.000000	0.055042
1538.000000	0.055395
1537.000000	0.055566
1536.000000	0.055693
1535.000000	0.055920
1534.000000	0.056319
1533.000000	0.056815
1532.000000	0.057270
1531.000000	0.057646
1530.000000	0.057979
1529.000000	0.058312
1528.000000	0.058667
1527.000000	0.059042
1526.000000	0.059417
1525.000000	0.059757
1524.000000	0.060063
1523.000000	0.060393
1522.000000	0.060794
1521.000000	0.061208
1520.000000	0.061533
1519.000000	0.061770
1518.000000	0.062010
1517.000000	0.062287
1516.000000	0.062528
1515.000000	0.062649
1514.000000	0.062607
1513.000000	0.062381
1512.000000	0.062007
1511.000000	0.061565
1510.000000	0.061129
1509.000000	0.060696
1508.000000	0.060196
1507.000000	0.059506
1506.000000	0.058669
1505.000000	0.057888
1504.000000	0.057118
1503.000000	0.056297
1502.000000	0.055427
1501.000000	0.054507
1500.000000	0.053565
1499.000000	0.052644
1498.000000	0.051745
1497.000000	0.050833
1496.000000	0.049920
1495.000000	0.049031
1494.000000	0.048144
1493.000000	0.047212
1492.000000	0.046217
1491.000000	0.045201
1490.000000	0.044236
1489.000000	0.043360
1488.000000	0.042568
1487.000000	0.041823
1486.000000	0.041102
1485.000000	0.040415
1484.000000	0.039773
1483.000000	0.039182
1482.000000	0.038649
1481.000000	0.038192
1480.000000	0.037803
1479.000000	0.037445
1478.000000	0.037099
1477.000000	0.036810
1476.000000	0.036631
1475.000000	0.036554
1474.000000	0.036543
1473.000000	0.036576
1472.000000	0.036646
1471.000000	0.036738
1470.000000	0.036836
1469.000000	0.036929
1468.000000	0.037012
1467.000000	0.037070
1466.000000	0.037107
1465.000000	0.037152
1464.000000	0.037235
1463.000000	0.037350
1462.000000	0.037470
1461.000000	0.037595
1460.000000	0.037761
1459.000000	0.038016
1458.000000	0.038393
1457.000000	0.038870
1456.000000	0.039331
1455.000000	0.039655
1454.000000	0.039848
1453.000000	0.040006
1452.000000	0.040158
1451.000000	0.040266
1450.000000	0.040306
1449.000000	0.040308
1448.000000	0.040307
1447.000000	0.040304
1446.000000	0.040275
1445.000000	0.040190
1444.000000	0.040035
1443.000000	0.039815
1442.000000	0.039542
1441.000000	0.039234
1440.000000	0.038896
1439.000000	0.038515
1438.000000	0.038098
1437.000000	0.037720
1436.000000	0.037453
1435.000000	0.037260
1434.000000	0.037054
1433.000000	0.036805
1432.000000	0.036538
1431.000000	0.036298
1430.000000	0.036119
1429.000000	0.036021
1428.000000	0.036002
1427.000000	0.036021
1426.000000	0.036044
1425.000000	0.036080
1424.000000	0.036159
1423.000000	0.036274
1422.000000	0.036391
1421.000000	0.036507
1420.000000	0.036682
1419.000000	0.036965
1418.000000	0.037293
1417.000000	0.037600
1416.000000	0.037886
1415.000000	0.038167
1414.000000	0.038439
1413.000000	0.038698
1412.000000	0.038949
1411.000000	0.039191
1410.000000	0.039424
1409.000000	0.039651
1408.000000	0.039865
1407.000000	0.040057
1406.000000	0.040235
1405.000000	0.040419
1404.000000	0.040608
1403.000000	0.040766
1402.000000	0.040867
1401.000000	0.040924
1400.000000	0.040975
1399.000000	0.041036
1398.000000	0.041099
1397.000000	0.041159
1396.000000	0.041221
1395.000000	0.041289
1394.000000	0.041367
1393.000000	0.041464
1392.000000	0.041562
1391.000000	0.041632
1390.000000	0.041669
1389.000000	0.041692
1388.000000	0.041727
1387.000000	0.041767
1386.000000	0.041785
1385.000000	0.041775
1384.000000	0.041746
1383.000000	0.041707
1382.000000	0.041657
1381.000000	0.041601
1380.000000	0.041542
1379.000000	0.041487
1378.000000	0.041429
1377.000000	0.041362
1376.000000	0.041280
1375.000000	0.041194
1374.000000	0.041122
1373.000000	0.041074
1372.000000	0.041029
1371.000000	0.040949
1370.000000	0.040823
1369.000000	0.040667
1368.000000	0.040497
1367.000000	0.040301
1366.000000	0.040064
1365.000000	0.039795
1364.000000	0.039527
1363.000000	0.039295
1362.000000	0.039114
1361.000000	0.038986
1360.000000	0.038890
1359.000000	0.038798
1358.000000	0.038698
1357.000000	0.038609
1356.000000	0.038549
1355.000000	0.038519
1354.000000	0.038505
1353.000000	0.038503
1352.000000	0.038516
1351.000000	0.038541
1350.000000	0.038567
1349.000000	0.038591
1348.000000	0.038624
1347.000000	0.038679
1346.000000	0.038758
1345.000000	0.038849
1344.000000	0.038934
1343.000000	0.038999
1342.000000	0.039043
1341.000000	0.039076
1340.000000	0.039113
1339.000000	0.039152
1338.000000	0.039190
1337.000000	0.039228
1336.000000	0.039260
1335.000000	0.039273
1334.000000	0.039252
1333.000000	0.039202
1332.000000	0.039144
1331.000000	0.039096
1330.000000	0.039055
1329.000000	0.039003
1328.000000	0.038928
1327.000000	0.038842
1326.000000	0.038769
1325.000000	0.038718
1324.000000	0.038679
1323.000000	0.038638
1322.000000	0.038598
1321.000000	0.038570
1320.000000	0.038561
1319.000000	0.038563
1318.000000	0.038564
1317.000000	0.038564
1316.000000	0.038569
1315.000000	0.038582
1314.000000	0.038596
1313.000000	0.038597
1312.000000	0.038568
1311.000000	0.038500
1310.000000	0.038404
1309.000000	0.038302
1308.000000	0.038210
1307.000000	0.038124
1306.000000	0.038028
1305.000000	0.037910
1304.000000	0.037770
1303.000000	0.037622
1302.000000	0.037487
1301.000000	0.037373
1300.000000	0.037265
1299.000000	0.037144
1298.000000	0.037003
1297.000000	0.036851
1296.000000	0.036702
1295.000000	0.036561
1294.000000	0.036435
1293.000000	0.036329
1292.000000	0.036246
1291.000000	0.036174
1290.000000	0.036099
1289.000000	0.036016
1288.000000	0.035930
1287.000000	0.035851
1286.000000	0.035783
1285.000000	0.035726
1284.000000	0.035675
1283.000000	0.035621
1282.000000	0.035558
1281.000000	0.035492
1280.000000	0.035431
1279.000000	0.035382
1278.000000	0.035349
1277.000000	0.035334
1276.000000	0.035333
1275.000000	0.035327
1274.000000	0.035304
1273.000000	0.035272
1272.000000	0.035256
1271.000000	0.035269
1270.000000	0.035312
1269.000000	0.035384
1268.000000	0.035486
1267.000000	0.035611
1266.000000	0.035741
1265.000000	0.035861
1264.000000	0.035968
1263.000000	0.036069
1262.000000	0.036168
1261.000000	0.036274
1260.000000	0.036399
1259.000000	0.036546
1258.000000	0.036705
1257.000000	0.036859
1256.000000	0.037006
1255.000000	0.037159
1254.000000	0.037336
1253.000000	0.037548
1252.000000	0.037790
1251.000000	0.038041
1250.000000	0.038281
1249.000000	0.038508
1248.000000	0.038730
1247.000000	0.038957
1246.000000	0.039192
1245.000000	0.039434
1244.000000	0.039680
1243.000000	0.039919
1242.000000	0.040136
1241.000000	0.040315
1240.000000	0.040448
1239.000000	0.040545
1238.000000	0.040627
1237.000000	0.040722
1236.000000	0.040839
1235.000000	0.040962
1234.000000	0.041060
1233.000000	0.041111
1232.000000	0.041112
1231.000000	0.041084
1230.000000	0.041054
1229.000000	0.041037
1228.000000	0.041026
1227.000000	0.041008
1226.000000	0.040984
1225.000000	0.040966
1224.000000	0.040954
1223.000000	0.040924
1222.000000	0.040853
1221.000000	0.040751
1220.000000	0.040644
1219.000000	0.040542
1218.000000	0.040422
1217.000000	0.040260
1216.000000	0.040057
1215.000000	0.039845
1214.000000	0.039652
1213.000000	0.039470
1212.000000	0.039263
1211.000000	0.039007
1210.000000	0.038716
1209.000000	0.038427
1208.000000	0.038160
1207.000000	0.037908
1206.000000	0.037658
1205.000000	0.037406
1204.000000	0.037147
1203.000000	0.036871
1202.000000	0.036572
1201.000000	0.036266
1200.000000	0.035976
1199.000000	0.035715
1198.000000	0.035479
1197.000000	0.035265
1196.000000	0.035076
1195.000000	0.034912
1194.000000	0.034765
1193.000000	0.034627
1192.000000	0.034497
1191.000000	0.034376
1190.000000	0.034252
1189.000000	0.034117
1188.000000	0.033984
1187.000000	0.033881
1186.000000	0.033824
1185.000000	0.033798
1184.000000	0.033776
1183.000000	0.033746
1182.000000	0.033717
1181.000000	0.033703
1180.000000	0.033713
1179.000000	0.033763
1178.000000	0.033872
1177.000000	0.034053
1176.000000	0.034287
1175.000000	0.034536
1174.000000	0.034766
1173.000000	0.034971
1172.000000	0.035164
1171.000000	0.035346
1170.000000	0.035501
1169.000000	0.035618
1168.000000	0.035717
1167.000000	0.035830
1166.000000	0.035968
1165.000000	0.036105
1164.000000	0.036202
1163.000000	0.036240
1162.000000	0.036226
1161.000000	0.036177
1160.000000	0.036104
1159.000000	0.036005
1158.000000	0.035881
1157.000000	0.035737
1156.000000	0.035590
1155.000000	0.035450
1154.000000	0.035306
1153.000000	0.035135
1152.000000	0.034928
1151.000000	0.034702
1150.000000	0.034484
1149.000000	0.034278
1148.000000	0.034074
1147.000000	0.033874
1146.000000	0.033690
1145.000000	0.033522
1144.000000	0.033354
1143.000000	0.033174
1142.000000	0.032991
1141.000000	0.032825
1140.000000	0.032687
1139.000000	0.032567
1138.000000	0.032450
1137.000000	0.032328
1136.000000	0.032205
1135.000000	0.032101
1134.000000	0.032035
1133.000000	0.032004
1132.000000	0.031985
1131.000000	0.031949
1130.000000	0.031880
1129.000000	0.031783
1128.000000	0.031676
1127.000000	0.031591
1126.000000	0.031550
1125.000000	0.031547
1124.000000	0.031550
1123.000000	0.031537
1122.000000	0.031504
1121.000000	0.031456
1120.000000	0.031385
1119.000000	0.031286
1118.000000	0.031179
1117.000000	0.031095
1116.000000	0.031046
1115.000000	0.031016
1114.000000	0.030982
1113.000000	0.030929
1112.000000	0.030854
1111.000000	0.030766
1110.000000	0.030689
1109.000000	0.030660
1108.000000	0.030691
1107.000000	0.030763
1106.000000	0.030830
1105.000000	0.030854
1104.000000	0.030821
1103.000000	0.030751
1102.000000	0.030674
1101.000000	0.030611
1100.000000	0.030559
1099.000000	0.030513
1098.000000	0.030487
1097.000000	0.030503
1096.000000	0.030567
1095.000000	0.030661
1094.000000	0.030766
1093.000000	0.030886
1092.000000	0.031035
1091.000000	0.031213
1090.000000	0.031403
1089.000000	0.031589
1088.000000	0.031769
1087.000000	0.031959
1086.000000	0.032176
1085.000000	0.032434
1084.000000	0.032732
1083.000000	0.033056
1082.000000	0.033389
1081.000000	0.033712
1080.000000	0.034011
1079.000000	0.034279
1078.000000	0.034521
1077.000000	0.034756
1076.000000	0.034996
1075.000000	0.035241
1074.000000	0.035481
1073.000000	0.035706
1072.000000	0.035910
1071.000000	0.036099
1070.000000	0.036290
1069.000000	0.036492
1068.000000	0.036694
1067.000000	0.036865
1066.000000	0.036989
1065.000000	0.037066
1064.000000	0.037100
1063.000000	0.037090
1062.000000	0.037038
1061.000000	0.036958
1060.000000	0.036865
1059.000000	0.036773
1058.000000	0.036693
1057.000000	0.036622
1056.000000	0.036546
1055.000000	0.036449
1054.000000	0.036338
1053.000000	0.036226
1052.000000	0.036106
1051.000000	0.035957
1050.000000	0.035788
1049.000000	0.035646
1048.000000	0.035573
1047.000000	0.035559
1046.000000	0.035560
1045.000000	0.035547
1044.000000	0.035523
1043.000000	0.035511
1042.000000	0.035540
1041.000000	0.035622
1040.000000	0.035726
1039.000000	0.035794
1038.000000	0.035783
1037.000000	0.035702
1036.000000	0.035591
1035.000000	0.035481
1034.000000	0.035365
1033.000000	0.035227
1032.000000	0.035059
1031.000000	0.034867
1030.000000	0.034656
1029.000000	0.034418
1028.000000	0.034139
1027.000000	0.033820
1026.000000	0.033479
1025.000000	0.033143
1024.000000	0.032818
1023.000000	0.032485
1022.000000	0.032130
1021.000000	0.031766
1020.000000	0.031427
1019.000000	0.031135
1018.000000	0.030884
1017.000000	0.030654
1016.000000	0.030431
1015.000000	0.030218
1014.000000	0.030019
1013.000000	0.029831
1012.000000	0.029652
1011.000000	0.029483
1010.000000	0.029323
1009.000000	0.029156
1008.000000	0.028956
1007.000000	0.028715
1006.000000	0.028462
1005.000000	0.028245
1004.000000	0.028085
1003.000000	0.027966
1002.000000	0.027858
1001.000000	0.027758
1000.000000	0.027670
999.000000	0.027585
998.000000	0.027479
997.000000	0.027341
996.000000	0.027192
995.000000	0.027062
994.000000	0.026961
993.000000	0.026877
992.000000	0.026791
991.000000	0.026697
990.000000	0.026599
989.000000	0.026509
988.000000	0.026429
987.000000	0.026359
986.000000	0.026306
985.000000	0.026292
984.000000	0.026336
983.000000	0.026428
982.000000	0.026524
981.000000	0.026580
980.000000	0.026577
979.000000	0.026531
978.000000	0.026478
977.000000	0.026455
976.000000	0.026485
975.000000	0.026563
974.000000	0.026661
973.000000	0.026762
972.000000	0.026868
971.000000	0.026989
970.000000	0.027126
969.000000	0.027267
968.000000	0.027400
967.000000	0.027517
966.000000	0.027608
965.000000	0.027658
964.000000	0.027657
963.000000	0.027596
962.000000	0.027476
961.000000	0.027313
960.000000	0.027140
959.000000	0.026994
958.000000	0.026891
957.000000	0.026808
956.000000	0.026704
955.000000	0.026553
954.000000	0.026375
953.000000	0.026221
952.000000	0.026133
951.000000	0.026104
950.000000	0.026084
949.000000	0.026034
948.000000	0.025958
947.000000	0.025884
946.000000	0.025817
945.000000	0.025735
944.000000	0.025626
943.000000	0.025514
942.000000	0.025434
941.000000	0.025396
940.000000	0.025378
939.000000	0.025363
938.000000	0.025358
937.000000	0.025373
936.000000	0.025396
935.000000	0.025403
934.000000	0.025390
933.000000	0.025377
932.000000	0.025386
931.000000	0.025412
930.000000	0.025432
929.000000	0.025427
928.000000	0.025392
927.000000	0.025340
926.000000	0.025290
925.000000	0.025251
924.000000	0.025216
923.000000	0.025168
922.000000	0.025100
921.000000	0.025029
920.000000	0.024966
919.000000	0.024898
918.000000	0.024806
917.000000	0.024691
916.000000	0.024579
915.000000	0.024492
914.000000	0.024430
913.000000	0.024383
912.000000	0.024338
911.000000	0.024284
910.000000	0.024208
909.000000	0.024106
908.000000	0.023995
907.000000	0.023901
906.000000	0.023845
905.000000	0.023840
904.000000	0.023887
903.000000	0.023965
902.000000	0.024034
901.000000	0.024054
900.000000	0.024013
899.000000	0.023926
898.000000	0.023828
897.000000	0.023755
896.000000	0.023733
895.000000	0.023758
894.000000	0.023793
893.000000	0.023788
892.000000	0.023722
891.000000	0.023610
890.000000	0.023478
889.000000	0.023347
888.000000	0.023230
887.000000	0.023146
886.000000	0.023116
885.000000	0.023135
884.000000	0.023168
883.000000	0.023164
882.000000	0.023108
881.000000	0.023038
880.000000	0.023015
879.000000	0.023061
878.000000	0.023135
877.000000	0.023172
876.000000	0.023142
875.000000	0.023076
874.000000	0.023026
873.000000	0.023022
872.000000	0.023042
871.000000	0.023041
870.000000	0.022988
869.000000	0.022901
868.000000	0.022817
867.000000	0.022756
866.000000	0.022707
865.000000	0.022645
864.000000	0.022564
863.000000	0.022479
862.000000	0.022410
861.000000	0.022371
860.000000	0.022373
859.000000	0.022423
858.000000	0.022516
857.000000	0.022625
856.000000	0.022716
855.000000	0.022771
854.000000	0.022807
853.000000	0.022858
852.000000	0.022929
851.000000	0.022986
850.000000	0.022994
849.000000	0.022956
848.000000	0.022893
847.000000	0.022816
846.000000	0.022732
845.000000	0.022674
844.000000	0.022686
843.000000	0.022764
842.000000	0.022851
841.000000	0.022899
840.000000	0.022914
839.000000	0.022926
838.000000	0.022947
837.000000	0.022972
836.000000	0.023013
835.000000	0.023092
834.000000	0.023209
833.000000	0.023348
832.000000	0.023511
831.000000	0.023715
830.000000	0.023965
829.000000	0.024232
828.000000	0.024466
827.000000	0.024625
826.000000	0.024679
825.000000	0.024622
824.000000	0.024468
823.000000	0.024260
822.000000	0.024054
821.000000	0.023902
820.000000	0.023835
819.000000	0.023847
818.000000	0.023905
817.000000	0.023970
816.000000	0.024026
815.000000	0.024087
814.000000	0.024178
813.000000	0.024312
812.000000	0.024468
811.000000	0.024600
810.000000	0.024674
809.000000	0.024701
808.000000	0.024714
807.000000	0.024730
806.000000	0.024740
805.000000	0.024733
804.000000	0.024735
803.000000	0.024789
802.000000	0.024900
801.000000	0.025027
800.000000	0.025123
799.000000	0.025170
798.000000	0.025186
797.000000	0.025188
796.000000	0.025183
795.000000	0.025185
794.000000	0.025225
793.000000	0.025328
792.000000	0.025480
791.000000	0.025631
790.000000	0.025752
789.000000	0.025866
788.000000	0.026016
787.000000	0.026212
786.000000	0.026421
785.000000	0.026603
784.000000	0.026751
783.000000	0.026898
782.000000	0.027094
781.000000	0.027365
780.000000	0.027686
779.000000	0.027990
778.000000	0.028222
777.000000	0.028384
776.000000	0.028511
775.000000	0.028633
774.000000	0.028756
773.000000	0.028876
772.000000	0.028983
771.000000	0.029051
770.000000	0.029071
769.000000	0.029070
768.000000	0.029090
767.000000	0.029131
766.000000	0.029150
765.000000	0.029128
764.000000	0.029094
763.000000	0.029075
762.000000	0.029057
761.000000	0.029017
760.000000	0.028979
759.000000	0.028996
758.000000	0.029096
757.000000	0.029250
756.000000	0.029406
755.000000	0.029514
754.000000	0.029569
753.000000	0.029625
752.000000	0.029767
751.000000	0.030029
750.000000	0.030338
749.000000	0.030572
748.000000	0.030685
747.000000	0.030749
746.000000	0.030866
745.000000	0.031057
744.000000	0.031258
743.000000	0.031405
742.000000	0.031502
741.000000	0.031595
740.000000	0.031696
739.000000	0.031765
738.000000	0.031762
737.000000	0.031709
736.000000	0.031674
735.000000	0.031702
734.000000	0.031781
733.000000	0.031883
732.000000	0.032014
731.000000	0.032208
730.000000	0.032482
729.000000	0.032805
728.000000	0.033121
727.000000	0.033386
726.000000	0.033619
725.000000	0.033902
724.000000	0.034306
723.000000	0.034795
722.000000	0.035238
721.000000	0.035545
720.000000	0.035779
719.000000	0.036099
718.000000	0.036574
717.000000	0.037112
716.000000	0.037572
715.000000	0.037914
714.000000	0.038209
713.000000	0.038552
712.000000	0.038990
711.000000	0.039514
710.000000	0.040077
709.000000	0.040610
708.000000	0.041071
707.000000	0.041481
706.000000	0.041915
705.000000	0.042422
704.000000	0.042978
703.000000	0.043538
702.000000	0.044072
701.000000	0.044553
700.000000	0.044923
699.000000	0.045137
698.000000	0.045212
697.000000	0.045213
696.000000	0.045185
695.000000	0.045138
694.000000	0.045101
693.000000	0.045139
692.000000	0.045288
691.000000	0.045485
690.000000	0.045609
689.000000	0.045589
688.000000	0.045485
687.000000	0.045414
686.000000	0.045426
685.000000	0.045463
684.000000	0.045461
683.000000	0.045446
682.000000	0.045509
681.000000	0.045688
680.000000	0.045913
679.000000	0.046068
678.000000	0.046098
677.000000	0.046069
676.000000	0.046095
675.000000	0.046212
674.000000	0.046345
673.000000	0.046406
672.000000	0.046388
671.000000	0.046352
670.000000	0.046327
669.000000	0.046313
668.000000	0.046414
667.000000	0.046686
666.000000	0.046914
665.000000	0.047088
664.000000	0.047261
663.000000	0.047425
662.000000	0.047574
661.000000	0.047718
660.000000	0.047846
659.000000	0.047943
658.000000	0.048035
657.000000	0.048168
656.000000	0.048302
655.000000	0.048322
654.000000	0.048196
653.000000	0.048041
652.000000	0.048007
651.000000	0.048139
650.000000	0.048392
649.000000	0.048704
648.000000	0.049016
647.000000	0.049277
646.000000	0.049464
645.000000	0.049593
644.000000	0.049692
643.000000	0.049787
642.000000	0.049896
641.000000	0.050014
640.000000	0.050104
639.000000	0.050143
638.000000	0.050161
637.000000	0.050207
636.000000	0.050296
635.000000	0.050434
634.000000	0.050654
633.000000	0.050967
632.000000	0.051292
631.000000	0.051534
630.000000	0.051706
629.000000	0.051899
628.000000	0.052129
627.000000	0.052305
626.000000	0.052371
625.000000	0.052391
624.000000	0.052477
623.000000	0.052698
622.000000	0.053053
621.000000	0.053461
620.000000	0.053755
619.000000	0.053797
618.000000	0.053633
617.000000	0.053466
616.000000	0.053459
615.000000	0.053608
614.000000	0.053841
613.000000	0.054101
612.000000	0.054321
611.000000	0.054414
610.000000	0.054371
609.000000	0.054299
608.000000	0.054283
607.000000	0.054259
606.000000	0.054118
605.000000	0.053867
604.000000	0.053646
603.000000	0.053562
602.000000	0.053564
601.000000	0.053490
600.000000	0.053235
599.000000	0.052888
598.000000	0.052666
597.000000	0.052700
596.000000	0.052905
595.000000	0.053099
594.000000	0.053199
593.000000	0.053235
592.000000	0.053224
591.000000	0.053151
590.000000	0.053061
589.000000	0.053031
588.000000	0.053029
587.000000	0.052935
586.000000	0.052744
585.000000	0.052634
584.000000	0.052743
583.000000	0.053004
582.000000	0.053266
581.000000	0.053518
580.000000	0.053861
579.000000	0.054309
578.000000	0.054733
577.000000	0.054986
576.000000	0.055037
575.000000	0.054955
574.000000	0.054809
573.000000	0.054594
572.000000	0.054279
571.000000	0.053969
570.000000	0.053896
569.000000	0.054163
568.000000	0.054541
567.000000	0.054693
566.000000	0.054584
565.000000	0.054510
564.000000	0.054697
563.000000	0.055046
562.000000	0.055322
561.000000	0.055435
560.000000	0.055414
559.000000	0.055292
558.000000	0.055152
557.000000	0.055158
556.000000	0.055376
555.000000	0.055626
554.000000	0.055665
553.000000	0.055470
552.000000	0.055231
551.000000	0.055106
550.000000	0.055098
549.000000	0.055118
548.000000	0.055067
547.000000	0.054919
546.000000	0.054811
545.000000	0.054998
544.000000	0.055569
543.000000	0.056268
542.000000	0.056720
541.000000	0.056814
540.000000	0.056747
539.000000	0.056703
538.000000	0.056647
537.000000	0.056499
536.000000	0.056364
535.000000	0.056482
534.000000	0.056943
533.000000	0.057542
532.000000	0.057979
531.000000	0.058162
530.000000	0.058301
529.000000	0.058647
528.000000	0.059165
527.000000	0.059547
526.000000	0.059547
525.000000	0.059260
524.000000	0.058985
523.000000	0.058884
522.000000	0.058873
521.000000	0.058737
520.000000	0.058312
519.000000	0.057635
518.000000	0.056958
517.000000	0.056535
516.000000	0.056364
515.000000	0.056219
514.000000	0.055959
513.000000	0.055699
512.000000	0.055655
511.000000	0.055898
510.000000	0.056316
509.000000	0.056748
508.000000	0.057076
507.000000	0.057234
506.000000	0.057234
505.000000	0.057124
504.000000	0.056857
503.000000	0.056289
502.000000	0.055411
501.000000	0.054545
500.000000	0.054127
499.000000	0.054314
498.000000	0.054857
497.000000	0.055327
496.000000	0.055455
495.000000	0.055297
494.000000	0.055099
493.000000	0.055009
492.000000	0.054961
491.000000	0.054848
490.000000	0.054703
489.000000	0.054597
488.000000	0.054404
487.000000	0.053861
486.000000	0.052923
485.000000	0.051956
484.000000	0.051481
483.000000	0.051745
482.000000	0.052568
481.000000	0.053555
480.000000	0.054371
479.000000	0.054856
478.000000	0.055036
477.000000	0.055040
476.000000	0.054973
475.000000	0.054901
474.000000	0.054893
473.000000	0.054973
472.000000	0.055035
471.000000	0.054945
470.000000	0.054679
469.000000	0.054250
468.000000	0.053637
467.000000	0.052969
466.000000	0.052654
465.000000	0.052962
464.000000	0.053545
463.000000	0.053676
462.000000	0.053110
461.000000	0.052453
460.000000	0.052447
459.000000	0.053110
458.000000	0.053710
457.000000	0.053573
456.000000	0.052832
455.000000	0.052159
454.000000	0.052027
453.000000	0.052293
452.000000	0.052318
451.000000	0.051628
450.000000	0.050597
449.000000	0.050201
448.000000	0.050988
447.000000	0.052377
446.000000	0.053145
445.000000	0.052646
444.000000	0.051373
443.000000	0.050442
442.000000	0.050575
441.000000	0.051483
440.000000	0.052300
439.000000	0.052496
438.000000	0.052223
437.000000	0.051817
436.000000	0.051185
435.000000	0.050019
434.000000	0.048485
433.000000	0.047240
432.000000	0.046714
431.000000	0.046701
430.000000	0.046695
429.000000	0.046474
428.000000	0.046171
427.000000	0.045988
426.000000	0.046101
425.000000	0.046570
424.000000	0.047138
423.000000	0.047404
422.000000	0.047419
421.000000	0.047803
420.000000	0.048873
419.000000	0.049632
418.000000	0.048506
417.000000	0.045710
416.000000	0.042772
415.000000	0.040767
414.000000	0.040068
413.000000	0.040504
412.000000	0.041518
411.000000	0.042520
410.000000	0.043335
409.000000	0.044280
408.000000	0.045526
407.000000	0.046644
406.000000	0.047135
405.000000	0.047202
404.000000	0.047389
403.000000	0.047720
402.000000	0.047713
401.000000	0.047042
400.000000	0.045661
