PE IR       SUBTECH     SPECTRUM    ASCII       PEDS        4.00        
   -1
BW outer post ssNMR WET 3 4_1_24.ASC
24/04/01
20:47:19.00
24/04/01
20:47:24.00
Yarger Lab
Sample 071 By YargerLab Date Monday, April 01 2024
400.000000
#HDR
-1
-1
#GR
cm-1
A
1.0
0.0
4500.000000
-1.000000
4101
8
0.319777
0.002918
#DATA
4500.000000	0.002983
4499.000000	0.003006
4498.000000	0.003016
4497.000000	0.003015
4496.000000	0.003016
4495.000000	0.003032
4494.000000	0.003061
4493.000000	0.003091
4492.000000	0.003110
4491.000000	0.003110
4490.000000	0.003087
4489.000000	0.003046
4488.000000	0.003004
4487.000000	0.002971
4486.000000	0.002946
4485.000000	0.002926
4484.000000	0.002918
4483.000000	0.002928
4482.000000	0.002953
4481.000000	0.002986
4480.000000	0.003023
4479.000000	0.003058
4478.000000	0.003077
4477.000000	0.003070
4476.000000	0.003052
4475.000000	0.003045
4474.000000	0.003062
4473.000000	0.003104
4472.000000	0.003161
4471.000000	0.003216
4470.000000	0.003250
4469.000000	0.003253
4468.000000	0.003237
4467.000000	0.003209
4466.000000	0.003168
4465.000000	0.003111
4464.000000	0.003055
4463.000000	0.003021
4462.000000	0.003020
4461.000000	0.003046
4460.000000	0.003087
4459.000000	0.003121
4458.000000	0.003126
4457.000000	0.003104
4456.000000	0.003081
4455.000000	0.003084
4454.000000	0.003112
4453.000000	0.003144
4452.000000	0.003167
4451.000000	0.003177
4450.000000	0.003173
4449.000000	0.003160
4448.000000	0.003146
4447.000000	0.003135
4446.000000	0.003122
4445.000000	0.003104
4444.000000	0.003095
4443.000000	0.003108
4442.000000	0.003142
4441.000000	0.003188
4440.000000	0.003234
4439.000000	0.003266
4438.000000	0.003267
4437.000000	0.003232
4436.000000	0.003182
4435.000000	0.003147
4434.000000	0.003144
4433.000000	0.003171
4432.000000	0.003218
4431.000000	0.003267
4430.000000	0.003298
4429.000000	0.003297
4428.000000	0.003271
4427.000000	0.003237
4426.000000	0.003208
4425.000000	0.003188
4424.000000	0.003184
4423.000000	0.003195
4422.000000	0.003212
4421.000000	0.003223
4420.000000	0.003228
4419.000000	0.003234
4418.000000	0.003241
4417.000000	0.003245
4416.000000	0.003244
4415.000000	0.003235
4414.000000	0.003217
4413.000000	0.003194
4412.000000	0.003180
4411.000000	0.003186
4410.000000	0.003204
4409.000000	0.003221
4408.000000	0.003232
4407.000000	0.003245
4406.000000	0.003264
4405.000000	0.003288
4404.000000	0.003313
4403.000000	0.003338
4402.000000	0.003357
4401.000000	0.003373
4400.000000	0.003389
4399.000000	0.003403
4398.000000	0.003401
4397.000000	0.003371
4396.000000	0.003319
4395.000000	0.003263
4394.000000	0.003214
4393.000000	0.003178
4392.000000	0.003159
4391.000000	0.003161
4390.000000	0.003178
4389.000000	0.003205
4388.000000	0.003240
4387.000000	0.003279
4386.000000	0.003313
4385.000000	0.003331
4384.000000	0.003334
4383.000000	0.003330
4382.000000	0.003326
4381.000000	0.003329
4380.000000	0.003347
4379.000000	0.003377
4378.000000	0.003398
4377.000000	0.003391
4376.000000	0.003354
4375.000000	0.003302
4374.000000	0.003260
4373.000000	0.003243
4372.000000	0.003258
4371.000000	0.003292
4370.000000	0.003323
4369.000000	0.003338
4368.000000	0.003344
4367.000000	0.003356
4366.000000	0.003371
4365.000000	0.003378
4364.000000	0.003371
4363.000000	0.003358
4362.000000	0.003349
4361.000000	0.003349
4360.000000	0.003362
4359.000000	0.003378
4358.000000	0.003384
4357.000000	0.003375
4356.000000	0.003361
4355.000000	0.003356
4354.000000	0.003356
4353.000000	0.003355
4352.000000	0.003350
4351.000000	0.003347
4350.000000	0.003348
4349.000000	0.003353
4348.000000	0.003362
4347.000000	0.003375
4346.000000	0.003389
4345.000000	0.003402
4344.000000	0.003418
4343.000000	0.003434
4342.000000	0.003439
4341.000000	0.003423
4340.000000	0.003392
4339.000000	0.003364
4338.000000	0.003350
4337.000000	0.003349
4336.000000	0.003350
4335.000000	0.003342
4334.000000	0.003323
4333.000000	0.003301
4332.000000	0.003294
4331.000000	0.003312
4330.000000	0.003341
4329.000000	0.003362
4328.000000	0.003370
4327.000000	0.003368
4326.000000	0.003363
4325.000000	0.003355
4324.000000	0.003345
4323.000000	0.003333
4322.000000	0.003314
4321.000000	0.003288
4320.000000	0.003266
4319.000000	0.003258
4318.000000	0.003267
4317.000000	0.003288
4316.000000	0.003318
4315.000000	0.003358
4314.000000	0.003400
4313.000000	0.003436
4312.000000	0.003457
4311.000000	0.003459
4310.000000	0.003440
4309.000000	0.003406
4308.000000	0.003373
4307.000000	0.003350
4306.000000	0.003336
4305.000000	0.003326
4304.000000	0.003326
4303.000000	0.003342
4302.000000	0.003374
4301.000000	0.003406
4300.000000	0.003422
4299.000000	0.003414
4298.000000	0.003380
4297.000000	0.003330
4296.000000	0.003278
4295.000000	0.003240
4294.000000	0.003220
4293.000000	0.003221
4292.000000	0.003241
4291.000000	0.003277
4290.000000	0.003313
4289.000000	0.003338
4288.000000	0.003350
4287.000000	0.003351
4286.000000	0.003347
4285.000000	0.003342
4284.000000	0.003346
4283.000000	0.003366
4282.000000	0.003394
4281.000000	0.003418
4280.000000	0.003429
4279.000000	0.003425
4278.000000	0.003404
4277.000000	0.003374
4276.000000	0.003349
4275.000000	0.003340
4274.000000	0.003353
4273.000000	0.003380
4272.000000	0.003412
4271.000000	0.003440
4270.000000	0.003455
4269.000000	0.003449
4268.000000	0.003429
4267.000000	0.003406
4266.000000	0.003397
4265.000000	0.003407
4264.000000	0.003433
4263.000000	0.003460
4262.000000	0.003472
4261.000000	0.003465
4260.000000	0.003452
4259.000000	0.003450
4258.000000	0.003460
4257.000000	0.003475
4256.000000	0.003486
4255.000000	0.003487
4254.000000	0.003476
4253.000000	0.003452
4252.000000	0.003429
4251.000000	0.003418
4250.000000	0.003423
4249.000000	0.003441
4248.000000	0.003465
4247.000000	0.003486
4246.000000	0.003492
4245.000000	0.003474
4244.000000	0.003438
4243.000000	0.003395
4242.000000	0.003355
4241.000000	0.003329
4240.000000	0.003321
4239.000000	0.003331
4238.000000	0.003346
4237.000000	0.003350
4236.000000	0.003335
4235.000000	0.003311
4234.000000	0.003296
4233.000000	0.003303
4232.000000	0.003330
4231.000000	0.003364
4230.000000	0.003388
4229.000000	0.003399
4228.000000	0.003405
4227.000000	0.003406
4226.000000	0.003393
4225.000000	0.003360
4224.000000	0.003316
4223.000000	0.003281
4222.000000	0.003266
4221.000000	0.003273
4220.000000	0.003298
4219.000000	0.003334
4218.000000	0.003370
4217.000000	0.003396
4216.000000	0.003410
4215.000000	0.003415
4214.000000	0.003419
4213.000000	0.003424
4212.000000	0.003433
4211.000000	0.003444
4210.000000	0.003456
4209.000000	0.003468
4208.000000	0.003477
4207.000000	0.003476
4206.000000	0.003459
4205.000000	0.003427
4204.000000	0.003396
4203.000000	0.003380
4202.000000	0.003383
4201.000000	0.003397
4200.000000	0.003412
4199.000000	0.003423
4198.000000	0.003431
4197.000000	0.003439
4196.000000	0.003450
4195.000000	0.003464
4194.000000	0.003478
4193.000000	0.003493
4192.000000	0.003511
4191.000000	0.003529
4190.000000	0.003539
4189.000000	0.003535
4188.000000	0.003523
4187.000000	0.003511
4186.000000	0.003502
4185.000000	0.003494
4184.000000	0.003486
4183.000000	0.003484
4182.000000	0.003490
4181.000000	0.003499
4180.000000	0.003505
4179.000000	0.003501
4178.000000	0.003487
4177.000000	0.003470
4176.000000	0.003462
4175.000000	0.003472
4174.000000	0.003495
4173.000000	0.003522
4172.000000	0.003545
4171.000000	0.003563
4170.000000	0.003574
4169.000000	0.003583
4168.000000	0.003590
4167.000000	0.003593
4166.000000	0.003587
4165.000000	0.003569
4164.000000	0.003541
4163.000000	0.003510
4162.000000	0.003490
4161.000000	0.003493
4160.000000	0.003527
4159.000000	0.003581
4158.000000	0.003633
4157.000000	0.003658
4156.000000	0.003652
4155.000000	0.003625
4154.000000	0.003596
4153.000000	0.003578
4152.000000	0.003576
4151.000000	0.003585
4150.000000	0.003595
4149.000000	0.003599
4148.000000	0.003598
4147.000000	0.003600
4146.000000	0.003612
4145.000000	0.003636
4144.000000	0.003669
4143.000000	0.003697
4142.000000	0.003708
4141.000000	0.003693
4140.000000	0.003663
4139.000000	0.003634
4138.000000	0.003619
4137.000000	0.003620
4136.000000	0.003632
4135.000000	0.003649
4134.000000	0.003662
4133.000000	0.003670
4132.000000	0.003672
4131.000000	0.003670
4130.000000	0.003662
4129.000000	0.003646
4128.000000	0.003626
4127.000000	0.003611
4126.000000	0.003610
4125.000000	0.003629
4124.000000	0.003662
4123.000000	0.003695
4122.000000	0.003711
4121.000000	0.003704
4120.000000	0.003681
4119.000000	0.003658
4118.000000	0.003646
4117.000000	0.003648
4116.000000	0.003656
4115.000000	0.003660
4114.000000	0.003656
4113.000000	0.003650
4112.000000	0.003655
4111.000000	0.003678
4110.000000	0.003714
4109.000000	0.003750
4108.000000	0.003777
4107.000000	0.003791
4106.000000	0.003797
4105.000000	0.003802
4104.000000	0.003810
4103.000000	0.003822
4102.000000	0.003829
4101.000000	0.003830
4100.000000	0.003825
4099.000000	0.003821
4098.000000	0.003818
4097.000000	0.003811
4096.000000	0.003801
4095.000000	0.003795
4094.000000	0.003804
4093.000000	0.003832
4092.000000	0.003872
4091.000000	0.003911
4090.000000	0.003936
4089.000000	0.003944
4088.000000	0.003937
4087.000000	0.003917
4086.000000	0.003886
4085.000000	0.003851
4084.000000	0.003824
4083.000000	0.003812
4082.000000	0.003811
4081.000000	0.003814
4080.000000	0.003820
4079.000000	0.003835
4078.000000	0.003866
4077.000000	0.003903
4076.000000	0.003931
4075.000000	0.003936
4074.000000	0.003919
4073.000000	0.003894
4072.000000	0.003878
4071.000000	0.003879
4070.000000	0.003893
4069.000000	0.003908
4068.000000	0.003909
4067.000000	0.003892
4066.000000	0.003863
4065.000000	0.003836
4064.000000	0.003828
4063.000000	0.003844
4062.000000	0.003878
4061.000000	0.003916
4060.000000	0.003949
4059.000000	0.003972
4058.000000	0.003985
4057.000000	0.003987
4056.000000	0.003981
4055.000000	0.003973
4054.000000	0.003970
4053.000000	0.003972
4052.000000	0.003975
4051.000000	0.003972
4050.000000	0.003961
4049.000000	0.003947
4048.000000	0.003942
4047.000000	0.003949
4046.000000	0.003958
4045.000000	0.003959
4044.000000	0.003953
4043.000000	0.003953
4042.000000	0.003965
4041.000000	0.003984
4040.000000	0.004001
4039.000000	0.004007
4038.000000	0.004005
4037.000000	0.004007
4036.000000	0.004023
4035.000000	0.004056
4034.000000	0.004100
4033.000000	0.004139
4032.000000	0.004155
4031.000000	0.004143
4030.000000	0.004109
4029.000000	0.004072
4028.000000	0.004045
4027.000000	0.004035
4026.000000	0.004042
4025.000000	0.004061
4024.000000	0.004091
4023.000000	0.004126
4022.000000	0.004154
4021.000000	0.004158
4020.000000	0.004132
4019.000000	0.004083
4018.000000	0.004035
4017.000000	0.004009
4016.000000	0.004009
4015.000000	0.004024
4014.000000	0.004038
4013.000000	0.004048
4012.000000	0.004058
4011.000000	0.004070
4010.000000	0.004080
4009.000000	0.004081
4008.000000	0.004077
4007.000000	0.004077
4006.000000	0.004089
4005.000000	0.004108
4004.000000	0.004126
4003.000000	0.004135
4002.000000	0.004138
4001.000000	0.004140
4000.000000	0.004145
3999.000000	0.004146
3998.000000	0.004135
3997.000000	0.004112
3996.000000	0.004087
3995.000000	0.004077
3994.000000	0.004091
3993.000000	0.004122
3992.000000	0.004153
3991.000000	0.004164
3990.000000	0.004150
3989.000000	0.004118
3988.000000	0.004080
3987.000000	0.004046
3986.000000	0.004025
3985.000000	0.004022
3984.000000	0.004038
3983.000000	0.004063
3982.000000	0.004087
3981.000000	0.004101
3980.000000	0.004106
3979.000000	0.004106
3978.000000	0.004108
3977.000000	0.004112
3976.000000	0.004120
3975.000000	0.004126
3974.000000	0.004129
3973.000000	0.004130
3972.000000	0.004132
3971.000000	0.004137
3970.000000	0.004145
3969.000000	0.004154
3968.000000	0.004161
3967.000000	0.004164
3966.000000	0.004159
3965.000000	0.004145
3964.000000	0.004124
3963.000000	0.004102
3962.000000	0.004089
3961.000000	0.004086
3960.000000	0.004090
3959.000000	0.004098
3958.000000	0.004108
3957.000000	0.004121
3956.000000	0.004137
3955.000000	0.004153
3954.000000	0.004162
3953.000000	0.004157
3952.000000	0.004138
3951.000000	0.004106
3950.000000	0.004074
3949.000000	0.004053
3948.000000	0.004052
3947.000000	0.004066
3946.000000	0.004086
3945.000000	0.004101
3944.000000	0.004106
3943.000000	0.004104
3942.000000	0.004102
3941.000000	0.004103
3940.000000	0.004102
3939.000000	0.004101
3938.000000	0.004109
3937.000000	0.004137
3936.000000	0.004180
3935.000000	0.004219
3934.000000	0.004233
3933.000000	0.004218
3932.000000	0.004187
3931.000000	0.004163
3930.000000	0.004155
3929.000000	0.004159
3928.000000	0.004156
3927.000000	0.004129
3926.000000	0.004079
3925.000000	0.004028
3924.000000	0.004011
3923.000000	0.004042
3922.000000	0.004106
3921.000000	0.004177
3920.000000	0.004231
3919.000000	0.004256
3918.000000	0.004255
3917.000000	0.004234
3916.000000	0.004206
3915.000000	0.004183
3914.000000	0.004171
3913.000000	0.004167
3912.000000	0.004168
3911.000000	0.004173
3910.000000	0.004188
3909.000000	0.004218
3908.000000	0.004257
3907.000000	0.004293
3906.000000	0.004317
3905.000000	0.004336
3904.000000	0.004367
3903.000000	0.004423
3902.000000	0.004484
3901.000000	0.004517
3900.000000	0.004502
3899.000000	0.004451
3898.000000	0.004399
3897.000000	0.004370
3896.000000	0.004367
3895.000000	0.004380
3894.000000	0.004392
3893.000000	0.004386
3892.000000	0.004361
3891.000000	0.004340
3890.000000	0.004342
3889.000000	0.004362
3888.000000	0.004382
3887.000000	0.004382
3886.000000	0.004361
3885.000000	0.004341
3884.000000	0.004343
3883.000000	0.004358
3882.000000	0.004359
3881.000000	0.004338
3880.000000	0.004316
3879.000000	0.004323
3878.000000	0.004359
3877.000000	0.004407
3876.000000	0.004442
3875.000000	0.004449
3874.000000	0.004435
3873.000000	0.004421
3872.000000	0.004416
3871.000000	0.004411
3870.000000	0.004407
3869.000000	0.004417
3868.000000	0.004440
3867.000000	0.004450
3866.000000	0.004429
3865.000000	0.004378
3864.000000	0.004327
3863.000000	0.004316
3862.000000	0.004355
3861.000000	0.004417
3860.000000	0.004468
3859.000000	0.004483
3858.000000	0.004459
3857.000000	0.004418
3856.000000	0.004389
3855.000000	0.004379
3854.000000	0.004358
3853.000000	0.004329
3852.000000	0.004324
3851.000000	0.004334
3850.000000	0.004344
3849.000000	0.004360
3848.000000	0.004387
3847.000000	0.004420
3846.000000	0.004450
3845.000000	0.004472
3844.000000	0.004486
3843.000000	0.004498
3842.000000	0.004507
3841.000000	0.004510
3840.000000	0.004505
3839.000000	0.004495
3838.000000	0.004491
3837.000000	0.004489
3836.000000	0.004478
3835.000000	0.004454
3834.000000	0.004422
3833.000000	0.004397
3832.000000	0.004383
3831.000000	0.004381
3830.000000	0.004388
3829.000000	0.004399
3828.000000	0.004412
3827.000000	0.004429
3826.000000	0.004453
3825.000000	0.004484
3824.000000	0.004504
3823.000000	0.004495
3822.000000	0.004456
3821.000000	0.004432
3820.000000	0.004474
3819.000000	0.004555
3818.000000	0.004603
3817.000000	0.004576
3816.000000	0.004494
3815.000000	0.004421
3814.000000	0.004394
3813.000000	0.004404
3812.000000	0.004429
3811.000000	0.004457
3810.000000	0.004487
3809.000000	0.004511
3808.000000	0.004510
3807.000000	0.004483
3806.000000	0.004456
3805.000000	0.004445
3804.000000	0.004435
3803.000000	0.004401
3802.000000	0.004344
3801.000000	0.004304
3800.000000	0.004312
3799.000000	0.004339
3798.000000	0.004349
3797.000000	0.004337
3796.000000	0.004325
3795.000000	0.004328
3794.000000	0.004347
3793.000000	0.004370
3792.000000	0.004388
3791.000000	0.004400
3790.000000	0.004410
3789.000000	0.004423
3788.000000	0.004437
3787.000000	0.004442
3786.000000	0.004433
3785.000000	0.004418
3784.000000	0.004408
3783.000000	0.004414
3782.000000	0.004433
3781.000000	0.004450
3780.000000	0.004449
3779.000000	0.004431
3778.000000	0.004415
3777.000000	0.004415
3776.000000	0.004431
3775.000000	0.004464
3774.000000	0.004508
3773.000000	0.004550
3772.000000	0.004568
3771.000000	0.004547
3770.000000	0.004505
3769.000000	0.004476
3768.000000	0.004474
3767.000000	0.004485
3766.000000	0.004494
3765.000000	0.004502
3764.000000	0.004516
3763.000000	0.004527
3762.000000	0.004523
3761.000000	0.004491
3760.000000	0.004436
3759.000000	0.004390
3758.000000	0.004381
3757.000000	0.004408
3756.000000	0.004442
3755.000000	0.004463
3754.000000	0.004479
3753.000000	0.004503
3752.000000	0.004532
3751.000000	0.004555
3750.000000	0.004577
3749.000000	0.004593
3748.000000	0.004588
3747.000000	0.004566
3746.000000	0.004550
3745.000000	0.004559
3744.000000	0.004596
3743.000000	0.004644
3742.000000	0.004675
3741.000000	0.004687
3740.000000	0.004690
3739.000000	0.004699
3738.000000	0.004722
3737.000000	0.004741
3736.000000	0.004723
3735.000000	0.004667
3734.000000	0.004618
3733.000000	0.004615
3732.000000	0.004659
3731.000000	0.004725
3730.000000	0.004787
3729.000000	0.004829
3728.000000	0.004844
3727.000000	0.004835
3726.000000	0.004810
3725.000000	0.004781
3724.000000	0.004754
3723.000000	0.004737
3722.000000	0.004734
3721.000000	0.004740
3720.000000	0.004734
3719.000000	0.004715
3718.000000	0.004708
3717.000000	0.004739
3716.000000	0.004804
3715.000000	0.004884
3714.000000	0.004965
3713.000000	0.005047
3712.000000	0.005125
3711.000000	0.005201
3710.000000	0.005272
3709.000000	0.005324
3708.000000	0.005344
3707.000000	0.005335
3706.000000	0.005316
3705.000000	0.005293
3704.000000	0.005260
3703.000000	0.005217
3702.000000	0.005187
3701.000000	0.005202
3700.000000	0.005264
3699.000000	0.005339
3698.000000	0.005404
3697.000000	0.005455
3696.000000	0.005506
3695.000000	0.005573
3694.000000	0.005664
3693.000000	0.005757
3692.000000	0.005810
3691.000000	0.005797
3690.000000	0.005753
3689.000000	0.005760
3688.000000	0.005858
3687.000000	0.006006
3686.000000	0.006150
3685.000000	0.006267
3684.000000	0.006362
3683.000000	0.006444
3682.000000	0.006532
3681.000000	0.006640
3680.000000	0.006772
3679.000000	0.006926
3678.000000	0.007089
3677.000000	0.007231
3676.000000	0.007315
3675.000000	0.007363
3674.000000	0.007422
3673.000000	0.007497
3672.000000	0.007583
3671.000000	0.007681
3670.000000	0.007797
3669.000000	0.007934
3668.000000	0.008080
3667.000000	0.008208
3666.000000	0.008318
3665.000000	0.008427
3664.000000	0.008546
3663.000000	0.008683
3662.000000	0.008844
3661.000000	0.009029
3660.000000	0.009222
3659.000000	0.009413
3658.000000	0.009598
3657.000000	0.009777
3656.000000	0.009949
3655.000000	0.010120
3654.000000	0.010302
3653.000000	0.010510
3652.000000	0.010743
3651.000000	0.010975
3650.000000	0.011186
3649.000000	0.011381
3648.000000	0.011569
3647.000000	0.011728
3646.000000	0.011848
3645.000000	0.011945
3644.000000	0.012043
3643.000000	0.012154
3642.000000	0.012286
3641.000000	0.012443
3640.000000	0.012625
3639.000000	0.012825
3638.000000	0.013044
3637.000000	0.013284
3636.000000	0.013538
3635.000000	0.013778
3634.000000	0.013987
3633.000000	0.014174
3632.000000	0.014379
3631.000000	0.014648
3630.000000	0.014983
3629.000000	0.015315
3628.000000	0.015569
3627.000000	0.015724
3626.000000	0.015815
3625.000000	0.015898
3624.000000	0.016003
3623.000000	0.016135
3622.000000	0.016298
3621.000000	0.016504
3620.000000	0.016757
3619.000000	0.017041
3618.000000	0.017328
3617.000000	0.017588
3616.000000	0.017812
3615.000000	0.018020
3614.000000	0.018242
3613.000000	0.018484
3612.000000	0.018726
3611.000000	0.018955
3610.000000	0.019186
3609.000000	0.019441
3608.000000	0.019706
3607.000000	0.019947
3606.000000	0.020148
3605.000000	0.020323
3604.000000	0.020498
3603.000000	0.020696
3602.000000	0.020929
3601.000000	0.021187
3600.000000	0.021445
3599.000000	0.021676
3598.000000	0.021883
3597.000000	0.022090
3596.000000	0.022316
3595.000000	0.022560
3594.000000	0.022805
3593.000000	0.023034
3592.000000	0.023244
3591.000000	0.023455
3590.000000	0.023709
3589.000000	0.024032
3588.000000	0.024402
3587.000000	0.024768
3586.000000	0.025088
3585.000000	0.025351
3584.000000	0.025578
3583.000000	0.025804
3582.000000	0.026051
3581.000000	0.026313
3580.000000	0.026571
3579.000000	0.026814
3578.000000	0.027054
3577.000000	0.027305
3576.000000	0.027571
3575.000000	0.027855
3574.000000	0.028161
3573.000000	0.028479
3572.000000	0.028779
3571.000000	0.029052
3570.000000	0.029332
3569.000000	0.029668
3568.000000	0.030070
3567.000000	0.030493
3566.000000	0.030880
3565.000000	0.031203
3564.000000	0.031466
3563.000000	0.031699
3562.000000	0.031939
3561.000000	0.032209
3560.000000	0.032504
3559.000000	0.032803
3558.000000	0.033095
3557.000000	0.033385
3556.000000	0.033679
3555.000000	0.033981
3554.000000	0.034298
3553.000000	0.034634
3552.000000	0.034985
3551.000000	0.035339
3550.000000	0.035685
3549.000000	0.036026
3548.000000	0.036371
3547.000000	0.036728
3546.000000	0.037108
3545.000000	0.037503
3544.000000	0.037887
3543.000000	0.038231
3542.000000	0.038530
3541.000000	0.038807
3540.000000	0.039089
3539.000000	0.039397
3538.000000	0.039741
3537.000000	0.040115
3536.000000	0.040494
3535.000000	0.040851
3534.000000	0.041178
3533.000000	0.041490
3532.000000	0.041805
3531.000000	0.042138
3530.000000	0.042495
3529.000000	0.042867
3528.000000	0.043232
3527.000000	0.043578
3526.000000	0.043917
3525.000000	0.044274
3524.000000	0.044655
3523.000000	0.045043
3522.000000	0.045420
3521.000000	0.045772
3520.000000	0.046101
3519.000000	0.046418
3518.000000	0.046745
3517.000000	0.047092
3516.000000	0.047445
3515.000000	0.047786
3514.000000	0.048114
3513.000000	0.048442
3512.000000	0.048773
3511.000000	0.049107
3510.000000	0.049446
3509.000000	0.049795
3508.000000	0.050149
3507.000000	0.050497
3506.000000	0.050847
3505.000000	0.051215
3504.000000	0.051601
3503.000000	0.051986
3502.000000	0.052351
3501.000000	0.052692
3500.000000	0.053021
3499.000000	0.053349
3498.000000	0.053687
3497.000000	0.054036
3496.000000	0.054390
3495.000000	0.054735
3494.000000	0.055063
3493.000000	0.055374
3492.000000	0.055675
3491.000000	0.055986
3490.000000	0.056326
3489.000000	0.056699
3488.000000	0.057079
3487.000000	0.057436
3486.000000	0.057764
3485.000000	0.058078
3484.000000	0.058396
3483.000000	0.058731
3482.000000	0.059090
3481.000000	0.059461
3480.000000	0.059816
3479.000000	0.060123
3478.000000	0.060385
3477.000000	0.060629
3476.000000	0.060882
3475.000000	0.061161
3474.000000	0.061462
3473.000000	0.061773
3472.000000	0.062077
3471.000000	0.062377
3470.000000	0.062698
3469.000000	0.063056
3468.000000	0.063430
3467.000000	0.063776
3466.000000	0.064071
3465.000000	0.064329
3464.000000	0.064580
3463.000000	0.064849
3462.000000	0.065145
3461.000000	0.065460
3460.000000	0.065774
3459.000000	0.066071
3458.000000	0.066353
3457.000000	0.066630
3456.000000	0.066905
3455.000000	0.067174
3454.000000	0.067442
3453.000000	0.067705
3452.000000	0.067951
3451.000000	0.068167
3450.000000	0.068365
3449.000000	0.068576
3448.000000	0.068827
3447.000000	0.069115
3446.000000	0.069415
3445.000000	0.069704
3444.000000	0.069969
3443.000000	0.070218
3442.000000	0.070468
3441.000000	0.070727
3440.000000	0.070985
3439.000000	0.071232
3438.000000	0.071471
3437.000000	0.071709
3436.000000	0.071940
3435.000000	0.072161
3434.000000	0.072377
3433.000000	0.072599
3432.000000	0.072823
3431.000000	0.073036
3430.000000	0.073231
3429.000000	0.073413
3428.000000	0.073583
3427.000000	0.073739
3426.000000	0.073889
3425.000000	0.074049
3424.000000	0.074233
3423.000000	0.074441
3422.000000	0.074664
3421.000000	0.074885
3420.000000	0.075082
3419.000000	0.075243
3418.000000	0.075378
3417.000000	0.075508
3416.000000	0.075649
3415.000000	0.075803
3414.000000	0.075967
3413.000000	0.076136
3412.000000	0.076301
3411.000000	0.076454
3410.000000	0.076589
3409.000000	0.076702
3408.000000	0.076792
3407.000000	0.076875
3406.000000	0.076984
3405.000000	0.077139
3404.000000	0.077326
3403.000000	0.077509
3402.000000	0.077659
3401.000000	0.077763
3400.000000	0.077829
3399.000000	0.077878
3398.000000	0.077942
3397.000000	0.078036
3396.000000	0.078153
3395.000000	0.078273
3394.000000	0.078384
3393.000000	0.078483
3392.000000	0.078562
3391.000000	0.078612
3390.000000	0.078643
3389.000000	0.078674
3388.000000	0.078715
3387.000000	0.078767
3386.000000	0.078829
3385.000000	0.078898
3384.000000	0.078961
3383.000000	0.079009
3382.000000	0.079048
3381.000000	0.079098
3380.000000	0.079165
3379.000000	0.079241
3378.000000	0.079312
3377.000000	0.079377
3376.000000	0.079437
3375.000000	0.079492
3374.000000	0.079545
3373.000000	0.079595
3372.000000	0.079632
3371.000000	0.079651
3370.000000	0.079664
3369.000000	0.079692
3368.000000	0.079743
3367.000000	0.079807
3366.000000	0.079870
3365.000000	0.079924
3364.000000	0.079963
3363.000000	0.079980
3362.000000	0.079985
3361.000000	0.080004
3360.000000	0.080053
3359.000000	0.080127
3358.000000	0.080207
3357.000000	0.080278
3356.000000	0.080339
3355.000000	0.080401
3354.000000	0.080469
3353.000000	0.080544
3352.000000	0.080617
3351.000000	0.080684
3350.000000	0.080744
3349.000000	0.080797
3348.000000	0.080838
3347.000000	0.080869
3346.000000	0.080912
3345.000000	0.080986
3344.000000	0.081093
3343.000000	0.081217
3342.000000	0.081345
3341.000000	0.081468
3340.000000	0.081580
3339.000000	0.081687
3338.000000	0.081802
3337.000000	0.081936
3336.000000	0.082084
3335.000000	0.082227
3334.000000	0.082361
3333.000000	0.082494
3332.000000	0.082639
3331.000000	0.082800
3330.000000	0.082970
3329.000000	0.083139
3328.000000	0.083303
3327.000000	0.083469
3326.000000	0.083651
3325.000000	0.083853
3324.000000	0.084069
3323.000000	0.084295
3322.000000	0.084536
3321.000000	0.084797
3320.000000	0.085060
3319.000000	0.085306
3318.000000	0.085531
3317.000000	0.085743
3316.000000	0.085947
3315.000000	0.086148
3314.000000	0.086355
3313.000000	0.086566
3312.000000	0.086770
3311.000000	0.086954
3310.000000	0.087124
3309.000000	0.087297
3308.000000	0.087484
3307.000000	0.087692
3306.000000	0.087937
3305.000000	0.088223
3304.000000	0.088532
3303.000000	0.088833
3302.000000	0.089100
3301.000000	0.089325
3300.000000	0.089509
3299.000000	0.089658
3298.000000	0.089792
3297.000000	0.089926
3296.000000	0.090059
3295.000000	0.090179
3294.000000	0.090291
3293.000000	0.090411
3292.000000	0.090543
3291.000000	0.090669
3290.000000	0.090766
3289.000000	0.090818
3288.000000	0.090821
3287.000000	0.090779
3286.000000	0.090699
3285.000000	0.090587
3284.000000	0.090436
3283.000000	0.090238
3282.000000	0.089990
3281.000000	0.089692
3280.000000	0.089336
3279.000000	0.088919
3278.000000	0.088444
3277.000000	0.087922
3276.000000	0.087356
3275.000000	0.086750
3274.000000	0.086115
3273.000000	0.085467
3272.000000	0.084818
3271.000000	0.084178
3270.000000	0.083549
3269.000000	0.082918
3268.000000	0.082255
3267.000000	0.081536
3266.000000	0.080763
3265.000000	0.079959
3264.000000	0.079142
3263.000000	0.078320
3262.000000	0.077497
3261.000000	0.076667
3260.000000	0.075811
3259.000000	0.074917
3258.000000	0.074003
3257.000000	0.073113
3256.000000	0.072294
3255.000000	0.071554
3254.000000	0.070864
3253.000000	0.070173
3252.000000	0.069433
3251.000000	0.068632
3250.000000	0.067802
3249.000000	0.066993
3248.000000	0.066245
3247.000000	0.065581
3246.000000	0.065004
3245.000000	0.064489
3244.000000	0.063991
3243.000000	0.063472
3242.000000	0.062927
3241.000000	0.062371
3240.000000	0.061803
3239.000000	0.061208
3238.000000	0.060570
3237.000000	0.059895
3236.000000	0.059205
3235.000000	0.058544
3234.000000	0.057958
3233.000000	0.057466
3232.000000	0.057039
3231.000000	0.056626
3230.000000	0.056202
3229.000000	0.055781
3228.000000	0.055375
3227.000000	0.054975
3226.000000	0.054557
3225.000000	0.054104
3224.000000	0.053619
3223.000000	0.053120
3222.000000	0.052623
3221.000000	0.052140
3220.000000	0.051667
3219.000000	0.051204
3218.000000	0.050755
3217.000000	0.050325
3216.000000	0.049905
3215.000000	0.049484
3214.000000	0.049064
3213.000000	0.048648
3212.000000	0.048235
3211.000000	0.047814
3210.000000	0.047385
3209.000000	0.046957
3208.000000	0.046532
3207.000000	0.046111
3206.000000	0.045698
3205.000000	0.045301
3204.000000	0.044921
3203.000000	0.044545
3202.000000	0.044165
3201.000000	0.043777
3200.000000	0.043383
3199.000000	0.042988
3198.000000	0.042600
3197.000000	0.042217
3196.000000	0.041832
3195.000000	0.041441
3194.000000	0.041061
3193.000000	0.040711
3192.000000	0.040385
3191.000000	0.040057
3190.000000	0.039713
3189.000000	0.039359
3188.000000	0.039011
3187.000000	0.038674
3186.000000	0.038340
3185.000000	0.038002
3184.000000	0.037655
3183.000000	0.037312
3182.000000	0.036989
3181.000000	0.036691
3180.000000	0.036398
3179.000000	0.036091
3178.000000	0.035774
3177.000000	0.035464
3176.000000	0.035171
3175.000000	0.034891
3174.000000	0.034612
3173.000000	0.034331
3172.000000	0.034044
3171.000000	0.033754
3170.000000	0.033469
3169.000000	0.033199
3168.000000	0.032940
3167.000000	0.032679
3166.000000	0.032413
3165.000000	0.032147
3164.000000	0.031883
3163.000000	0.031620
3162.000000	0.031357
3161.000000	0.031093
3160.000000	0.030827
3159.000000	0.030559
3158.000000	0.030300
3157.000000	0.030056
3156.000000	0.029815
3155.000000	0.029568
3154.000000	0.029328
3153.000000	0.029119
3152.000000	0.028946
3151.000000	0.028786
3150.000000	0.028616
3149.000000	0.028429
3148.000000	0.028235
3147.000000	0.028048
3146.000000	0.027884
3145.000000	0.027737
3144.000000	0.027580
3143.000000	0.027382
3142.000000	0.027145
3141.000000	0.026909
3140.000000	0.026717
3139.000000	0.026583
3138.000000	0.026493
3137.000000	0.026413
3136.000000	0.026316
3135.000000	0.026190
3134.000000	0.026045
3133.000000	0.025892
3132.000000	0.025734
3131.000000	0.025576
3130.000000	0.025436
3129.000000	0.025328
3128.000000	0.025249
3127.000000	0.025171
3126.000000	0.025070
3125.000000	0.024933
3124.000000	0.024762
3123.000000	0.024573
3122.000000	0.024398
3121.000000	0.024260
3120.000000	0.024158
3119.000000	0.024073
3118.000000	0.023994
3117.000000	0.023932
3116.000000	0.023897
3115.000000	0.023890
3114.000000	0.023895
3113.000000	0.023887
3112.000000	0.023842
3111.000000	0.023758
3110.000000	0.023666
3109.000000	0.023610
3108.000000	0.023598
3107.000000	0.023608
3106.000000	0.023609
3105.000000	0.023588
3104.000000	0.023537
3103.000000	0.023455
3102.000000	0.023361
3101.000000	0.023294
3100.000000	0.023282
3099.000000	0.023323
3098.000000	0.023378
3097.000000	0.023407
3096.000000	0.023386
3095.000000	0.023319
3094.000000	0.023231
3093.000000	0.023150
3092.000000	0.023094
3091.000000	0.023063
3090.000000	0.023050
3089.000000	0.023033
3088.000000	0.022990
3087.000000	0.022916
3086.000000	0.022830
3085.000000	0.022757
3084.000000	0.022697
3083.000000	0.022624
3082.000000	0.022526
3081.000000	0.022418
3080.000000	0.022333
3079.000000	0.022290
3078.000000	0.022289
3077.000000	0.022312
3076.000000	0.022334
3075.000000	0.022330
3074.000000	0.022294
3073.000000	0.022229
3072.000000	0.022136
3071.000000	0.022012
3070.000000	0.021863
3069.000000	0.021714
3068.000000	0.021598
3067.000000	0.021530
3066.000000	0.021495
3065.000000	0.021463
3064.000000	0.021404
3063.000000	0.021308
3062.000000	0.021183
3061.000000	0.021040
3060.000000	0.020878
3059.000000	0.020704
3058.000000	0.020536
3057.000000	0.020393
3056.000000	0.020272
3055.000000	0.020150
3054.000000	0.020004
3053.000000	0.019830
3052.000000	0.019649
3051.000000	0.019487
3050.000000	0.019357
3049.000000	0.019240
3048.000000	0.019105
3047.000000	0.018940
3046.000000	0.018762
3045.000000	0.018596
3044.000000	0.018449
3043.000000	0.018325
3042.000000	0.018238
3041.000000	0.018195
3040.000000	0.018178
3039.000000	0.018148
3038.000000	0.018082
3037.000000	0.017983
3036.000000	0.017873
3035.000000	0.017771
3034.000000	0.017694
3033.000000	0.017643
3032.000000	0.017604
3031.000000	0.017556
3030.000000	0.017490
3029.000000	0.017402
3028.000000	0.017295
3027.000000	0.017177
3026.000000	0.017074
3025.000000	0.017001
3024.000000	0.016948
3023.000000	0.016889
3022.000000	0.016806
3021.000000	0.016706
3020.000000	0.016605
3019.000000	0.016519
3018.000000	0.016461
3017.000000	0.016433
3016.000000	0.016426
3015.000000	0.016433
3014.000000	0.016464
3013.000000	0.016538
3012.000000	0.016654
3011.000000	0.016794
3010.000000	0.016936
3009.000000	0.017071
3008.000000	0.017196
3007.000000	0.017312
3006.000000	0.017426
3005.000000	0.017543
3004.000000	0.017667
3003.000000	0.017802
3002.000000	0.017960
3001.000000	0.018148
3000.000000	0.018360
2999.000000	0.018588
2998.000000	0.018832
2997.000000	0.019094
2996.000000	0.019365
2995.000000	0.019638
2994.000000	0.019923
2993.000000	0.020240
2992.000000	0.020592
2991.000000	0.020963
2990.000000	0.021341
2989.000000	0.021727
2988.000000	0.022123
2987.000000	0.022525
2986.000000	0.022928
2985.000000	0.023331
2984.000000	0.023734
2983.000000	0.024133
2982.000000	0.024531
2981.000000	0.024936
2980.000000	0.025350
2979.000000	0.025768
2978.000000	0.026181
2977.000000	0.026579
2976.000000	0.026952
2975.000000	0.027308
2974.000000	0.027669
2973.000000	0.028048
2972.000000	0.028429
2971.000000	0.028788
2970.000000	0.029122
2969.000000	0.029447
2968.000000	0.029769
2967.000000	0.030071
2966.000000	0.030334
2965.000000	0.030547
2964.000000	0.030717
2963.000000	0.030864
2962.000000	0.031003
2961.000000	0.031138
2960.000000	0.031246
2959.000000	0.031310
2958.000000	0.031338
2957.000000	0.031350
2956.000000	0.031346
2955.000000	0.031316
2954.000000	0.031266
2953.000000	0.031225
2952.000000	0.031214
2951.000000	0.031228
2950.000000	0.031257
2949.000000	0.031309
2948.000000	0.031406
2947.000000	0.031570
2946.000000	0.031818
2945.000000	0.032164
2944.000000	0.032602
2943.000000	0.033110
2942.000000	0.033661
2941.000000	0.034226
2940.000000	0.034785
2939.000000	0.035319
2938.000000	0.035824
2937.000000	0.036302
2936.000000	0.036747
2935.000000	0.037146
2934.000000	0.037478
2933.000000	0.037731
2932.000000	0.037910
2931.000000	0.038047
2930.000000	0.038180
2929.000000	0.038316
2928.000000	0.038415
2927.000000	0.038423
2926.000000	0.038320
2925.000000	0.038131
2924.000000	0.037883
2923.000000	0.037582
2922.000000	0.037215
2921.000000	0.036771
2920.000000	0.036248
2919.000000	0.035649
2918.000000	0.034976
2917.000000	0.034226
2916.000000	0.033392
2915.000000	0.032493
2914.000000	0.031577
2913.000000	0.030703
2912.000000	0.029906
2911.000000	0.029201
2910.000000	0.028593
2909.000000	0.028071
2908.000000	0.027612
2907.000000	0.027184
2906.000000	0.026777
2905.000000	0.026398
2904.000000	0.026051
2903.000000	0.025734
2902.000000	0.025445
2901.000000	0.025180
2900.000000	0.024925
2899.000000	0.024666
2898.000000	0.024409
2897.000000	0.024180
2896.000000	0.023994
2895.000000	0.023847
2894.000000	0.023725
2893.000000	0.023615
2892.000000	0.023513
2891.000000	0.023413
2890.000000	0.023314
2889.000000	0.023222
2888.000000	0.023143
2887.000000	0.023080
2886.000000	0.023039
2885.000000	0.023022
2884.000000	0.023026
2883.000000	0.023049
2882.000000	0.023094
2881.000000	0.023160
2880.000000	0.023229
2879.000000	0.023279
2878.000000	0.023297
2877.000000	0.023276
2876.000000	0.023215
2875.000000	0.023132
2874.000000	0.023066
2873.000000	0.023040
2872.000000	0.023030
2871.000000	0.022978
2870.000000	0.022851
2869.000000	0.022659
2868.000000	0.022438
2867.000000	0.022227
2866.000000	0.022049
2865.000000	0.021917
2864.000000	0.021825
2863.000000	0.021768
2862.000000	0.021761
2861.000000	0.021830
2860.000000	0.021978
2859.000000	0.022177
2858.000000	0.022388
2857.000000	0.022576
2856.000000	0.022716
2855.000000	0.022798
2854.000000	0.022828
2853.000000	0.022803
2852.000000	0.022687
2851.000000	0.022417
2850.000000	0.021950
2849.000000	0.021294
2848.000000	0.020497
2847.000000	0.019622
2846.000000	0.018728
2845.000000	0.017862
2844.000000	0.017052
2843.000000	0.016315
2842.000000	0.015658
2841.000000	0.015088
2840.000000	0.014611
2839.000000	0.014225
2838.000000	0.013922
2837.000000	0.013684
2836.000000	0.013481
2835.000000	0.013300
2834.000000	0.013143
2833.000000	0.013015
2832.000000	0.012906
2831.000000	0.012800
2830.000000	0.012692
2829.000000	0.012586
2828.000000	0.012472
2827.000000	0.012336
2826.000000	0.012182
2825.000000	0.012029
2824.000000	0.011897
2823.000000	0.011791
2822.000000	0.011711
2821.000000	0.011652
2820.000000	0.011605
2819.000000	0.011554
2818.000000	0.011494
2817.000000	0.011425
2816.000000	0.011350
2815.000000	0.011267
2814.000000	0.011179
2813.000000	0.011091
2812.000000	0.011007
2811.000000	0.010931
2810.000000	0.010874
2809.000000	0.010837
2808.000000	0.010810
2807.000000	0.010781
2806.000000	0.010750
2805.000000	0.010723
2804.000000	0.010692
2803.000000	0.010642
2802.000000	0.010570
2801.000000	0.010488
2800.000000	0.010405
2799.000000	0.010328
2798.000000	0.010269
2797.000000	0.010238
2796.000000	0.010225
2795.000000	0.010211
2794.000000	0.010186
2793.000000	0.010151
2792.000000	0.010112
2791.000000	0.010074
2790.000000	0.010048
2789.000000	0.010047
2788.000000	0.010067
2787.000000	0.010094
2786.000000	0.010112
2785.000000	0.010110
2784.000000	0.010083
2783.000000	0.010030
2782.000000	0.009969
2781.000000	0.009922
2780.000000	0.009895
2779.000000	0.009879
2778.000000	0.009868
2777.000000	0.009861
2776.000000	0.009857
2775.000000	0.009851
2774.000000	0.009847
2773.000000	0.009851
2772.000000	0.009859
2771.000000	0.009868
2770.000000	0.009878
2769.000000	0.009891
2768.000000	0.009904
2767.000000	0.009906
2766.000000	0.009899
2765.000000	0.009894
2764.000000	0.009891
2763.000000	0.009889
2762.000000	0.009894
2761.000000	0.009917
2760.000000	0.009959
2759.000000	0.010007
2758.000000	0.010050
2757.000000	0.010086
2756.000000	0.010112
2755.000000	0.010124
2754.000000	0.010126
2753.000000	0.010128
2752.000000	0.010137
2751.000000	0.010162
2750.000000	0.010211
2749.000000	0.010289
2748.000000	0.010378
2747.000000	0.010456
2746.000000	0.010519
2745.000000	0.010582
2744.000000	0.010658
2743.000000	0.010749
2742.000000	0.010848
2741.000000	0.010946
2740.000000	0.011036
2739.000000	0.011126
2738.000000	0.011231
2737.000000	0.011356
2736.000000	0.011493
2735.000000	0.011626
2734.000000	0.011760
2733.000000	0.011902
2732.000000	0.012055
2731.000000	0.012206
2730.000000	0.012348
2729.000000	0.012486
2728.000000	0.012629
2727.000000	0.012796
2726.000000	0.012999
2725.000000	0.013236
2724.000000	0.013486
2723.000000	0.013736
2722.000000	0.013994
2721.000000	0.014270
2720.000000	0.014552
2719.000000	0.014829
2718.000000	0.015104
2717.000000	0.015395
2716.000000	0.015700
2715.000000	0.016010
2714.000000	0.016324
2713.000000	0.016654
2712.000000	0.016999
2711.000000	0.017347
2710.000000	0.017695
2709.000000	0.018052
2708.000000	0.018424
2707.000000	0.018806
2706.000000	0.019196
2705.000000	0.019592
2704.000000	0.019987
2703.000000	0.020378
2702.000000	0.020774
2701.000000	0.021187
2700.000000	0.021611
2699.000000	0.022029
2698.000000	0.022436
2697.000000	0.022844
2696.000000	0.023263
2695.000000	0.023689
2694.000000	0.024115
2693.000000	0.024542
2692.000000	0.024974
2691.000000	0.025419
2690.000000	0.025882
2689.000000	0.026353
2688.000000	0.026816
2687.000000	0.027260
2686.000000	0.027701
2685.000000	0.028157
2684.000000	0.028629
2683.000000	0.029102
2682.000000	0.029563
2681.000000	0.030008
2680.000000	0.030439
2679.000000	0.030867
2678.000000	0.031313
2677.000000	0.031789
2676.000000	0.032285
2675.000000	0.032788
2674.000000	0.033291
2673.000000	0.033788
2672.000000	0.034263
2671.000000	0.034714
2670.000000	0.035165
2669.000000	0.035650
2668.000000	0.036169
2667.000000	0.036697
2666.000000	0.037219
2665.000000	0.037734
2664.000000	0.038241
2663.000000	0.038737
2662.000000	0.039229
2661.000000	0.039729
2660.000000	0.040235
2659.000000	0.040734
2658.000000	0.041229
2657.000000	0.041727
2656.000000	0.042232
2655.000000	0.042741
2654.000000	0.043260
2653.000000	0.043795
2652.000000	0.044335
2651.000000	0.044861
2650.000000	0.045371
2649.000000	0.045884
2648.000000	0.046405
2647.000000	0.046921
2646.000000	0.047428
2645.000000	0.047941
2644.000000	0.048475
2643.000000	0.049028
2642.000000	0.049598
2641.000000	0.050180
2640.000000	0.050765
2639.000000	0.051338
2638.000000	0.051896
2637.000000	0.052445
2636.000000	0.052988
2635.000000	0.053525
2634.000000	0.054066
2633.000000	0.054626
2632.000000	0.055197
2631.000000	0.055757
2630.000000	0.056302
2629.000000	0.056851
2628.000000	0.057415
2627.000000	0.057992
2626.000000	0.058570
2625.000000	0.059151
2624.000000	0.059732
2623.000000	0.060310
2622.000000	0.060886
2621.000000	0.061468
2620.000000	0.062057
2619.000000	0.062654
2618.000000	0.063264
2617.000000	0.063884
2616.000000	0.064498
2615.000000	0.065091
2614.000000	0.065676
2613.000000	0.066274
2612.000000	0.066884
2611.000000	0.067486
2610.000000	0.068079
2609.000000	0.068680
2608.000000	0.069295
2607.000000	0.069907
2606.000000	0.070510
2605.000000	0.071113
2604.000000	0.071721
2603.000000	0.072323
2602.000000	0.072909
2601.000000	0.073485
2600.000000	0.074062
2599.000000	0.074649
2598.000000	0.075246
2597.000000	0.075847
2596.000000	0.076437
2595.000000	0.077016
2594.000000	0.077608
2593.000000	0.078229
2592.000000	0.078850
2591.000000	0.079427
2590.000000	0.079947
2589.000000	0.080450
2588.000000	0.080980
2587.000000	0.081544
2586.000000	0.082120
2585.000000	0.082690
2584.000000	0.083242
2583.000000	0.083781
2582.000000	0.084322
2581.000000	0.084878
2580.000000	0.085447
2579.000000	0.086013
2578.000000	0.086581
2577.000000	0.087166
2576.000000	0.087763
2575.000000	0.088341
2574.000000	0.088878
2573.000000	0.089376
2572.000000	0.089853
2571.000000	0.090325
2570.000000	0.090811
2569.000000	0.091327
2568.000000	0.091880
2567.000000	0.092463
2566.000000	0.093057
2565.000000	0.093638
2564.000000	0.094176
2563.000000	0.094659
2562.000000	0.095109
2561.000000	0.095561
2560.000000	0.096032
2559.000000	0.096517
2558.000000	0.097016
2557.000000	0.097533
2556.000000	0.098067
2555.000000	0.098604
2554.000000	0.099140
2553.000000	0.099676
2552.000000	0.100208
2551.000000	0.100725
2550.000000	0.101231
2549.000000	0.101742
2548.000000	0.102258
2547.000000	0.102769
2546.000000	0.103270
2545.000000	0.103771
2544.000000	0.104272
2543.000000	0.104767
2542.000000	0.105257
2541.000000	0.105762
2540.000000	0.106288
2539.000000	0.106816
2538.000000	0.107330
2537.000000	0.107839
2536.000000	0.108362
2535.000000	0.108898
2534.000000	0.109427
2533.000000	0.109932
2532.000000	0.110418
2531.000000	0.110903
2530.000000	0.111399
2529.000000	0.111900
2528.000000	0.112398
2527.000000	0.112895
2526.000000	0.113407
2525.000000	0.113942
2524.000000	0.114474
2523.000000	0.114972
2522.000000	0.115428
2521.000000	0.115869
2520.000000	0.116333
2519.000000	0.116844
2518.000000	0.117396
2517.000000	0.117951
2516.000000	0.118469
2515.000000	0.118935
2514.000000	0.119386
2513.000000	0.119872
2512.000000	0.120413
2511.000000	0.120986
2510.000000	0.121547
2509.000000	0.122067
2508.000000	0.122536
2507.000000	0.122959
2506.000000	0.123357
2505.000000	0.123762
2504.000000	0.124208
2503.000000	0.124713
2502.000000	0.125269
2501.000000	0.125836
2500.000000	0.126374
2499.000000	0.126864
2498.000000	0.127317
2497.000000	0.127751
2496.000000	0.128185
2495.000000	0.128640
2494.000000	0.129128
2493.000000	0.129629
2492.000000	0.130097
2491.000000	0.130510
2490.000000	0.130890
2489.000000	0.131272
2488.000000	0.131667
2487.000000	0.132055
2486.000000	0.132416
2485.000000	0.132737
2484.000000	0.133017
2483.000000	0.133258
2482.000000	0.133471
2481.000000	0.133674
2480.000000	0.133878
2479.000000	0.134089
2478.000000	0.134302
2477.000000	0.134488
2476.000000	0.134608
2475.000000	0.134646
2474.000000	0.134634
2473.000000	0.134613
2472.000000	0.134593
2471.000000	0.134550
2470.000000	0.134465
2469.000000	0.134337
2468.000000	0.134172
2467.000000	0.133963
2466.000000	0.133700
2465.000000	0.133382
2464.000000	0.133021
2463.000000	0.132647
2462.000000	0.132296
2461.000000	0.131988
2460.000000	0.131710
2459.000000	0.131436
2458.000000	0.131157
2457.000000	0.130871
2456.000000	0.130563
2455.000000	0.130215
2454.000000	0.129829
2453.000000	0.129424
2452.000000	0.129019
2451.000000	0.128626
2450.000000	0.128257
2449.000000	0.127927
2448.000000	0.127638
2447.000000	0.127379
2446.000000	0.127141
2445.000000	0.126913
2444.000000	0.126682
2443.000000	0.126444
2442.000000	0.126228
2441.000000	0.126068
2440.000000	0.125967
2439.000000	0.125893
2438.000000	0.125822
2437.000000	0.125762
2436.000000	0.125725
2435.000000	0.125714
2434.000000	0.125722
2433.000000	0.125744
2432.000000	0.125775
2431.000000	0.125805
2430.000000	0.125831
2429.000000	0.125860
2428.000000	0.125901
2427.000000	0.125955
2426.000000	0.126012
2425.000000	0.126065
2424.000000	0.126098
2423.000000	0.126096
2422.000000	0.126049
2421.000000	0.125953
2420.000000	0.125815
2419.000000	0.125650
2418.000000	0.125468
2417.000000	0.125266
2416.000000	0.125025
2415.000000	0.124729
2414.000000	0.124380
2413.000000	0.123982
2412.000000	0.123527
2411.000000	0.123007
2410.000000	0.122440
2409.000000	0.121858
2408.000000	0.121273
2407.000000	0.120666
2406.000000	0.120008
2405.000000	0.119287
2404.000000	0.118506
2403.000000	0.117687
2402.000000	0.116861
2401.000000	0.116050
2400.000000	0.115245
2399.000000	0.114419
2398.000000	0.113552
2397.000000	0.112647
2396.000000	0.111719
2395.000000	0.110788
2394.000000	0.109877
2393.000000	0.108991
2392.000000	0.108101
2391.000000	0.107172
2390.000000	0.106192
2389.000000	0.105184
2388.000000	0.104169
2387.000000	0.103149
2386.000000	0.102118
2385.000000	0.101075
2384.000000	0.100024
2383.000000	0.098985
2382.000000	0.097986
2381.000000	0.097044
2380.000000	0.096142
2379.000000	0.095251
2378.000000	0.094362
2377.000000	0.093481
2376.000000	0.092611
2375.000000	0.091743
2374.000000	0.090880
2373.000000	0.090015
2372.000000	0.089123
2371.000000	0.088176
2370.000000	0.087185
2369.000000	0.086195
2368.000000	0.085244
2367.000000	0.084353
2366.000000	0.083523
2365.000000	0.082726
2364.000000	0.081924
2363.000000	0.081114
2362.000000	0.080330
2361.000000	0.079571
2360.000000	0.078783
2359.000000	0.077925
2358.000000	0.077001
2357.000000	0.076075
2356.000000	0.075197
2355.000000	0.074397
2354.000000	0.073631
2353.000000	0.072819
2352.000000	0.071946
2351.000000	0.071080
2350.000000	0.070289
2349.000000	0.069571
2348.000000	0.068868
2347.000000	0.068099
2346.000000	0.067244
2345.000000	0.066397
2344.000000	0.065637
2343.000000	0.064937
2342.000000	0.064210
2341.000000	0.063441
2340.000000	0.062681
2339.000000	0.061965
2338.000000	0.061267
2337.000000	0.060533
2336.000000	0.059753
2335.000000	0.058950
2334.000000	0.058171
2333.000000	0.057413
2332.000000	0.056676
2331.000000	0.055959
2330.000000	0.055327
2329.000000	0.054802
2328.000000	0.054345
2327.000000	0.053831
2326.000000	0.053180
2325.000000	0.052402
2324.000000	0.051582
2323.000000	0.050808
2322.000000	0.050139
2321.000000	0.049573
2320.000000	0.049057
2319.000000	0.048515
2318.000000	0.047944
2317.000000	0.047375
2316.000000	0.046828
2315.000000	0.046256
2314.000000	0.045640
2313.000000	0.044996
2312.000000	0.044365
2311.000000	0.043746
2310.000000	0.043142
2309.000000	0.042559
2308.000000	0.042003
2307.000000	0.041449
2306.000000	0.040898
2305.000000	0.040379
2304.000000	0.039911
2303.000000	0.039464
2302.000000	0.039017
2301.000000	0.038570
2300.000000	0.038139
2299.000000	0.037707
2298.000000	0.037276
2297.000000	0.036865
2296.000000	0.036508
2295.000000	0.036194
2294.000000	0.035899
2293.000000	0.035592
2292.000000	0.035246
2291.000000	0.034845
2290.000000	0.034409
2289.000000	0.033977
2288.000000	0.033562
2287.000000	0.033150
2286.000000	0.032738
2285.000000	0.032352
2284.000000	0.032000
2283.000000	0.031666
2282.000000	0.031342
2281.000000	0.031039
2280.000000	0.030743
2279.000000	0.030421
2278.000000	0.030068
2277.000000	0.029729
2276.000000	0.029427
2275.000000	0.029138
2274.000000	0.028838
2273.000000	0.028532
2272.000000	0.028230
2271.000000	0.027924
2270.000000	0.027621
2269.000000	0.027342
2268.000000	0.027085
2267.000000	0.026820
2266.000000	0.026537
2265.000000	0.026255
2264.000000	0.025983
2263.000000	0.025712
2262.000000	0.025459
2261.000000	0.025248
2260.000000	0.025059
2259.000000	0.024835
2258.000000	0.024558
2257.000000	0.024257
2256.000000	0.023944
2255.000000	0.023608
2254.000000	0.023276
2253.000000	0.023023
2252.000000	0.022902
2251.000000	0.022890
2250.000000	0.022912
2249.000000	0.022871
2248.000000	0.022693
2247.000000	0.022388
2246.000000	0.022068
2245.000000	0.021836
2244.000000	0.021685
2243.000000	0.021549
2242.000000	0.021414
2241.000000	0.021296
2240.000000	0.021157
2239.000000	0.020943
2238.000000	0.020703
2237.000000	0.020541
2236.000000	0.020472
2235.000000	0.020405
2234.000000	0.020267
2233.000000	0.020057
2232.000000	0.019792
2231.000000	0.019499
2230.000000	0.019258
2229.000000	0.019131
2228.000000	0.019066
2227.000000	0.018959
2226.000000	0.018797
2225.000000	0.018645
2224.000000	0.018511
2223.000000	0.018354
2222.000000	0.018190
2221.000000	0.018081
2220.000000	0.018002
2219.000000	0.017869
2218.000000	0.017679
2217.000000	0.017513
2216.000000	0.017394
2215.000000	0.017282
2214.000000	0.017183
2213.000000	0.017139
2212.000000	0.017105
2211.000000	0.016963
2210.000000	0.016698
2209.000000	0.016425
2208.000000	0.016239
2207.000000	0.016142
2206.000000	0.016094
2205.000000	0.016033
2204.000000	0.015874
2203.000000	0.015610
2202.000000	0.015396
2201.000000	0.015391
2200.000000	0.015546
2199.000000	0.015667
2198.000000	0.015666
2197.000000	0.015577
2196.000000	0.015403
2195.000000	0.015126
2194.000000	0.014858
2193.000000	0.014762
2192.000000	0.014823
2191.000000	0.014861
2190.000000	0.014787
2189.000000	0.014669
2188.000000	0.014562
2187.000000	0.014440
2186.000000	0.014316
2185.000000	0.014217
2184.000000	0.014057
2183.000000	0.013733
2182.000000	0.013356
2181.000000	0.013167
2180.000000	0.013184
2179.000000	0.013180
2178.000000	0.013020
2177.000000	0.012814
2176.000000	0.012726
2175.000000	0.012809
2174.000000	0.013063
2173.000000	0.013420
2172.000000	0.013673
2171.000000	0.013622
2170.000000	0.013330
2169.000000	0.013059
2168.000000	0.012930
2167.000000	0.012824
2166.000000	0.012654
2165.000000	0.012480
2164.000000	0.012298
2163.000000	0.011972
2162.000000	0.011471
2161.000000	0.010996
2160.000000	0.010740
2159.000000	0.010686
2158.000000	0.010721
2157.000000	0.010751
2156.000000	0.010683
2155.000000	0.010509
2154.000000	0.010388
2153.000000	0.010466
2152.000000	0.010647
2151.000000	0.010715
2150.000000	0.010624
2149.000000	0.010499
2148.000000	0.010409
2147.000000	0.010324
2146.000000	0.010272
2145.000000	0.010330
2144.000000	0.010481
2143.000000	0.010633
2142.000000	0.010756
2141.000000	0.010857
2140.000000	0.010873
2139.000000	0.010736
2138.000000	0.010525
2137.000000	0.010375
2136.000000	0.010296
2135.000000	0.010215
2134.000000	0.010157
2133.000000	0.010195
2132.000000	0.010291
2131.000000	0.010337
2130.000000	0.010331
2129.000000	0.010356
2128.000000	0.010403
2127.000000	0.010381
2126.000000	0.010290
2125.000000	0.010241
2124.000000	0.010292
2123.000000	0.010380
2122.000000	0.010435
2121.000000	0.010450
2120.000000	0.010432
2119.000000	0.010387
2118.000000	0.010360
2117.000000	0.010386
2116.000000	0.010411
2115.000000	0.010344
2114.000000	0.010199
2113.000000	0.010080
2112.000000	0.010041
2111.000000	0.010042
2110.000000	0.010052
2109.000000	0.010065
2108.000000	0.010045
2107.000000	0.009957
2106.000000	0.009855
2105.000000	0.009834
2104.000000	0.009884
2103.000000	0.009918
2102.000000	0.009915
2101.000000	0.009917
2100.000000	0.009900
2099.000000	0.009792
2098.000000	0.009624
2097.000000	0.009531
2096.000000	0.009571
2095.000000	0.009673
2094.000000	0.009763
2093.000000	0.009822
2092.000000	0.009828
2091.000000	0.009752
2090.000000	0.009648
2089.000000	0.009606
2088.000000	0.009626
2087.000000	0.009626
2086.000000	0.009575
2085.000000	0.009515
2084.000000	0.009447
2083.000000	0.009340
2082.000000	0.009239
2081.000000	0.009244
2080.000000	0.009365
2079.000000	0.009509
2078.000000	0.009627
2077.000000	0.009729
2076.000000	0.009765
2075.000000	0.009654
2074.000000	0.009434
2073.000000	0.009266
2072.000000	0.009231
2071.000000	0.009271
2070.000000	0.009312
2069.000000	0.009332
2068.000000	0.009291
2067.000000	0.009158
2066.000000	0.009007
2065.000000	0.008975
2064.000000	0.009072
2063.000000	0.009172
2062.000000	0.009194
2061.000000	0.009154
2060.000000	0.009072
2059.000000	0.008954
2058.000000	0.008854
2057.000000	0.008827
2056.000000	0.008834
2055.000000	0.008833
2054.000000	0.008893
2053.000000	0.009070
2052.000000	0.009225
2051.000000	0.009158
2050.000000	0.008897
2049.000000	0.008667
2048.000000	0.008565
2047.000000	0.008513
2046.000000	0.008494
2045.000000	0.008555
2044.000000	0.008597
2043.000000	0.008473
2042.000000	0.008284
2041.000000	0.008285
2040.000000	0.008506
2039.000000	0.008746
2038.000000	0.008925
2037.000000	0.009106
2036.000000	0.009197
2035.000000	0.009001
2034.000000	0.008618
2033.000000	0.008425
2032.000000	0.008582
2031.000000	0.008886
2030.000000	0.009124
2029.000000	0.009231
2028.000000	0.009142
2027.000000	0.008820
2026.000000	0.008452
2025.000000	0.008280
2024.000000	0.008253
2023.000000	0.008157
2022.000000	0.008024
2021.000000	0.008052
2020.000000	0.008178
2019.000000	0.008138
2018.000000	0.007902
2017.000000	0.007700
2016.000000	0.007611
2015.000000	0.007532
2014.000000	0.007509
2013.000000	0.007690
2012.000000	0.007952
2011.000000	0.008011
2010.000000	0.007895
2009.000000	0.007923
2008.000000	0.008162
2007.000000	0.008315
2006.000000	0.008223
2005.000000	0.008062
2004.000000	0.007975
2003.000000	0.007918
2002.000000	0.007908
2001.000000	0.008091
2000.000000	0.008449
1999.000000	0.008745
1998.000000	0.008822
1997.000000	0.008741
1996.000000	0.008590
1995.000000	0.008380
1994.000000	0.008171
1993.000000	0.008069
1992.000000	0.008044
1991.000000	0.007983
1990.000000	0.007942
1989.000000	0.008082
1988.000000	0.008354
1987.000000	0.008525
1986.000000	0.008525
1985.000000	0.008506
1984.000000	0.008533
1983.000000	0.008493
1982.000000	0.008332
1981.000000	0.008119
1980.000000	0.007851
1979.000000	0.007491
1978.000000	0.007212
1977.000000	0.007262
1976.000000	0.007541
1975.000000	0.007715
1974.000000	0.007716
1973.000000	0.007742
1972.000000	0.007838
1971.000000	0.007851
1970.000000	0.007774
1969.000000	0.007771
1968.000000	0.007854
1967.000000	0.007879
1966.000000	0.007867
1965.000000	0.007970
1964.000000	0.008128
1963.000000	0.008109
1962.000000	0.007893
1961.000000	0.007719
1960.000000	0.007708
1959.000000	0.007752
1958.000000	0.007782
1957.000000	0.007856
1956.000000	0.007962
1955.000000	0.008004
1954.000000	0.007997
1953.000000	0.008050
1952.000000	0.008155
1951.000000	0.008188
1950.000000	0.008134
1949.000000	0.008086
1948.000000	0.008053
1947.000000	0.007967
1946.000000	0.007876
1945.000000	0.007898
1944.000000	0.008012
1943.000000	0.008080
1942.000000	0.008088
1941.000000	0.008154
1940.000000	0.008295
1939.000000	0.008410
1938.000000	0.008461
1937.000000	0.008476
1936.000000	0.008435
1935.000000	0.008319
1934.000000	0.008249
1933.000000	0.008356
1932.000000	0.008557
1931.000000	0.008647
1930.000000	0.008601
1929.000000	0.008579
1928.000000	0.008639
1927.000000	0.008684
1926.000000	0.008669
1925.000000	0.008661
1924.000000	0.008673
1923.000000	0.008625
1922.000000	0.008513
1921.000000	0.008432
1920.000000	0.008410
1919.000000	0.008385
1918.000000	0.008353
1917.000000	0.008393
1916.000000	0.008507
1915.000000	0.008608
1914.000000	0.008673
1913.000000	0.008743
1912.000000	0.008797
1911.000000	0.008760
1910.000000	0.008654
1909.000000	0.008592
1908.000000	0.008604
1907.000000	0.008624
1906.000000	0.008640
1905.000000	0.008707
1904.000000	0.008816
1903.000000	0.008886
1902.000000	0.008898
1901.000000	0.008898
1900.000000	0.008877
1899.000000	0.008792
1898.000000	0.008700
1897.000000	0.008718
1896.000000	0.008845
1895.000000	0.008954
1894.000000	0.008979
1893.000000	0.008975
1892.000000	0.008969
1891.000000	0.008921
1890.000000	0.008836
1889.000000	0.008781
1888.000000	0.008779
1887.000000	0.008794
1886.000000	0.008828
1885.000000	0.008906
1884.000000	0.008979
1883.000000	0.008971
1882.000000	0.008914
1881.000000	0.008908
1880.000000	0.008961
1879.000000	0.009000
1878.000000	0.009012
1877.000000	0.009058
1876.000000	0.009136
1875.000000	0.009179
1874.000000	0.009175
1873.000000	0.009187
1872.000000	0.009235
1871.000000	0.009274
1870.000000	0.009283
1869.000000	0.009272
1868.000000	0.009214
1867.000000	0.009097
1866.000000	0.008999
1865.000000	0.009002
1864.000000	0.009074
1863.000000	0.009126
1862.000000	0.009146
1861.000000	0.009178
1860.000000	0.009198
1859.000000	0.009150
1858.000000	0.009087
1857.000000	0.009110
1856.000000	0.009205
1855.000000	0.009267
1854.000000	0.009269
1853.000000	0.009273
1852.000000	0.009289
1851.000000	0.009271
1850.000000	0.009232
1849.000000	0.009229
1848.000000	0.009236
1847.000000	0.009175
1846.000000	0.009071
1845.000000	0.009036
1844.000000	0.009073
1843.000000	0.009085
1842.000000	0.009090
1841.000000	0.009159
1840.000000	0.009268
1839.000000	0.009331
1838.000000	0.009347
1837.000000	0.009399
1836.000000	0.009505
1835.000000	0.009587
1834.000000	0.009616
1833.000000	0.009640
1832.000000	0.009673
1831.000000	0.009662
1830.000000	0.009590
1829.000000	0.009536
1828.000000	0.009556
1827.000000	0.009608
1826.000000	0.009647
1825.000000	0.009664
1824.000000	0.009641
1823.000000	0.009571
1822.000000	0.009508
1821.000000	0.009507
1820.000000	0.009534
1819.000000	0.009515
1818.000000	0.009469
1817.000000	0.009475
1816.000000	0.009537
1815.000000	0.009586
1814.000000	0.009620
1813.000000	0.009692
1812.000000	0.009786
1811.000000	0.009825
1810.000000	0.009802
1809.000000	0.009800
1808.000000	0.009838
1807.000000	0.009857
1806.000000	0.009854
1805.000000	0.009903
1804.000000	0.010024
1803.000000	0.010148
1802.000000	0.010223
1801.000000	0.010251
1800.000000	0.010239
1799.000000	0.010192
1798.000000	0.010168
1797.000000	0.010225
1796.000000	0.010312
1795.000000	0.010342
1794.000000	0.010336
1793.000000	0.010384
1792.000000	0.010471
1791.000000	0.010499
1790.000000	0.010485
1789.000000	0.010519
1788.000000	0.010604
1787.000000	0.010678
1786.000000	0.010720
1785.000000	0.010770
1784.000000	0.010829
1783.000000	0.010868
1782.000000	0.010914
1781.000000	0.011004
1780.000000	0.011100
1779.000000	0.011130
1778.000000	0.011126
1777.000000	0.011160
1776.000000	0.011191
1775.000000	0.011134
1774.000000	0.011050
1773.000000	0.011092
1772.000000	0.011258
1771.000000	0.011409
1770.000000	0.011524
1769.000000	0.011670
1768.000000	0.011822
1767.000000	0.011886
1766.000000	0.011889
1765.000000	0.011943
1764.000000	0.012076
1763.000000	0.012206
1762.000000	0.012296
1761.000000	0.012416
1760.000000	0.012624
1759.000000	0.012866
1758.000000	0.013115
1757.000000	0.013396
1756.000000	0.013675
1755.000000	0.013892
1754.000000	0.014090
1753.000000	0.014391
1752.000000	0.014834
1751.000000	0.015304
1750.000000	0.015727
1749.000000	0.016176
1748.000000	0.016632
1747.000000	0.016997
1746.000000	0.017313
1745.000000	0.017711
1744.000000	0.018160
1743.000000	0.018479
1742.000000	0.018642
1741.000000	0.018844
1740.000000	0.019177
1739.000000	0.019472
1738.000000	0.019610
1737.000000	0.019666
1736.000000	0.019748
1735.000000	0.019888
1734.000000	0.020037
1733.000000	0.020253
1732.000000	0.020623
1731.000000	0.021006
1730.000000	0.021273
1729.000000	0.021481
1728.000000	0.021682
1727.000000	0.021845
1726.000000	0.022001
1725.000000	0.022256
1724.000000	0.022599
1723.000000	0.022873
1722.000000	0.023032
1721.000000	0.023203
1720.000000	0.023459
1719.000000	0.023740
1718.000000	0.024000
1717.000000	0.024352
1716.000000	0.024868
1715.000000	0.025407
1714.000000	0.025873
1713.000000	0.026353
1712.000000	0.026883
1711.000000	0.027371
1710.000000	0.027797
1709.000000	0.028289
1708.000000	0.028936
1707.000000	0.029697
1706.000000	0.030538
1705.000000	0.031457
1704.000000	0.032323
1703.000000	0.033059
1702.000000	0.034081
1701.000000	0.036198
1700.000000	0.039280
1699.000000	0.042131
1698.000000	0.044611
1697.000000	0.047561
1696.000000	0.051352
1695.000000	0.055164
1694.000000	0.058222
1693.000000	0.060723
1692.000000	0.063027
1691.000000	0.065233
1690.000000	0.067301
1689.000000	0.069141
1688.000000	0.070605
1687.000000	0.071689
1686.000000	0.072823
1685.000000	0.074688
1684.000000	0.077139
1683.000000	0.079237
1682.000000	0.080895
1681.000000	0.082595
1680.000000	0.084455
1679.000000	0.086248
1678.000000	0.087913
1677.000000	0.089805
1676.000000	0.092245
1675.000000	0.094921
1674.000000	0.097291
1673.000000	0.099399
1672.000000	0.101594
1671.000000	0.104067
1670.000000	0.106869
1669.000000	0.109889
1668.000000	0.112797
1667.000000	0.115303
1666.000000	0.117506
1665.000000	0.119843
1664.000000	0.122675
1663.000000	0.125859
1662.000000	0.128950
1661.000000	0.131821
1660.000000	0.134623
1659.000000	0.137372
1658.000000	0.139951
1657.000000	0.142288
1656.000000	0.144426
1655.000000	0.146774
1654.000000	0.150280
1653.000000	0.155048
1652.000000	0.159235
1651.000000	0.162143
1650.000000	0.164487
1649.000000	0.166979
1648.000000	0.170111
1647.000000	0.173687
1646.000000	0.176948
1645.000000	0.179708
1644.000000	0.182275
1643.000000	0.184721
1642.000000	0.187062
1641.000000	0.189432
1640.000000	0.191805
1639.000000	0.193937
1638.000000	0.195844
1637.000000	0.198075
1636.000000	0.200970
1635.000000	0.203844
1634.000000	0.206069
1633.000000	0.207980
1632.000000	0.209926
1631.000000	0.211891
1630.000000	0.213886
1629.000000	0.216110
1628.000000	0.218583
1627.000000	0.220978
1626.000000	0.223178
1625.000000	0.225606
1624.000000	0.228668
1623.000000	0.232067
1622.000000	0.235176
1621.000000	0.237902
1620.000000	0.240503
1619.000000	0.243111
1618.000000	0.245839
1617.000000	0.248757
1616.000000	0.251389
1615.000000	0.252945
1614.000000	0.253173
1613.000000	0.252304
1612.000000	0.250438
1611.000000	0.247290
1610.000000	0.242640
1609.000000	0.236728
1608.000000	0.229969
1607.000000	0.222568
1606.000000	0.214635
1605.000000	0.206416
1604.000000	0.198121
1603.000000	0.189792
1602.000000	0.181465
1601.000000	0.173332
1600.000000	0.165621
1599.000000	0.158406
1598.000000	0.151632
1597.000000	0.145248
1596.000000	0.139261
1595.000000	0.133689
1594.000000	0.128529
1593.000000	0.123776
1592.000000	0.119437
1591.000000	0.115519
1590.000000	0.111991
1589.000000	0.108801
1588.000000	0.105928
1587.000000	0.103362
1586.000000	0.101045
1585.000000	0.098898
1584.000000	0.096893
1583.000000	0.095071
1582.000000	0.093447
1581.000000	0.091981
1580.000000	0.090626
1579.000000	0.089374
1578.000000	0.088258
1577.000000	0.087338
1576.000000	0.086678
1575.000000	0.086322
1574.000000	0.086209
1573.000000	0.086141
1572.000000	0.086038
1571.000000	0.086073
1570.000000	0.086389
1569.000000	0.086830
1568.000000	0.087207
1567.000000	0.087588
1566.000000	0.088108
1565.000000	0.088744
1564.000000	0.089296
1563.000000	0.089592
1562.000000	0.089665
1561.000000	0.089867
1560.000000	0.090774
1559.000000	0.092373
1558.000000	0.093722
1557.000000	0.094571
1556.000000	0.095273
1555.000000	0.095983
1554.000000	0.096729
1553.000000	0.097475
1552.000000	0.098200
1551.000000	0.098923
1550.000000	0.099615
1549.000000	0.100171
1548.000000	0.100558
1547.000000	0.100912
1546.000000	0.101379
1545.000000	0.101915
1544.000000	0.102306
1543.000000	0.102468
1542.000000	0.102591
1541.000000	0.102935
1540.000000	0.103474
1539.000000	0.103970
1538.000000	0.104413
1537.000000	0.104853
1536.000000	0.105214
1535.000000	0.105522
1534.000000	0.105887
1533.000000	0.106207
1532.000000	0.106319
1531.000000	0.106270
1530.000000	0.106210
1529.000000	0.106199
1528.000000	0.106175
1527.000000	0.106056
1526.000000	0.105831
1525.000000	0.105510
1524.000000	0.105091
1523.000000	0.104638
1522.000000	0.104287
1521.000000	0.104063
1520.000000	0.103865
1519.000000	0.103668
1518.000000	0.103465
1517.000000	0.103105
1516.000000	0.102328
1515.000000	0.101037
1514.000000	0.099374
1513.000000	0.097473
1512.000000	0.095400
1511.000000	0.093243
1510.000000	0.091116
1509.000000	0.089040
1508.000000	0.086840
1507.000000	0.084285
1506.000000	0.081746
1505.000000	0.079975
1504.000000	0.079012
1503.000000	0.078368
1502.000000	0.077765
1501.000000	0.077246
1500.000000	0.076874
1499.000000	0.076586
1498.000000	0.076384
1497.000000	0.076400
1496.000000	0.076630
1495.000000	0.076930
1494.000000	0.077314
1493.000000	0.077933
1492.000000	0.078902
1491.000000	0.080243
1490.000000	0.081917
1489.000000	0.083835
1488.000000	0.085855
1487.000000	0.087902
1486.000000	0.090057
1485.000000	0.092402
1484.000000	0.094919
1483.000000	0.097641
1482.000000	0.100690
1481.000000	0.104027
1480.000000	0.107370
1479.000000	0.110614
1478.000000	0.114023
1477.000000	0.117800
1476.000000	0.121706
1475.000000	0.125520
1474.000000	0.129637
1473.000000	0.134512
1472.000000	0.139601
1471.000000	0.143943
1470.000000	0.147472
1469.000000	0.150621
1468.000000	0.153625
1467.000000	0.156613
1466.000000	0.159833
1465.000000	0.163323
1464.000000	0.166597
1463.000000	0.169252
1462.000000	0.171459
1461.000000	0.173523
1460.000000	0.175546
1459.000000	0.177752
1458.000000	0.180738
1457.000000	0.184563
1456.000000	0.187962
1455.000000	0.190219
1454.000000	0.191875
1453.000000	0.193411
1452.000000	0.194836
1451.000000	0.196060
1450.000000	0.197234
1449.000000	0.198537
1448.000000	0.199834
1447.000000	0.200870
1446.000000	0.201672
1445.000000	0.202364
1444.000000	0.202917
1443.000000	0.203289
1442.000000	0.203558
1441.000000	0.203702
1440.000000	0.203527
1439.000000	0.202986
1438.000000	0.202290
1437.000000	0.201497
1436.000000	0.200265
1435.000000	0.198481
1434.000000	0.196418
1433.000000	0.194156
1432.000000	0.191533
1431.000000	0.188486
1430.000000	0.185159
1429.000000	0.181718
1428.000000	0.178259
1427.000000	0.174869
1426.000000	0.171564
1425.000000	0.168203
1424.000000	0.164691
1423.000000	0.161178
1422.000000	0.157842
1421.000000	0.154633
1420.000000	0.151404
1419.000000	0.148162
1418.000000	0.145068
1417.000000	0.142168
1416.000000	0.139353
1415.000000	0.136586
1414.000000	0.133896
1413.000000	0.131276
1412.000000	0.128717
1411.000000	0.126259
1410.000000	0.123905
1409.000000	0.121611
1408.000000	0.119410
1407.000000	0.117392
1406.000000	0.115537
1405.000000	0.113687
1404.000000	0.111796
1403.000000	0.109993
1402.000000	0.108353
1401.000000	0.106816
1400.000000	0.105358
1399.000000	0.104045
1398.000000	0.102876
1397.000000	0.101761
1396.000000	0.100687
1395.000000	0.099730
1394.000000	0.098892
1393.000000	0.098101
1392.000000	0.097383
1391.000000	0.096814
1390.000000	0.096378
1389.000000	0.095995
1388.000000	0.095643
1387.000000	0.095335
1386.000000	0.095013
1385.000000	0.094604
1384.000000	0.094166
1383.000000	0.093808
1382.000000	0.093535
1381.000000	0.093272
1380.000000	0.093023
1379.000000	0.092855
1378.000000	0.092744
1377.000000	0.092612
1376.000000	0.092492
1375.000000	0.092467
1374.000000	0.092479
1373.000000	0.092357
1372.000000	0.092074
1371.000000	0.091728
1370.000000	0.091316
1369.000000	0.090725
1368.000000	0.089926
1367.000000	0.089029
1366.000000	0.088115
1365.000000	0.087182
1364.000000	0.086248
1363.000000	0.085370
1362.000000	0.084536
1361.000000	0.083683
1360.000000	0.082850
1359.000000	0.082136
1358.000000	0.081551
1357.000000	0.081018
1356.000000	0.080515
1355.000000	0.080090
1354.000000	0.079737
1353.000000	0.079398
1352.000000	0.079076
1351.000000	0.078832
1350.000000	0.078654
1349.000000	0.078462
1348.000000	0.078254
1347.000000	0.078103
1346.000000	0.078010
1345.000000	0.077898
1344.000000	0.077756
1343.000000	0.077666
1342.000000	0.077657
1341.000000	0.077670
1340.000000	0.077653
1339.000000	0.077606
1338.000000	0.077503
1337.000000	0.077300
1336.000000	0.077020
1335.000000	0.076728
1334.000000	0.076422
1333.000000	0.076054
1332.000000	0.075640
1331.000000	0.075243
1330.000000	0.074856
1329.000000	0.074417
1328.000000	0.073931
1327.000000	0.073462
1326.000000	0.073006
1325.000000	0.072496
1324.000000	0.071939
1323.000000	0.071415
1322.000000	0.070947
1321.000000	0.070484
1320.000000	0.070017
1319.000000	0.069593
1318.000000	0.069199
1317.000000	0.068772
1316.000000	0.068318
1315.000000	0.067913
1314.000000	0.067565
1313.000000	0.067204
1312.000000	0.066811
1311.000000	0.066449
1310.000000	0.066134
1309.000000	0.065814
1308.000000	0.065478
1307.000000	0.065175
1306.000000	0.064914
1305.000000	0.064656
1304.000000	0.064407
1303.000000	0.064213
1302.000000	0.064064
1301.000000	0.063894
1300.000000	0.063705
1299.000000	0.063558
1298.000000	0.063461
1297.000000	0.063361
1296.000000	0.063249
1295.000000	0.063175
1294.000000	0.063140
1293.000000	0.063093
1292.000000	0.063031
1291.000000	0.063011
1290.000000	0.063039
1289.000000	0.063055
1288.000000	0.063044
1287.000000	0.063045
1286.000000	0.063057
1285.000000	0.063035
1284.000000	0.062981
1283.000000	0.062948
1282.000000	0.062935
1281.000000	0.062898
1280.000000	0.062841
1279.000000	0.062820
1278.000000	0.062841
1277.000000	0.062856
1276.000000	0.062864
1275.000000	0.062921
1274.000000	0.063035
1273.000000	0.063168
1272.000000	0.063322
1271.000000	0.063541
1270.000000	0.063816
1269.000000	0.064095
1268.000000	0.064388
1267.000000	0.064746
1266.000000	0.065146
1265.000000	0.065513
1264.000000	0.065849
1263.000000	0.066230
1262.000000	0.066676
1261.000000	0.067125
1260.000000	0.067546
1259.000000	0.067968
1258.000000	0.068388
1257.000000	0.068765
1256.000000	0.069112
1255.000000	0.069478
1254.000000	0.069858
1253.000000	0.070199
1252.000000	0.070512
1251.000000	0.070860
1250.000000	0.071256
1249.000000	0.071664
1248.000000	0.072085
1247.000000	0.072556
1246.000000	0.073058
1245.000000	0.073533
1244.000000	0.073988
1243.000000	0.074482
1242.000000	0.075013
1241.000000	0.075525
1240.000000	0.076019
1239.000000	0.076554
1238.000000	0.077126
1237.000000	0.077673
1236.000000	0.078187
1235.000000	0.078723
1234.000000	0.079303
1233.000000	0.079886
1232.000000	0.080466
1231.000000	0.081075
1230.000000	0.081699
1229.000000	0.082292
1228.000000	0.082863
1227.000000	0.083464
1226.000000	0.084082
1225.000000	0.084640
1224.000000	0.085114
1223.000000	0.085550
1222.000000	0.085961
1221.000000	0.086316
1220.000000	0.086619
1219.000000	0.086916
1218.000000	0.087198
1217.000000	0.087399
1216.000000	0.087509
1215.000000	0.087571
1214.000000	0.087586
1213.000000	0.087493
1212.000000	0.087281
1211.000000	0.087010
1210.000000	0.086711
1209.000000	0.086350
1208.000000	0.085906
1207.000000	0.085396
1206.000000	0.084811
1205.000000	0.084120
1204.000000	0.083345
1203.000000	0.082547
1202.000000	0.081733
1201.000000	0.080864
1200.000000	0.079945
1199.000000	0.079031
1198.000000	0.078121
1197.000000	0.077168
1196.000000	0.076176
1195.000000	0.075203
1194.000000	0.074263
1193.000000	0.073312
1192.000000	0.072356
1191.000000	0.071454
1190.000000	0.070611
1189.000000	0.069780
1188.000000	0.068969
1187.000000	0.068257
1186.000000	0.067660
1185.000000	0.067130
1184.000000	0.066672
1183.000000	0.066358
1182.000000	0.066209
1181.000000	0.066163
1180.000000	0.066197
1179.000000	0.066362
1178.000000	0.066678
1177.000000	0.067089
1176.000000	0.067556
1175.000000	0.068075
1174.000000	0.068603
1173.000000	0.069062
1172.000000	0.069439
1171.000000	0.069783
1170.000000	0.070092
1169.000000	0.070305
1168.000000	0.070409
1167.000000	0.070451
1166.000000	0.070440
1165.000000	0.070333
1164.000000	0.070138
1163.000000	0.069910
1162.000000	0.069640
1161.000000	0.069262
1160.000000	0.068768
1159.000000	0.068218
1158.000000	0.067622
1157.000000	0.066921
1156.000000	0.066115
1155.000000	0.065276
1154.000000	0.064439
1153.000000	0.063584
1152.000000	0.062727
1151.000000	0.061920
1150.000000	0.061143
1149.000000	0.060333
1148.000000	0.059523
1147.000000	0.058817
1146.000000	0.058229
1145.000000	0.057665
1144.000000	0.057091
1143.000000	0.056578
1142.000000	0.056167
1141.000000	0.055808
1140.000000	0.055468
1139.000000	0.055180
1138.000000	0.054940
1137.000000	0.054684
1136.000000	0.054404
1135.000000	0.054156
1134.000000	0.053946
1133.000000	0.053714
1132.000000	0.053447
1131.000000	0.053203
1130.000000	0.052994
1129.000000	0.052775
1128.000000	0.052549
1127.000000	0.052374
1126.000000	0.052245
1125.000000	0.052099
1124.000000	0.051942
1123.000000	0.051849
1122.000000	0.051819
1121.000000	0.051783
1120.000000	0.051746
1119.000000	0.051794
1118.000000	0.051929
1117.000000	0.052055
1116.000000	0.052143
1115.000000	0.052281
1114.000000	0.052513
1113.000000	0.052781
1112.000000	0.053044
1111.000000	0.053333
1110.000000	0.053652
1109.000000	0.053965
1108.000000	0.054295
1107.000000	0.054710
1106.000000	0.055183
1105.000000	0.055615
1104.000000	0.056010
1103.000000	0.056480
1102.000000	0.057064
1101.000000	0.057674
1100.000000	0.058250
1099.000000	0.058827
1098.000000	0.059422
1097.000000	0.059995
1096.000000	0.060565
1095.000000	0.061210
1094.000000	0.061931
1093.000000	0.062648
1092.000000	0.063348
1091.000000	0.064098
1090.000000	0.064889
1089.000000	0.065624
1088.000000	0.066283
1087.000000	0.066963
1086.000000	0.067724
1085.000000	0.068515
1084.000000	0.069290
1083.000000	0.070051
1082.000000	0.070760
1081.000000	0.071360
1080.000000	0.071899
1079.000000	0.072510
1078.000000	0.073217
1077.000000	0.073925
1076.000000	0.074593
1075.000000	0.075296
1074.000000	0.076071
1073.000000	0.076860
1072.000000	0.077632
1071.000000	0.078421
1070.000000	0.079226
1069.000000	0.079996
1068.000000	0.080735
1067.000000	0.081490
1066.000000	0.082227
1065.000000	0.082850
1064.000000	0.083364
1063.000000	0.083867
1062.000000	0.084380
1061.000000	0.084820
1060.000000	0.085157
1059.000000	0.085449
1058.000000	0.085700
1057.000000	0.085830
1056.000000	0.085831
1055.000000	0.085789
1054.000000	0.085746
1053.000000	0.085668
1052.000000	0.085558
1051.000000	0.085450
1050.000000	0.085282
1049.000000	0.084929
1048.000000	0.084400
1047.000000	0.083815
1046.000000	0.083201
1045.000000	0.082462
1044.000000	0.081573
1043.000000	0.080629
1042.000000	0.079674
1041.000000	0.078651
1040.000000	0.077546
1039.000000	0.076436
1038.000000	0.075356
1037.000000	0.074281
1036.000000	0.073243
1035.000000	0.072323
1034.000000	0.071476
1033.000000	0.070556
1032.000000	0.069528
1031.000000	0.068504
1030.000000	0.067552
1029.000000	0.066624
1028.000000	0.065716
1027.000000	0.064914
1026.000000	0.064255
1025.000000	0.063680
1024.000000	0.063170
1023.000000	0.062774
1022.000000	0.062468
1021.000000	0.062158
1020.000000	0.061855
1019.000000	0.061670
1018.000000	0.061607
1017.000000	0.061521
1016.000000	0.061316
1015.000000	0.061055
1014.000000	0.060806
1013.000000	0.060566
1012.000000	0.060353
1011.000000	0.060228
1010.000000	0.060168
1009.000000	0.060075
1008.000000	0.059942
1007.000000	0.059869
1006.000000	0.059879
1005.000000	0.059868
1004.000000	0.059770
1003.000000	0.059633
1002.000000	0.059481
1001.000000	0.059265
1000.000000	0.059002
999.000000	0.058801
998.000000	0.058700
997.000000	0.058610
996.000000	0.058470
995.000000	0.058318
994.000000	0.058174
993.000000	0.057997
992.000000	0.057793
991.000000	0.057642
990.000000	0.057570
989.000000	0.057511
988.000000	0.057436
987.000000	0.057385
986.000000	0.057359
985.000000	0.057290
984.000000	0.057189
983.000000	0.057161
982.000000	0.057248
981.000000	0.057386
980.000000	0.057538
979.000000	0.057739
978.000000	0.057978
977.000000	0.058170
976.000000	0.058293
975.000000	0.058417
974.000000	0.058564
973.000000	0.058668
972.000000	0.058724
971.000000	0.058817
970.000000	0.058973
969.000000	0.059111
968.000000	0.059190
967.000000	0.059273
966.000000	0.059403
965.000000	0.059536
964.000000	0.059641
963.000000	0.059740
962.000000	0.059816
961.000000	0.059807
960.000000	0.059733
959.000000	0.059693
958.000000	0.059715
957.000000	0.059723
956.000000	0.059686
955.000000	0.059664
954.000000	0.059661
953.000000	0.059582
952.000000	0.059398
951.000000	0.059195
950.000000	0.059037
949.000000	0.058891
948.000000	0.058747
947.000000	0.058665
946.000000	0.058662
945.000000	0.058674
944.000000	0.058672
943.000000	0.058709
942.000000	0.058790
941.000000	0.058849
940.000000	0.058876
939.000000	0.058953
938.000000	0.059105
937.000000	0.059251
936.000000	0.059339
935.000000	0.059412
934.000000	0.059497
933.000000	0.059544
932.000000	0.059530
931.000000	0.059496
930.000000	0.059457
929.000000	0.059375
928.000000	0.059261
927.000000	0.059180
926.000000	0.059122
925.000000	0.059000
924.000000	0.058804
923.000000	0.058613
922.000000	0.058451
921.000000	0.058247
920.000000	0.057978
919.000000	0.057706
918.000000	0.057448
917.000000	0.057158
916.000000	0.056853
915.000000	0.056622
914.000000	0.056467
913.000000	0.056286
912.000000	0.056041
911.000000	0.055818
910.000000	0.055669
909.000000	0.055557
908.000000	0.055485
907.000000	0.055517
906.000000	0.055642
905.000000	0.055751
904.000000	0.055804
903.000000	0.055873
902.000000	0.055983
901.000000	0.056072
900.000000	0.056135
899.000000	0.056247
898.000000	0.056405
897.000000	0.056492
896.000000	0.056475
895.000000	0.056458
894.000000	0.056503
893.000000	0.056550
892.000000	0.056558
891.000000	0.056577
890.000000	0.056611
889.000000	0.056576
888.000000	0.056451
887.000000	0.056340
886.000000	0.056304
885.000000	0.056301
884.000000	0.056311
883.000000	0.056391
882.000000	0.056533
881.000000	0.056629
880.000000	0.056649
879.000000	0.056694
878.000000	0.056820
877.000000	0.056941
876.000000	0.056991
875.000000	0.057013
874.000000	0.057052
873.000000	0.057079
872.000000	0.057102
871.000000	0.057191
870.000000	0.057349
869.000000	0.057490
868.000000	0.057582
867.000000	0.057676
866.000000	0.057770
865.000000	0.057812
864.000000	0.057832
863.000000	0.057930
862.000000	0.058089
861.000000	0.058181
860.000000	0.058177
859.000000	0.058192
858.000000	0.058276
857.000000	0.058344
856.000000	0.058364
855.000000	0.058417
854.000000	0.058536
853.000000	0.058644
852.000000	0.058727
851.000000	0.058877
850.000000	0.059102
849.000000	0.059278
848.000000	0.059339
847.000000	0.059369
846.000000	0.059430
845.000000	0.059476
844.000000	0.059497
843.000000	0.059580
842.000000	0.059759
841.000000	0.059963
840.000000	0.060174
839.000000	0.060467
838.000000	0.060842
837.000000	0.061183
836.000000	0.061450
835.000000	0.061739
834.000000	0.062096
833.000000	0.062452
832.000000	0.062784
831.000000	0.063173
830.000000	0.063613
829.000000	0.063964
828.000000	0.064188
827.000000	0.064432
826.000000	0.064806
825.000000	0.065230
824.000000	0.065615
823.000000	0.066002
822.000000	0.066418
821.000000	0.066788
820.000000	0.067094
819.000000	0.067434
818.000000	0.067856
817.000000	0.068279
816.000000	0.068661
815.000000	0.069078
814.000000	0.069568
813.000000	0.070058
812.000000	0.070504
811.000000	0.070963
810.000000	0.071463
809.000000	0.071934
808.000000	0.072356
807.000000	0.072802
806.000000	0.073300
805.000000	0.073784
804.000000	0.074236
803.000000	0.074730
802.000000	0.075272
801.000000	0.075783
800.000000	0.076257
799.000000	0.076777
798.000000	0.077338
797.000000	0.077830
796.000000	0.078252
795.000000	0.078746
794.000000	0.079364
793.000000	0.079999
792.000000	0.080594
791.000000	0.081233
790.000000	0.081960
789.000000	0.082687
788.000000	0.083353
787.000000	0.083998
786.000000	0.084628
785.000000	0.085190
784.000000	0.085722
783.000000	0.086350
782.000000	0.087077
781.000000	0.087768
780.000000	0.088391
779.000000	0.089075
778.000000	0.089872
777.000000	0.090662
776.000000	0.091374
775.000000	0.092090
774.000000	0.092853
773.000000	0.093571
772.000000	0.094197
771.000000	0.094826
770.000000	0.095514
769.000000	0.096190
768.000000	0.096816
767.000000	0.097478
766.000000	0.098208
765.000000	0.098900
764.000000	0.099496
763.000000	0.100070
762.000000	0.100667
761.000000	0.101225
760.000000	0.101744
759.000000	0.102337
758.000000	0.103029
757.000000	0.103690
756.000000	0.104260
755.000000	0.104851
754.000000	0.105534
753.000000	0.106213
752.000000	0.106806
751.000000	0.107367
750.000000	0.107926
749.000000	0.108399
748.000000	0.108743
747.000000	0.109038
746.000000	0.109317
745.000000	0.109494
744.000000	0.109557
743.000000	0.109640
742.000000	0.109803
741.000000	0.109926
740.000000	0.109935
739.000000	0.109955
738.000000	0.110132
737.000000	0.110449
736.000000	0.110838
735.000000	0.111297
734.000000	0.111806
733.000000	0.112281
732.000000	0.112733
731.000000	0.113296
730.000000	0.114015
729.000000	0.114758
728.000000	0.115439
727.000000	0.116144
726.000000	0.116954
725.000000	0.117816
724.000000	0.118674
723.000000	0.119584
722.000000	0.120584
721.000000	0.121605
720.000000	0.122607
719.000000	0.123651
718.000000	0.124746
717.000000	0.125790
716.000000	0.126767
715.000000	0.127805
714.000000	0.128973
713.000000	0.130180
712.000000	0.131388
711.000000	0.132717
710.000000	0.134249
709.000000	0.135903
708.000000	0.137616
707.000000	0.139441
706.000000	0.141369
705.000000	0.143218
704.000000	0.144835
703.000000	0.146251
702.000000	0.147490
701.000000	0.148417
700.000000	0.148942
699.000000	0.149185
698.000000	0.149288
697.000000	0.149243
696.000000	0.149035
695.000000	0.148812
694.000000	0.148723
693.000000	0.148762
692.000000	0.148890
691.000000	0.149110
690.000000	0.149337
689.000000	0.149396
688.000000	0.149288
687.000000	0.149279
686.000000	0.149541
685.000000	0.149938
684.000000	0.150312
683.000000	0.150696
682.000000	0.151125
681.000000	0.151472
680.000000	0.151675
679.000000	0.151867
678.000000	0.152121
677.000000	0.152357
676.000000	0.152560
675.000000	0.152855
674.000000	0.153247
673.000000	0.153519
672.000000	0.153514
671.000000	0.153331
670.000000	0.153154
669.000000	0.153150
668.000000	0.153608
667.000000	0.154577
666.000000	0.155427
665.000000	0.155986
664.000000	0.156412
663.000000	0.156834
662.000000	0.157246
661.000000	0.157557
660.000000	0.157800
659.000000	0.158138
658.000000	0.158599
657.000000	0.159045
656.000000	0.159419
655.000000	0.159821
654.000000	0.160314
653.000000	0.160805
652.000000	0.161194
651.000000	0.161542
650.000000	0.161979
649.000000	0.162555
648.000000	0.163249
647.000000	0.164023
646.000000	0.164806
645.000000	0.165504
644.000000	0.166135
643.000000	0.166828
642.000000	0.167617
641.000000	0.168378
640.000000	0.169036
639.000000	0.169671
638.000000	0.170364
637.000000	0.171070
636.000000	0.171723
635.000000	0.172351
634.000000	0.172979
633.000000	0.173564
632.000000	0.174124
631.000000	0.174754
630.000000	0.175452
629.000000	0.176082
628.000000	0.176592
627.000000	0.177087
626.000000	0.177628
625.000000	0.178108
624.000000	0.178453
623.000000	0.178748
622.000000	0.179055
621.000000	0.179296
620.000000	0.179437
619.000000	0.179587
618.000000	0.179780
617.000000	0.179873
616.000000	0.179815
615.000000	0.179787
614.000000	0.179926
613.000000	0.180113
612.000000	0.180208
611.000000	0.180280
610.000000	0.180457
609.000000	0.180727
608.000000	0.181038
607.000000	0.181409
606.000000	0.181813
605.000000	0.182141
604.000000	0.182419
603.000000	0.182834
602.000000	0.183409
601.000000	0.183906
600.000000	0.184206
599.000000	0.184524
598.000000	0.185049
597.000000	0.185666
596.000000	0.186201
595.000000	0.186690
594.000000	0.187214
593.000000	0.187729
592.000000	0.188230
591.000000	0.188836
590.000000	0.189530
589.000000	0.190094
588.000000	0.190488
587.000000	0.191001
586.000000	0.191836
585.000000	0.192804
584.000000	0.193643
583.000000	0.194358
582.000000	0.195037
581.000000	0.195617
580.000000	0.196090
579.000000	0.196673
578.000000	0.197518
577.000000	0.198473
576.000000	0.199353
575.000000	0.200204
574.000000	0.201118
573.000000	0.202054
572.000000	0.203020
571.000000	0.204136
570.000000	0.205327
569.000000	0.206264
568.000000	0.206848
567.000000	0.207456
566.000000	0.208432
565.000000	0.209655
564.000000	0.210830
563.000000	0.211894
562.000000	0.212901
561.000000	0.213805
560.000000	0.214635
559.000000	0.215610
558.000000	0.216839
557.000000	0.218135
556.000000	0.219333
555.000000	0.220508
554.000000	0.221719
553.000000	0.222848
552.000000	0.223898
551.000000	0.225103
550.000000	0.226552
549.000000	0.228007
548.000000	0.229315
547.000000	0.230640
546.000000	0.232071
545.000000	0.233370
544.000000	0.234389
543.000000	0.235359
542.000000	0.236514
541.000000	0.237772
540.000000	0.239043
539.000000	0.240502
538.000000	0.242253
537.000000	0.244050
536.000000	0.245630
535.000000	0.247038
534.000000	0.248400
533.000000	0.249677
532.000000	0.250860
531.000000	0.252098
530.000000	0.253403
529.000000	0.254549
528.000000	0.255480
527.000000	0.256478
526.000000	0.257694
525.000000	0.258855
524.000000	0.259730
523.000000	0.260484
522.000000	0.261302
521.000000	0.262105
520.000000	0.262888
519.000000	0.263951
518.000000	0.265418
517.000000	0.266888
516.000000	0.267944
515.000000	0.268695
514.000000	0.269442
513.000000	0.270208
512.000000	0.270901
511.000000	0.271609
510.000000	0.272413
509.000000	0.273165
508.000000	0.273730
507.000000	0.274225
506.000000	0.274813
505.000000	0.275520
504.000000	0.276408
503.000000	0.277541
502.000000	0.278629
501.000000	0.279174
500.000000	0.279222
499.000000	0.279360
498.000000	0.279850
497.000000	0.280311
496.000000	0.280453
495.000000	0.280615
494.000000	0.281201
493.000000	0.282070
492.000000	0.282883
491.000000	0.283625
490.000000	0.284347
489.000000	0.284818
488.000000	0.284886
487.000000	0.284841
486.000000	0.285081
485.000000	0.285670
484.000000	0.286496
483.000000	0.287479
482.000000	0.288382
481.000000	0.288880
480.000000	0.289064
479.000000	0.289391
478.000000	0.289992
477.000000	0.290525
476.000000	0.290911
475.000000	0.291480
474.000000	0.292166
473.000000	0.292335
472.000000	0.291923
471.000000	0.291868
470.000000	0.292712
469.000000	0.293882
468.000000	0.294809
467.000000	0.295730
466.000000	0.296926
465.000000	0.298068
464.000000	0.298898
463.000000	0.299699
462.000000	0.300547
461.000000	0.300971
460.000000	0.300912
459.000000	0.301144
458.000000	0.302036
457.000000	0.302716
456.000000	0.302626
455.000000	0.302629
454.000000	0.303521
453.000000	0.304823
452.000000	0.305636
451.000000	0.305918
450.000000	0.306112
449.000000	0.306196
448.000000	0.306079
447.000000	0.306246
446.000000	0.307063
445.000000	0.308008
444.000000	0.308435
443.000000	0.308516
442.000000	0.308718
441.000000	0.308994
440.000000	0.309246
439.000000	0.309788
438.000000	0.310615
437.000000	0.311025
436.000000	0.310726
435.000000	0.310578
434.000000	0.311238
433.000000	0.312036
432.000000	0.312175
431.000000	0.312033
430.000000	0.312369
429.000000	0.313038
428.000000	0.313570
427.000000	0.314136
426.000000	0.314847
425.000000	0.314920
424.000000	0.313741
423.000000	0.312081
422.000000	0.310945
421.000000	0.310132
420.000000	0.309324
419.000000	0.309616
418.000000	0.311679
417.000000	0.313611
416.000000	0.313973
415.000000	0.313628
414.000000	0.313833
413.000000	0.314456
412.000000	0.314872
411.000000	0.315510
410.000000	0.316897
409.000000	0.318159
408.000000	0.318226
407.000000	0.317581
406.000000	0.317153
405.000000	0.316606
404.000000	0.315613
403.000000	0.315401
402.000000	0.317049
401.000000	0.319257
400.000000	0.319777
