PE IR       SUBTECH     SPECTRUM    ASCII       PEDS        4.00        
   -1
4_8_24 background closed.ASC
24/04/08
17:43:52.00
24/04/08
17:45:48.00
Yarger Lab
Sample 074 By YargerLab Date Monday, April 01 2024
400.000000
#HDR
-1
-1
#GR
cm-1
A
1.0
0.0
4500.000000
-1.000000
4101
8
0.003204
-0.004146
#DATA
4500.000000	0.000123
4499.000000	0.000145
4498.000000	0.000166
4497.000000	0.000188
4496.000000	0.000201
4495.000000	0.000194
4494.000000	0.000173
4493.000000	0.000151
4492.000000	0.000136
4491.000000	0.000125
4490.000000	0.000111
4489.000000	0.000089
4488.000000	0.000060
4487.000000	0.000031
4486.000000	0.000007
4485.000000	-0.000012
4484.000000	-0.000024
4483.000000	-0.000029
4482.000000	-0.000028
4481.000000	-0.000020
4480.000000	-0.000005
4479.000000	0.000018
4478.000000	0.000051
4477.000000	0.000090
4476.000000	0.000128
4475.000000	0.000151
4474.000000	0.000156
4473.000000	0.000148
4472.000000	0.000144
4471.000000	0.000158
4470.000000	0.000194
4469.000000	0.000240
4468.000000	0.000277
4467.000000	0.000289
4466.000000	0.000270
4465.000000	0.000231
4464.000000	0.000186
4463.000000	0.000142
4462.000000	0.000095
4461.000000	0.000038
4460.000000	-0.000028
4459.000000	-0.000085
4458.000000	-0.000107
4457.000000	-0.000079
4456.000000	-0.000009
4455.000000	0.000074
4454.000000	0.000140
4453.000000	0.000171
4452.000000	0.000169
4451.000000	0.000150
4450.000000	0.000130
4449.000000	0.000121
4448.000000	0.000122
4447.000000	0.000127
4446.000000	0.000126
4445.000000	0.000117
4444.000000	0.000100
4443.000000	0.000079
4442.000000	0.000052
4441.000000	0.000021
4440.000000	-0.000009
4439.000000	-0.000028
4438.000000	-0.000028
4437.000000	-0.000005
4436.000000	0.000037
4435.000000	0.000087
4434.000000	0.000135
4433.000000	0.000169
4432.000000	0.000183
4431.000000	0.000173
4430.000000	0.000144
4429.000000	0.000108
4428.000000	0.000078
4427.000000	0.000065
4426.000000	0.000067
4425.000000	0.000072
4424.000000	0.000066
4423.000000	0.000045
4422.000000	0.000018
4421.000000	0.000004
4420.000000	0.000013
4419.000000	0.000042
4418.000000	0.000077
4417.000000	0.000105
4416.000000	0.000120
4415.000000	0.000128
4414.000000	0.000137
4413.000000	0.000145
4412.000000	0.000144
4411.000000	0.000126
4410.000000	0.000093
4409.000000	0.000053
4408.000000	0.000021
4407.000000	0.000007
4406.000000	0.000015
4405.000000	0.000039
4404.000000	0.000071
4403.000000	0.000104
4402.000000	0.000134
4401.000000	0.000154
4400.000000	0.000164
4399.000000	0.000164
4398.000000	0.000157
4397.000000	0.000151
4396.000000	0.000152
4395.000000	0.000161
4394.000000	0.000178
4393.000000	0.000197
4392.000000	0.000210
4391.000000	0.000207
4390.000000	0.000186
4389.000000	0.000150
4388.000000	0.000107
4387.000000	0.000065
4386.000000	0.000031
4385.000000	0.000013
4384.000000	0.000016
4383.000000	0.000044
4382.000000	0.000090
4381.000000	0.000137
4380.000000	0.000167
4379.000000	0.000168
4378.000000	0.000144
4377.000000	0.000111
4376.000000	0.000084
4375.000000	0.000071
4374.000000	0.000071
4373.000000	0.000081
4372.000000	0.000094
4371.000000	0.000104
4370.000000	0.000108
4369.000000	0.000108
4368.000000	0.000108
4367.000000	0.000108
4366.000000	0.000106
4365.000000	0.000096
4364.000000	0.000073
4363.000000	0.000043
4362.000000	0.000013
4361.000000	-0.000008
4360.000000	-0.000016
4359.000000	-0.000014
4358.000000	-0.000008
4357.000000	0.000003
4356.000000	0.000017
4355.000000	0.000034
4354.000000	0.000053
4353.000000	0.000066
4352.000000	0.000069
4351.000000	0.000066
4350.000000	0.000069
4349.000000	0.000086
4348.000000	0.000109
4347.000000	0.000123
4346.000000	0.000114
4345.000000	0.000086
4344.000000	0.000056
4343.000000	0.000045
4342.000000	0.000060
4341.000000	0.000095
4340.000000	0.000138
4339.000000	0.000171
4338.000000	0.000185
4337.000000	0.000175
4336.000000	0.000151
4335.000000	0.000124
4334.000000	0.000107
4333.000000	0.000104
4332.000000	0.000112
4331.000000	0.000124
4330.000000	0.000138
4329.000000	0.000153
4328.000000	0.000167
4327.000000	0.000178
4326.000000	0.000182
4325.000000	0.000180
4324.000000	0.000178
4323.000000	0.000177
4322.000000	0.000176
4321.000000	0.000171
4320.000000	0.000159
4319.000000	0.000139
4318.000000	0.000113
4317.000000	0.000087
4316.000000	0.000070
4315.000000	0.000067
4314.000000	0.000078
4313.000000	0.000097
4312.000000	0.000114
4311.000000	0.000119
4310.000000	0.000103
4309.000000	0.000067
4308.000000	0.000022
4307.000000	-0.000013
4306.000000	-0.000020
4305.000000	0.000007
4304.000000	0.000061
4303.000000	0.000126
4302.000000	0.000181
4301.000000	0.000213
4300.000000	0.000215
4299.000000	0.000194
4298.000000	0.000165
4297.000000	0.000140
4296.000000	0.000125
4295.000000	0.000115
4294.000000	0.000104
4293.000000	0.000094
4292.000000	0.000092
4291.000000	0.000099
4290.000000	0.000106
4289.000000	0.000101
4288.000000	0.000082
4287.000000	0.000058
4286.000000	0.000043
4285.000000	0.000043
4284.000000	0.000054
4283.000000	0.000070
4282.000000	0.000084
4281.000000	0.000093
4280.000000	0.000097
4279.000000	0.000094
4278.000000	0.000084
4277.000000	0.000065
4276.000000	0.000042
4275.000000	0.000022
4274.000000	0.000014
4273.000000	0.000026
4272.000000	0.000056
4271.000000	0.000095
4270.000000	0.000129
4269.000000	0.000147
4268.000000	0.000144
4267.000000	0.000127
4266.000000	0.000110
4265.000000	0.000104
4264.000000	0.000114
4263.000000	0.000130
4262.000000	0.000139
4261.000000	0.000133
4260.000000	0.000123
4259.000000	0.000122
4258.000000	0.000137
4257.000000	0.000159
4256.000000	0.000172
4255.000000	0.000169
4254.000000	0.000153
4253.000000	0.000132
4252.000000	0.000111
4251.000000	0.000094
4250.000000	0.000078
4249.000000	0.000064
4248.000000	0.000050
4247.000000	0.000038
4246.000000	0.000029
4245.000000	0.000025
4244.000000	0.000031
4243.000000	0.000045
4242.000000	0.000063
4241.000000	0.000079
4240.000000	0.000084
4239.000000	0.000076
4238.000000	0.000062
4237.000000	0.000052
4236.000000	0.000058
4235.000000	0.000082
4234.000000	0.000115
4233.000000	0.000140
4232.000000	0.000144
4231.000000	0.000131
4230.000000	0.000115
4229.000000	0.000109
4228.000000	0.000111
4227.000000	0.000111
4226.000000	0.000098
4225.000000	0.000071
4224.000000	0.000038
4223.000000	0.000008
4222.000000	-0.000014
4221.000000	-0.000023
4220.000000	-0.000012
4219.000000	0.000019
4218.000000	0.000064
4217.000000	0.000106
4216.000000	0.000132
4215.000000	0.000138
4214.000000	0.000132
4213.000000	0.000122
4212.000000	0.000109
4211.000000	0.000091
4210.000000	0.000073
4209.000000	0.000061
4208.000000	0.000060
4207.000000	0.000068
4206.000000	0.000079
4205.000000	0.000094
4204.000000	0.000112
4203.000000	0.000133
4202.000000	0.000151
4201.000000	0.000158
4200.000000	0.000148
4199.000000	0.000123
4198.000000	0.000088
4197.000000	0.000055
4196.000000	0.000033
4195.000000	0.000029
4194.000000	0.000040
4193.000000	0.000059
4192.000000	0.000081
4191.000000	0.000103
4190.000000	0.000128
4189.000000	0.000154
4188.000000	0.000176
4187.000000	0.000188
4186.000000	0.000187
4185.000000	0.000170
4184.000000	0.000140
4183.000000	0.000104
4182.000000	0.000074
4181.000000	0.000064
4180.000000	0.000075
4179.000000	0.000099
4178.000000	0.000118
4177.000000	0.000121
4176.000000	0.000109
4175.000000	0.000093
4174.000000	0.000083
4173.000000	0.000078
4172.000000	0.000074
4171.000000	0.000069
4170.000000	0.000065
4169.000000	0.000066
4168.000000	0.000070
4167.000000	0.000075
4166.000000	0.000084
4165.000000	0.000101
4164.000000	0.000125
4163.000000	0.000150
4162.000000	0.000169
4161.000000	0.000180
4160.000000	0.000187
4159.000000	0.000187
4158.000000	0.000174
4157.000000	0.000145
4156.000000	0.000108
4155.000000	0.000078
4154.000000	0.000068
4153.000000	0.000077
4152.000000	0.000096
4151.000000	0.000116
4150.000000	0.000130
4149.000000	0.000137
4148.000000	0.000134
4147.000000	0.000117
4146.000000	0.000087
4145.000000	0.000051
4144.000000	0.000023
4143.000000	0.000012
4142.000000	0.000023
4141.000000	0.000047
4140.000000	0.000072
4139.000000	0.000090
4138.000000	0.000097
4137.000000	0.000096
4136.000000	0.000089
4135.000000	0.000081
4134.000000	0.000076
4133.000000	0.000072
4132.000000	0.000069
4131.000000	0.000071
4130.000000	0.000083
4129.000000	0.000108
4128.000000	0.000135
4127.000000	0.000150
4126.000000	0.000146
4125.000000	0.000126
4124.000000	0.000100
4123.000000	0.000077
4122.000000	0.000057
4121.000000	0.000043
4120.000000	0.000042
4119.000000	0.000056
4118.000000	0.000083
4117.000000	0.000113
4116.000000	0.000136
4115.000000	0.000150
4114.000000	0.000159
4113.000000	0.000165
4112.000000	0.000165
4111.000000	0.000153
4110.000000	0.000127
4109.000000	0.000099
4108.000000	0.000079
4107.000000	0.000073
4106.000000	0.000076
4105.000000	0.000076
4104.000000	0.000068
4103.000000	0.000056
4102.000000	0.000047
4101.000000	0.000046
4100.000000	0.000051
4099.000000	0.000056
4098.000000	0.000059
4097.000000	0.000065
4096.000000	0.000079
4095.000000	0.000102
4094.000000	0.000127
4093.000000	0.000146
4092.000000	0.000154
4091.000000	0.000152
4090.000000	0.000141
4089.000000	0.000128
4088.000000	0.000116
4087.000000	0.000111
4086.000000	0.000115
4085.000000	0.000128
4084.000000	0.000142
4083.000000	0.000143
4082.000000	0.000126
4081.000000	0.000095
4080.000000	0.000064
4079.000000	0.000049
4078.000000	0.000052
4077.000000	0.000065
4076.000000	0.000079
4075.000000	0.000095
4074.000000	0.000117
4073.000000	0.000144
4072.000000	0.000167
4071.000000	0.000172
4070.000000	0.000157
4069.000000	0.000132
4068.000000	0.000112
4067.000000	0.000106
4066.000000	0.000109
4065.000000	0.000114
4064.000000	0.000116
4063.000000	0.000113
4062.000000	0.000107
4061.000000	0.000101
4060.000000	0.000100
4059.000000	0.000110
4058.000000	0.000132
4057.000000	0.000159
4056.000000	0.000174
4055.000000	0.000167
4054.000000	0.000139
4053.000000	0.000103
4052.000000	0.000078
4051.000000	0.000068
4050.000000	0.000068
4049.000000	0.000072
4048.000000	0.000080
4047.000000	0.000096
4046.000000	0.000117
4045.000000	0.000135
4044.000000	0.000140
4043.000000	0.000133
4042.000000	0.000123
4041.000000	0.000117
4040.000000	0.000113
4039.000000	0.000105
4038.000000	0.000089
4037.000000	0.000067
4036.000000	0.000046
4035.000000	0.000028
4034.000000	0.000015
4033.000000	0.000008
4032.000000	0.000012
4031.000000	0.000030
4030.000000	0.000057
4029.000000	0.000083
4028.000000	0.000097
4027.000000	0.000097
4026.000000	0.000088
4025.000000	0.000076
4024.000000	0.000066
4023.000000	0.000059
4022.000000	0.000059
4021.000000	0.000068
4020.000000	0.000081
4019.000000	0.000088
4018.000000	0.000086
4017.000000	0.000078
4016.000000	0.000075
4015.000000	0.000082
4014.000000	0.000100
4013.000000	0.000124
4012.000000	0.000153
4011.000000	0.000181
4010.000000	0.000202
4009.000000	0.000210
4008.000000	0.000209
4007.000000	0.000204
4006.000000	0.000202
4005.000000	0.000202
4004.000000	0.000198
4003.000000	0.000188
4002.000000	0.000172
4001.000000	0.000153
4000.000000	0.000132
3999.000000	0.000109
3998.000000	0.000085
3997.000000	0.000061
3996.000000	0.000036
3995.000000	0.000012
3994.000000	-0.000004
3993.000000	-0.000009
3992.000000	-0.000001
3991.000000	0.000019
3990.000000	0.000044
3989.000000	0.000070
3988.000000	0.000093
3987.000000	0.000108
3986.000000	0.000106
3985.000000	0.000083
3984.000000	0.000047
3983.000000	0.000017
3982.000000	0.000013
3981.000000	0.000033
3980.000000	0.000063
3979.000000	0.000083
3978.000000	0.000088
3977.000000	0.000080
3976.000000	0.000072
3975.000000	0.000074
3974.000000	0.000088
3973.000000	0.000108
3972.000000	0.000118
3971.000000	0.000109
3970.000000	0.000081
3969.000000	0.000051
3968.000000	0.000033
3967.000000	0.000033
3966.000000	0.000048
3965.000000	0.000074
3964.000000	0.000108
3963.000000	0.000143
3962.000000	0.000166
3961.000000	0.000168
3960.000000	0.000150
3959.000000	0.000125
3958.000000	0.000106
3957.000000	0.000101
3956.000000	0.000107
3955.000000	0.000116
3954.000000	0.000120
3953.000000	0.000115
3952.000000	0.000103
3951.000000	0.000088
3950.000000	0.000079
3949.000000	0.000081
3948.000000	0.000096
3947.000000	0.000113
3946.000000	0.000123
3945.000000	0.000122
3944.000000	0.000118
3943.000000	0.000122
3942.000000	0.000131
3941.000000	0.000133
3940.000000	0.000113
3939.000000	0.000077
3938.000000	0.000043
3937.000000	0.000030
3936.000000	0.000045
3935.000000	0.000081
3934.000000	0.000119
3933.000000	0.000144
3932.000000	0.000147
3931.000000	0.000134
3930.000000	0.000124
3929.000000	0.000130
3928.000000	0.000154
3927.000000	0.000184
3926.000000	0.000203
3925.000000	0.000204
3924.000000	0.000190
3923.000000	0.000170
3922.000000	0.000150
3921.000000	0.000137
3920.000000	0.000134
3919.000000	0.000136
3918.000000	0.000139
3917.000000	0.000140
3916.000000	0.000142
3915.000000	0.000147
3914.000000	0.000154
3913.000000	0.000165
3912.000000	0.000182
3911.000000	0.000201
3910.000000	0.000216
3909.000000	0.000220
3908.000000	0.000210
3907.000000	0.000188
3906.000000	0.000161
3905.000000	0.000139
3904.000000	0.000126
3903.000000	0.000115
3902.000000	0.000096
3901.000000	0.000075
3900.000000	0.000072
3899.000000	0.000091
3898.000000	0.000114
3897.000000	0.000115
3896.000000	0.000094
3895.000000	0.000073
3894.000000	0.000075
3893.000000	0.000106
3892.000000	0.000153
3891.000000	0.000199
3890.000000	0.000231
3889.000000	0.000239
3888.000000	0.000226
3887.000000	0.000200
3886.000000	0.000174
3885.000000	0.000156
3884.000000	0.000148
3883.000000	0.000146
3882.000000	0.000151
3881.000000	0.000164
3880.000000	0.000174
3879.000000	0.000166
3878.000000	0.000132
3877.000000	0.000087
3876.000000	0.000062
3875.000000	0.000077
3874.000000	0.000126
3873.000000	0.000183
3872.000000	0.000221
3871.000000	0.000238
3870.000000	0.000254
3869.000000	0.000284
3868.000000	0.000310
3867.000000	0.000306
3866.000000	0.000278
3865.000000	0.000247
3864.000000	0.000221
3863.000000	0.000196
3862.000000	0.000166
3861.000000	0.000136
3860.000000	0.000118
3859.000000	0.000121
3858.000000	0.000143
3857.000000	0.000174
3856.000000	0.000199
3855.000000	0.000205
3854.000000	0.000195
3853.000000	0.000194
3852.000000	0.000212
3851.000000	0.000220
3850.000000	0.000203
3849.000000	0.000187
3848.000000	0.000184
3847.000000	0.000183
3846.000000	0.000182
3845.000000	0.000186
3844.000000	0.000197
3843.000000	0.000215
3842.000000	0.000234
3841.000000	0.000246
3840.000000	0.000249
3839.000000	0.000246
3838.000000	0.000244
3837.000000	0.000239
3836.000000	0.000221
3835.000000	0.000186
3834.000000	0.000147
3833.000000	0.000125
3832.000000	0.000128
3831.000000	0.000152
3830.000000	0.000180
3829.000000	0.000199
3828.000000	0.000209
3827.000000	0.000213
3826.000000	0.000214
3825.000000	0.000206
3824.000000	0.000183
3823.000000	0.000152
3822.000000	0.000131
3821.000000	0.000136
3820.000000	0.000158
3819.000000	0.000159
3818.000000	0.000130
3817.000000	0.000109
3816.000000	0.000128
3815.000000	0.000169
3814.000000	0.000184
3813.000000	0.000150
3812.000000	0.000096
3811.000000	0.000054
3810.000000	0.000027
3809.000000	0.000002
3808.000000	-0.000009
3807.000000	0.000022
3806.000000	0.000101
3805.000000	0.000185
3804.000000	0.000226
3803.000000	0.000216
3802.000000	0.000189
3801.000000	0.000177
3800.000000	0.000178
3799.000000	0.000159
3798.000000	0.000119
3797.000000	0.000094
3796.000000	0.000098
3795.000000	0.000113
3794.000000	0.000117
3793.000000	0.000112
3792.000000	0.000116
3791.000000	0.000132
3790.000000	0.000151
3789.000000	0.000162
3788.000000	0.000165
3787.000000	0.000164
3786.000000	0.000160
3785.000000	0.000156
3784.000000	0.000156
3783.000000	0.000161
3782.000000	0.000165
3781.000000	0.000158
3780.000000	0.000138
3779.000000	0.000111
3778.000000	0.000090
3777.000000	0.000079
3776.000000	0.000081
3775.000000	0.000095
3774.000000	0.000119
3773.000000	0.000142
3772.000000	0.000160
3771.000000	0.000179
3770.000000	0.000202
3769.000000	0.000223
3768.000000	0.000222
3767.000000	0.000193
3766.000000	0.000157
3765.000000	0.000139
3764.000000	0.000142
3763.000000	0.000152
3762.000000	0.000155
3761.000000	0.000154
3760.000000	0.000157
3759.000000	0.000165
3758.000000	0.000169
3757.000000	0.000158
3756.000000	0.000131
3755.000000	0.000102
3754.000000	0.000089
3753.000000	0.000105
3752.000000	0.000145
3751.000000	0.000194
3750.000000	0.000237
3749.000000	0.000264
3748.000000	0.000267
3747.000000	0.000250
3746.000000	0.000219
3745.000000	0.000186
3744.000000	0.000167
3743.000000	0.000164
3742.000000	0.000161
3741.000000	0.000154
3740.000000	0.000157
3739.000000	0.000157
3738.000000	0.000135
3737.000000	0.000101
3736.000000	0.000088
3735.000000	0.000112
3734.000000	0.000149
3733.000000	0.000168
3732.000000	0.000171
3731.000000	0.000185
3730.000000	0.000218
3729.000000	0.000259
3728.000000	0.000288
3727.000000	0.000296
3726.000000	0.000284
3725.000000	0.000259
3724.000000	0.000226
3723.000000	0.000188
3722.000000	0.000148
3721.000000	0.000107
3720.000000	0.000069
3719.000000	0.000045
3718.000000	0.000046
3717.000000	0.000073
3716.000000	0.000115
3715.000000	0.000153
3714.000000	0.000173
3713.000000	0.000171
3712.000000	0.000158
3711.000000	0.000156
3710.000000	0.000178
3709.000000	0.000208
3708.000000	0.000223
3707.000000	0.000215
3706.000000	0.000187
3705.000000	0.000150
3704.000000	0.000119
3703.000000	0.000107
3702.000000	0.000114
3701.000000	0.000131
3700.000000	0.000138
3699.000000	0.000128
3698.000000	0.000115
3697.000000	0.000115
3696.000000	0.000132
3695.000000	0.000150
3694.000000	0.000151
3693.000000	0.000134
3692.000000	0.000115
3691.000000	0.000110
3690.000000	0.000126
3689.000000	0.000154
3688.000000	0.000172
3687.000000	0.000164
3686.000000	0.000133
3685.000000	0.000104
3684.000000	0.000089
3683.000000	0.000086
3682.000000	0.000087
3681.000000	0.000096
3680.000000	0.000123
3679.000000	0.000163
3678.000000	0.000193
3677.000000	0.000187
3676.000000	0.000157
3675.000000	0.000146
3674.000000	0.000167
3673.000000	0.000190
3672.000000	0.000198
3671.000000	0.000206
3670.000000	0.000218
3669.000000	0.000226
3668.000000	0.000219
3667.000000	0.000193
3666.000000	0.000168
3665.000000	0.000158
3664.000000	0.000158
3663.000000	0.000154
3662.000000	0.000143
3661.000000	0.000128
3660.000000	0.000112
3659.000000	0.000091
3658.000000	0.000065
3657.000000	0.000046
3656.000000	0.000050
3655.000000	0.000076
3654.000000	0.000110
3653.000000	0.000139
3652.000000	0.000168
3651.000000	0.000191
3650.000000	0.000196
3649.000000	0.000173
3648.000000	0.000129
3647.000000	0.000080
3646.000000	0.000038
3645.000000	0.000016
3644.000000	0.000014
3643.000000	0.000020
3642.000000	0.000028
3641.000000	0.000034
3640.000000	0.000040
3639.000000	0.000051
3638.000000	0.000072
3637.000000	0.000097
3636.000000	0.000114
3635.000000	0.000120
3634.000000	0.000124
3633.000000	0.000137
3632.000000	0.000159
3631.000000	0.000179
3630.000000	0.000190
3629.000000	0.000193
3628.000000	0.000190
3627.000000	0.000175
3626.000000	0.000147
3625.000000	0.000128
3624.000000	0.000132
3623.000000	0.000145
3622.000000	0.000148
3621.000000	0.000140
3620.000000	0.000130
3619.000000	0.000123
3618.000000	0.000113
3617.000000	0.000092
3616.000000	0.000066
3615.000000	0.000057
3614.000000	0.000077
3613.000000	0.000119
3612.000000	0.000156
3611.000000	0.000163
3610.000000	0.000139
3609.000000	0.000101
3608.000000	0.000072
3607.000000	0.000051
3606.000000	0.000026
3605.000000	-0.000006
3604.000000	-0.000027
3603.000000	-0.000020
3602.000000	0.000014
3601.000000	0.000063
3600.000000	0.000109
3599.000000	0.000140
3598.000000	0.000152
3597.000000	0.000144
3596.000000	0.000119
3595.000000	0.000082
3594.000000	0.000042
3593.000000	0.000014
3592.000000	0.000011
3591.000000	0.000038
3590.000000	0.000081
3589.000000	0.000121
3588.000000	0.000142
3587.000000	0.000145
3586.000000	0.000132
3585.000000	0.000102
3584.000000	0.000066
3583.000000	0.000047
3582.000000	0.000055
3581.000000	0.000080
3580.000000	0.000104
3579.000000	0.000112
3578.000000	0.000101
3577.000000	0.000078
3576.000000	0.000056
3575.000000	0.000047
3574.000000	0.000049
3573.000000	0.000051
3572.000000	0.000043
3571.000000	0.000029
3570.000000	0.000025
3569.000000	0.000043
3568.000000	0.000077
3567.000000	0.000109
3566.000000	0.000124
3565.000000	0.000118
3564.000000	0.000101
3563.000000	0.000091
3562.000000	0.000092
3561.000000	0.000093
3560.000000	0.000081
3559.000000	0.000062
3558.000000	0.000054
3557.000000	0.000068
3556.000000	0.000096
3555.000000	0.000115
3554.000000	0.000111
3553.000000	0.000091
3552.000000	0.000075
3551.000000	0.000077
3550.000000	0.000093
3549.000000	0.000108
3548.000000	0.000108
3547.000000	0.000095
3546.000000	0.000085
3545.000000	0.000088
3544.000000	0.000100
3543.000000	0.000104
3542.000000	0.000093
3541.000000	0.000074
3540.000000	0.000061
3539.000000	0.000060
3538.000000	0.000062
3537.000000	0.000063
3536.000000	0.000062
3535.000000	0.000065
3534.000000	0.000073
3533.000000	0.000083
3532.000000	0.000090
3531.000000	0.000086
3530.000000	0.000067
3529.000000	0.000041
3528.000000	0.000022
3527.000000	0.000020
3526.000000	0.000031
3525.000000	0.000041
3524.000000	0.000043
3523.000000	0.000045
3522.000000	0.000059
3521.000000	0.000084
3520.000000	0.000110
3519.000000	0.000127
3518.000000	0.000131
3517.000000	0.000131
3516.000000	0.000131
3515.000000	0.000134
3514.000000	0.000137
3513.000000	0.000138
3512.000000	0.000133
3511.000000	0.000123
3510.000000	0.000114
3509.000000	0.000111
3508.000000	0.000112
3507.000000	0.000113
3506.000000	0.000108
3505.000000	0.000098
3504.000000	0.000086
3503.000000	0.000075
3502.000000	0.000068
3501.000000	0.000066
3500.000000	0.000068
3499.000000	0.000074
3498.000000	0.000083
3497.000000	0.000095
3496.000000	0.000109
3495.000000	0.000121
3494.000000	0.000123
3493.000000	0.000108
3492.000000	0.000078
3491.000000	0.000044
3490.000000	0.000014
3489.000000	-0.000000
3488.000000	0.000008
3487.000000	0.000039
3486.000000	0.000084
3485.000000	0.000125
3484.000000	0.000144
3483.000000	0.000140
3482.000000	0.000122
3481.000000	0.000101
3480.000000	0.000081
3479.000000	0.000061
3478.000000	0.000045
3477.000000	0.000035
3476.000000	0.000035
3475.000000	0.000040
3474.000000	0.000047
3473.000000	0.000052
3472.000000	0.000053
3471.000000	0.000054
3470.000000	0.000055
3469.000000	0.000053
3468.000000	0.000039
3467.000000	0.000013
3466.000000	-0.000012
3465.000000	-0.000022
3464.000000	-0.000012
3463.000000	0.000007
3462.000000	0.000028
3461.000000	0.000045
3460.000000	0.000059
3459.000000	0.000067
3458.000000	0.000066
3457.000000	0.000058
3456.000000	0.000048
3455.000000	0.000044
3454.000000	0.000045
3453.000000	0.000048
3452.000000	0.000048
3451.000000	0.000048
3450.000000	0.000054
3449.000000	0.000069
3448.000000	0.000082
3447.000000	0.000084
3446.000000	0.000074
3445.000000	0.000062
3444.000000	0.000054
3443.000000	0.000048
3442.000000	0.000041
3441.000000	0.000032
3440.000000	0.000026
3439.000000	0.000022
3438.000000	0.000015
3437.000000	0.000009
3436.000000	0.000008
3435.000000	0.000016
3434.000000	0.000028
3433.000000	0.000037
3432.000000	0.000040
3431.000000	0.000039
3430.000000	0.000039
3429.000000	0.000043
3428.000000	0.000049
3427.000000	0.000046
3426.000000	0.000029
3425.000000	0.000004
3424.000000	-0.000010
3423.000000	0.000001
3422.000000	0.000031
3421.000000	0.000057
3420.000000	0.000060
3419.000000	0.000037
3418.000000	0.000008
3417.000000	-0.000004
3416.000000	0.000007
3415.000000	0.000030
3414.000000	0.000048
3413.000000	0.000051
3412.000000	0.000045
3411.000000	0.000040
3410.000000	0.000044
3409.000000	0.000057
3408.000000	0.000072
3407.000000	0.000083
3406.000000	0.000091
3405.000000	0.000097
3404.000000	0.000101
3403.000000	0.000097
3402.000000	0.000078
3401.000000	0.000050
3400.000000	0.000023
3399.000000	0.000005
3398.000000	-0.000007
3397.000000	-0.000017
3396.000000	-0.000019
3395.000000	-0.000006
3394.000000	0.000020
3393.000000	0.000044
3392.000000	0.000050
3391.000000	0.000037
3390.000000	0.000018
3389.000000	0.000011
3388.000000	0.000022
3387.000000	0.000047
3386.000000	0.000075
3385.000000	0.000093
3384.000000	0.000098
3383.000000	0.000094
3382.000000	0.000086
3381.000000	0.000081
3380.000000	0.000082
3379.000000	0.000090
3378.000000	0.000100
3377.000000	0.000108
3376.000000	0.000113
3375.000000	0.000114
3374.000000	0.000110
3373.000000	0.000096
3372.000000	0.000073
3371.000000	0.000047
3370.000000	0.000023
3369.000000	0.000002
3368.000000	-0.000018
3367.000000	-0.000035
3366.000000	-0.000039
3365.000000	-0.000025
3364.000000	0.000003
3363.000000	0.000032
3362.000000	0.000052
3361.000000	0.000063
3360.000000	0.000069
3359.000000	0.000075
3358.000000	0.000076
3357.000000	0.000070
3356.000000	0.000059
3355.000000	0.000047
3354.000000	0.000041
3353.000000	0.000038
3352.000000	0.000036
3351.000000	0.000031
3350.000000	0.000022
3349.000000	0.000014
3348.000000	0.000012
3347.000000	0.000018
3346.000000	0.000033
3345.000000	0.000053
3344.000000	0.000073
3343.000000	0.000087
3342.000000	0.000094
3341.000000	0.000094
3340.000000	0.000091
3339.000000	0.000091
3338.000000	0.000091
3337.000000	0.000084
3336.000000	0.000069
3335.000000	0.000051
3334.000000	0.000042
3333.000000	0.000045
3332.000000	0.000053
3331.000000	0.000057
3330.000000	0.000049
3329.000000	0.000026
3328.000000	-0.000003
3327.000000	-0.000025
3326.000000	-0.000025
3325.000000	-0.000003
3324.000000	0.000028
3323.000000	0.000052
3322.000000	0.000062
3321.000000	0.000062
3320.000000	0.000055
3319.000000	0.000048
3318.000000	0.000045
3317.000000	0.000049
3316.000000	0.000056
3315.000000	0.000058
3314.000000	0.000055
3313.000000	0.000052
3312.000000	0.000055
3311.000000	0.000064
3310.000000	0.000080
3309.000000	0.000098
3308.000000	0.000114
3307.000000	0.000122
3306.000000	0.000125
3305.000000	0.000132
3304.000000	0.000147
3303.000000	0.000163
3302.000000	0.000170
3301.000000	0.000162
3300.000000	0.000144
3299.000000	0.000120
3298.000000	0.000095
3297.000000	0.000065
3296.000000	0.000030
3295.000000	-0.000005
3294.000000	-0.000028
3293.000000	-0.000030
3292.000000	-0.000010
3291.000000	0.000025
3290.000000	0.000067
3289.000000	0.000110
3288.000000	0.000146
3287.000000	0.000167
3286.000000	0.000169
3285.000000	0.000155
3284.000000	0.000132
3283.000000	0.000107
3282.000000	0.000078
3281.000000	0.000049
3280.000000	0.000024
3279.000000	0.000009
3278.000000	0.000003
3277.000000	0.000002
3276.000000	0.000006
3275.000000	0.000019
3274.000000	0.000039
3273.000000	0.000058
3272.000000	0.000069
3271.000000	0.000073
3270.000000	0.000073
3269.000000	0.000074
3268.000000	0.000071
3267.000000	0.000062
3266.000000	0.000049
3265.000000	0.000041
3264.000000	0.000042
3263.000000	0.000051
3262.000000	0.000073
3261.000000	0.000106
3260.000000	0.000145
3259.000000	0.000175
3258.000000	0.000185
3257.000000	0.000173
3256.000000	0.000148
3255.000000	0.000119
3254.000000	0.000092
3253.000000	0.000067
3252.000000	0.000045
3251.000000	0.000034
3250.000000	0.000038
3249.000000	0.000054
3248.000000	0.000071
3247.000000	0.000080
3246.000000	0.000082
3245.000000	0.000082
3244.000000	0.000083
3243.000000	0.000082
3242.000000	0.000074
3241.000000	0.000060
3240.000000	0.000043
3239.000000	0.000027
3238.000000	0.000019
3237.000000	0.000023
3236.000000	0.000040
3235.000000	0.000063
3234.000000	0.000084
3233.000000	0.000099
3232.000000	0.000109
3231.000000	0.000110
3230.000000	0.000104
3229.000000	0.000094
3228.000000	0.000086
3227.000000	0.000082
3226.000000	0.000079
3225.000000	0.000071
3224.000000	0.000059
3223.000000	0.000043
3222.000000	0.000024
3221.000000	-0.000002
3220.000000	-0.000037
3219.000000	-0.000072
3218.000000	-0.000095
3217.000000	-0.000094
3216.000000	-0.000065
3215.000000	-0.000014
3214.000000	0.000040
3213.000000	0.000077
3212.000000	0.000087
3211.000000	0.000079
3210.000000	0.000070
3209.000000	0.000075
3208.000000	0.000093
3207.000000	0.000111
3206.000000	0.000113
3205.000000	0.000091
3204.000000	0.000054
3203.000000	0.000017
3202.000000	-0.000006
3201.000000	-0.000010
3200.000000	0.000002
3199.000000	0.000018
3198.000000	0.000033
3197.000000	0.000043
3196.000000	0.000050
3195.000000	0.000061
3194.000000	0.000082
3193.000000	0.000110
3192.000000	0.000135
3191.000000	0.000146
3190.000000	0.000141
3189.000000	0.000124
3188.000000	0.000104
3187.000000	0.000091
3186.000000	0.000087
3185.000000	0.000087
3184.000000	0.000086
3183.000000	0.000080
3182.000000	0.000076
3181.000000	0.000079
3180.000000	0.000087
3179.000000	0.000092
3178.000000	0.000088
3177.000000	0.000077
3176.000000	0.000066
3175.000000	0.000062
3174.000000	0.000066
3173.000000	0.000073
3172.000000	0.000071
3171.000000	0.000055
3170.000000	0.000030
3169.000000	0.000009
3168.000000	0.000003
3167.000000	0.000008
3166.000000	0.000014
3165.000000	0.000012
3164.000000	0.000007
3163.000000	0.000007
3162.000000	0.000018
3161.000000	0.000040
3160.000000	0.000064
3159.000000	0.000083
3158.000000	0.000095
3157.000000	0.000104
3156.000000	0.000116
3155.000000	0.000128
3154.000000	0.000131
3153.000000	0.000113
3152.000000	0.000070
3151.000000	0.000012
3150.000000	-0.000032
3149.000000	-0.000041
3148.000000	-0.000015
3147.000000	0.000024
3146.000000	0.000048
3145.000000	0.000048
3144.000000	0.000036
3143.000000	0.000031
3142.000000	0.000040
3141.000000	0.000053
3140.000000	0.000052
3139.000000	0.000035
3138.000000	0.000010
3137.000000	-0.000006
3136.000000	-0.000002
3135.000000	0.000020
3134.000000	0.000044
3133.000000	0.000060
3132.000000	0.000069
3131.000000	0.000082
3130.000000	0.000102
3129.000000	0.000115
3128.000000	0.000098
3127.000000	0.000051
3126.000000	-0.000005
3125.000000	-0.000041
3124.000000	-0.000043
3123.000000	-0.000016
3122.000000	0.000020
3121.000000	0.000046
3120.000000	0.000051
3119.000000	0.000040
3118.000000	0.000025
3117.000000	0.000016
3116.000000	0.000008
3115.000000	-0.000003
3114.000000	-0.000011
3113.000000	-0.000004
3112.000000	0.000020
3111.000000	0.000054
3110.000000	0.000087
3109.000000	0.000111
3108.000000	0.000123
3107.000000	0.000118
3106.000000	0.000100
3105.000000	0.000081
3104.000000	0.000075
3103.000000	0.000089
3102.000000	0.000114
3101.000000	0.000138
3100.000000	0.000149
3099.000000	0.000138
3098.000000	0.000102
3097.000000	0.000051
3096.000000	-0.000001
3095.000000	-0.000039
3094.000000	-0.000050
3093.000000	-0.000037
3092.000000	-0.000014
3091.000000	-0.000000
3090.000000	-0.000001
3089.000000	-0.000010
3088.000000	-0.000016
3087.000000	-0.000016
3086.000000	-0.000016
3085.000000	-0.000017
3084.000000	-0.000017
3083.000000	-0.000013
3082.000000	-0.000006
3081.000000	0.000010
3080.000000	0.000038
3079.000000	0.000073
3078.000000	0.000102
3077.000000	0.000114
3076.000000	0.000108
3075.000000	0.000094
3074.000000	0.000083
3073.000000	0.000080
3072.000000	0.000081
3071.000000	0.000082
3070.000000	0.000079
3069.000000	0.000075
3068.000000	0.000073
3067.000000	0.000077
3066.000000	0.000087
3065.000000	0.000100
3064.000000	0.000102
3063.000000	0.000080
3062.000000	0.000038
3061.000000	-0.000006
3060.000000	-0.000029
3059.000000	-0.000025
3058.000000	0.000001
3057.000000	0.000033
3056.000000	0.000059
3055.000000	0.000074
3054.000000	0.000077
3053.000000	0.000074
3052.000000	0.000073
3051.000000	0.000074
3050.000000	0.000073
3049.000000	0.000067
3048.000000	0.000056
3047.000000	0.000043
3046.000000	0.000031
3045.000000	0.000022
3044.000000	0.000018
3043.000000	0.000021
3042.000000	0.000030
3041.000000	0.000039
3040.000000	0.000048
3039.000000	0.000055
3038.000000	0.000061
3037.000000	0.000070
3036.000000	0.000082
3035.000000	0.000092
3034.000000	0.000089
3033.000000	0.000073
3032.000000	0.000052
3031.000000	0.000043
3030.000000	0.000051
3029.000000	0.000069
3028.000000	0.000081
3027.000000	0.000081
3026.000000	0.000068
3025.000000	0.000051
3024.000000	0.000037
3023.000000	0.000037
3022.000000	0.000052
3021.000000	0.000078
3020.000000	0.000103
3019.000000	0.000116
3018.000000	0.000113
3017.000000	0.000097
3016.000000	0.000076
3015.000000	0.000060
3014.000000	0.000054
3013.000000	0.000060
3012.000000	0.000074
3011.000000	0.000084
3010.000000	0.000082
3009.000000	0.000062
3008.000000	0.000025
3007.000000	-0.000015
3006.000000	-0.000042
3005.000000	-0.000046
3004.000000	-0.000030
3003.000000	-0.000004
3002.000000	0.000023
3001.000000	0.000046
3000.000000	0.000061
2999.000000	0.000066
2998.000000	0.000067
2997.000000	0.000078
2996.000000	0.000104
2995.000000	0.000135
2994.000000	0.000154
2993.000000	0.000152
2992.000000	0.000132
2991.000000	0.000105
2990.000000	0.000078
2989.000000	0.000054
2988.000000	0.000037
2987.000000	0.000030
2986.000000	0.000036
2985.000000	0.000049
2984.000000	0.000059
2983.000000	0.000063
2982.000000	0.000062
2981.000000	0.000062
2980.000000	0.000065
2979.000000	0.000076
2978.000000	0.000100
2977.000000	0.000135
2976.000000	0.000167
2975.000000	0.000175
2974.000000	0.000156
2973.000000	0.000123
2972.000000	0.000097
2971.000000	0.000085
2970.000000	0.000082
2969.000000	0.000077
2968.000000	0.000069
2967.000000	0.000061
2966.000000	0.000059
2965.000000	0.000063
2964.000000	0.000068
2963.000000	0.000070
2962.000000	0.000065
2961.000000	0.000057
2960.000000	0.000052
2959.000000	0.000052
2958.000000	0.000064
2957.000000	0.000086
2956.000000	0.000104
2955.000000	0.000101
2954.000000	0.000075
2953.000000	0.000044
2952.000000	0.000032
2951.000000	0.000044
2950.000000	0.000064
2949.000000	0.000071
2948.000000	0.000058
2947.000000	0.000033
2946.000000	0.000010
2945.000000	-0.000001
2944.000000	0.000001
2943.000000	0.000009
2942.000000	0.000013
2941.000000	0.000009
2940.000000	0.000003
2939.000000	0.000008
2938.000000	0.000029
2937.000000	0.000058
2936.000000	0.000080
2935.000000	0.000083
2934.000000	0.000070
2933.000000	0.000051
2932.000000	0.000029
2931.000000	0.000001
2930.000000	-0.000030
2929.000000	-0.000051
2928.000000	-0.000047
2927.000000	-0.000023
2926.000000	0.000008
2925.000000	0.000038
2924.000000	0.000067
2923.000000	0.000092
2922.000000	0.000110
2921.000000	0.000120
2920.000000	0.000130
2919.000000	0.000141
2918.000000	0.000146
2917.000000	0.000136
2916.000000	0.000117
2915.000000	0.000096
2914.000000	0.000081
2913.000000	0.000066
2912.000000	0.000052
2911.000000	0.000041
2910.000000	0.000043
2909.000000	0.000058
2908.000000	0.000079
2907.000000	0.000089
2906.000000	0.000079
2905.000000	0.000057
2904.000000	0.000038
2903.000000	0.000029
2902.000000	0.000030
2901.000000	0.000034
2900.000000	0.000034
2899.000000	0.000028
2898.000000	0.000016
2897.000000	0.000005
2896.000000	0.000003
2895.000000	0.000016
2894.000000	0.000036
2893.000000	0.000055
2892.000000	0.000072
2891.000000	0.000087
2890.000000	0.000095
2889.000000	0.000088
2888.000000	0.000066
2887.000000	0.000040
2886.000000	0.000022
2885.000000	0.000014
2884.000000	0.000009
2883.000000	0.000005
2882.000000	0.000007
2881.000000	0.000020
2880.000000	0.000041
2879.000000	0.000062
2878.000000	0.000076
2877.000000	0.000082
2876.000000	0.000082
2875.000000	0.000078
2874.000000	0.000071
2873.000000	0.000065
2872.000000	0.000067
2871.000000	0.000086
2870.000000	0.000124
2869.000000	0.000168
2868.000000	0.000194
2867.000000	0.000188
2866.000000	0.000151
2865.000000	0.000103
2864.000000	0.000061
2863.000000	0.000034
2862.000000	0.000024
2861.000000	0.000026
2860.000000	0.000033
2859.000000	0.000038
2858.000000	0.000041
2857.000000	0.000044
2856.000000	0.000051
2855.000000	0.000057
2854.000000	0.000061
2853.000000	0.000064
2852.000000	0.000067
2851.000000	0.000063
2850.000000	0.000050
2849.000000	0.000029
2848.000000	0.000007
2847.000000	-0.000011
2846.000000	-0.000023
2845.000000	-0.000028
2844.000000	-0.000025
2843.000000	-0.000018
2842.000000	-0.000011
2841.000000	-0.000003
2840.000000	0.000007
2839.000000	0.000014
2838.000000	0.000015
2837.000000	0.000014
2836.000000	0.000021
2835.000000	0.000035
2834.000000	0.000052
2833.000000	0.000063
2832.000000	0.000069
2831.000000	0.000071
2830.000000	0.000075
2829.000000	0.000085
2828.000000	0.000101
2827.000000	0.000118
2826.000000	0.000127
2825.000000	0.000125
2824.000000	0.000113
2823.000000	0.000101
2822.000000	0.000096
2821.000000	0.000096
2820.000000	0.000094
2819.000000	0.000083
2818.000000	0.000066
2817.000000	0.000049
2816.000000	0.000041
2815.000000	0.000044
2814.000000	0.000056
2813.000000	0.000075
2812.000000	0.000092
2811.000000	0.000102
2810.000000	0.000101
2809.000000	0.000095
2808.000000	0.000089
2807.000000	0.000087
2806.000000	0.000089
2805.000000	0.000096
2804.000000	0.000106
2803.000000	0.000112
2802.000000	0.000107
2801.000000	0.000093
2800.000000	0.000078
2799.000000	0.000070
2798.000000	0.000071
2797.000000	0.000079
2796.000000	0.000096
2795.000000	0.000118
2794.000000	0.000139
2793.000000	0.000152
2792.000000	0.000154
2791.000000	0.000139
2790.000000	0.000107
2789.000000	0.000065
2788.000000	0.000029
2787.000000	0.000014
2786.000000	0.000022
2785.000000	0.000042
2784.000000	0.000062
2783.000000	0.000076
2782.000000	0.000081
2781.000000	0.000078
2780.000000	0.000074
2779.000000	0.000080
2778.000000	0.000096
2777.000000	0.000116
2776.000000	0.000128
2775.000000	0.000128
2774.000000	0.000120
2773.000000	0.000109
2772.000000	0.000093
2771.000000	0.000076
2770.000000	0.000067
2769.000000	0.000075
2768.000000	0.000098
2767.000000	0.000118
2766.000000	0.000119
2765.000000	0.000101
2764.000000	0.000081
2763.000000	0.000072
2762.000000	0.000077
2761.000000	0.000087
2760.000000	0.000096
2759.000000	0.000099
2758.000000	0.000093
2757.000000	0.000079
2756.000000	0.000065
2755.000000	0.000063
2754.000000	0.000072
2753.000000	0.000082
2752.000000	0.000085
2751.000000	0.000078
2750.000000	0.000069
2749.000000	0.000066
2748.000000	0.000070
2747.000000	0.000079
2746.000000	0.000089
2745.000000	0.000101
2744.000000	0.000116
2743.000000	0.000134
2742.000000	0.000147
2741.000000	0.000144
2740.000000	0.000120
2739.000000	0.000086
2738.000000	0.000063
2737.000000	0.000061
2736.000000	0.000075
2735.000000	0.000088
2734.000000	0.000092
2733.000000	0.000087
2732.000000	0.000078
2731.000000	0.000062
2730.000000	0.000041
2729.000000	0.000025
2728.000000	0.000023
2727.000000	0.000033
2726.000000	0.000044
2725.000000	0.000052
2724.000000	0.000056
2723.000000	0.000057
2722.000000	0.000057
2721.000000	0.000061
2720.000000	0.000073
2719.000000	0.000090
2718.000000	0.000104
2717.000000	0.000110
2716.000000	0.000111
2715.000000	0.000110
2714.000000	0.000108
2713.000000	0.000106
2712.000000	0.000111
2711.000000	0.000124
2710.000000	0.000135
2709.000000	0.000131
2708.000000	0.000111
2707.000000	0.000088
2706.000000	0.000074
2705.000000	0.000073
2704.000000	0.000079
2703.000000	0.000082
2702.000000	0.000082
2701.000000	0.000080
2700.000000	0.000076
2699.000000	0.000070
2698.000000	0.000059
2697.000000	0.000048
2696.000000	0.000045
2695.000000	0.000053
2694.000000	0.000067
2693.000000	0.000080
2692.000000	0.000084
2691.000000	0.000080
2690.000000	0.000070
2689.000000	0.000059
2688.000000	0.000049
2687.000000	0.000047
2686.000000	0.000052
2685.000000	0.000058
2684.000000	0.000057
2683.000000	0.000051
2682.000000	0.000052
2681.000000	0.000067
2680.000000	0.000091
2679.000000	0.000105
2678.000000	0.000094
2677.000000	0.000063
2676.000000	0.000031
2675.000000	0.000019
2674.000000	0.000034
2673.000000	0.000069
2672.000000	0.000103
2671.000000	0.000120
2670.000000	0.000118
2669.000000	0.000109
2668.000000	0.000107
2667.000000	0.000114
2666.000000	0.000120
2665.000000	0.000119
2664.000000	0.000119
2663.000000	0.000128
2662.000000	0.000146
2661.000000	0.000167
2660.000000	0.000180
2659.000000	0.000181
2658.000000	0.000172
2657.000000	0.000157
2656.000000	0.000141
2655.000000	0.000125
2654.000000	0.000110
2653.000000	0.000097
2652.000000	0.000093
2651.000000	0.000099
2650.000000	0.000110
2649.000000	0.000118
2648.000000	0.000122
2647.000000	0.000128
2646.000000	0.000139
2645.000000	0.000154
2644.000000	0.000164
2643.000000	0.000164
2642.000000	0.000155
2641.000000	0.000141
2640.000000	0.000128
2639.000000	0.000115
2638.000000	0.000102
2637.000000	0.000098
2636.000000	0.000109
2635.000000	0.000128
2634.000000	0.000140
2633.000000	0.000139
2632.000000	0.000136
2631.000000	0.000143
2630.000000	0.000158
2629.000000	0.000167
2628.000000	0.000161
2627.000000	0.000137
2626.000000	0.000102
2625.000000	0.000067
2624.000000	0.000044
2623.000000	0.000035
2622.000000	0.000039
2621.000000	0.000054
2620.000000	0.000085
2619.000000	0.000129
2618.000000	0.000165
2617.000000	0.000173
2616.000000	0.000149
2615.000000	0.000117
2614.000000	0.000096
2613.000000	0.000090
2612.000000	0.000083
2611.000000	0.000064
2610.000000	0.000037
2609.000000	0.000018
2608.000000	0.000015
2607.000000	0.000023
2606.000000	0.000027
2605.000000	0.000023
2604.000000	0.000018
2603.000000	0.000027
2602.000000	0.000055
2601.000000	0.000097
2600.000000	0.000137
2599.000000	0.000162
2598.000000	0.000163
2597.000000	0.000142
2596.000000	0.000110
2595.000000	0.000084
2594.000000	0.000076
2593.000000	0.000089
2592.000000	0.000115
2591.000000	0.000141
2590.000000	0.000155
2589.000000	0.000152
2588.000000	0.000142
2587.000000	0.000139
2586.000000	0.000146
2585.000000	0.000151
2584.000000	0.000141
2583.000000	0.000110
2582.000000	0.000064
2581.000000	0.000018
2580.000000	-0.000014
2579.000000	-0.000029
2578.000000	-0.000033
2577.000000	-0.000028
2576.000000	-0.000009
2575.000000	0.000022
2574.000000	0.000048
2573.000000	0.000049
2572.000000	0.000023
2571.000000	-0.000006
2570.000000	-0.000011
2569.000000	0.000013
2568.000000	0.000049
2567.000000	0.000073
2566.000000	0.000075
2565.000000	0.000058
2564.000000	0.000034
2563.000000	0.000009
2562.000000	-0.000009
2561.000000	-0.000013
2560.000000	-0.000001
2559.000000	0.000017
2558.000000	0.000025
2557.000000	0.000018
2556.000000	0.000008
2555.000000	0.000008
2554.000000	0.000018
2553.000000	0.000029
2552.000000	0.000032
2551.000000	0.000022
2550.000000	0.000003
2549.000000	-0.000009
2548.000000	0.000004
2547.000000	0.000040
2546.000000	0.000079
2545.000000	0.000098
2544.000000	0.000093
2543.000000	0.000074
2542.000000	0.000054
2541.000000	0.000037
2540.000000	0.000019
2539.000000	-0.000006
2538.000000	-0.000030
2537.000000	-0.000039
2536.000000	-0.000026
2535.000000	-0.000009
2534.000000	-0.000019
2533.000000	-0.000069
2532.000000	-0.000135
2531.000000	-0.000187
2530.000000	-0.000210
2529.000000	-0.000205
2528.000000	-0.000176
2527.000000	-0.000133
2526.000000	-0.000098
2525.000000	-0.000089
2524.000000	-0.000101
2523.000000	-0.000107
2522.000000	-0.000084
2521.000000	-0.000033
2520.000000	0.000023
2519.000000	0.000058
2518.000000	0.000061
2517.000000	0.000050
2516.000000	0.000052
2515.000000	0.000076
2514.000000	0.000099
2513.000000	0.000082
2512.000000	0.000016
2511.000000	-0.000068
2510.000000	-0.000127
2509.000000	-0.000140
2508.000000	-0.000114
2507.000000	-0.000069
2506.000000	-0.000022
2505.000000	0.000018
2504.000000	0.000045
2503.000000	0.000047
2502.000000	0.000018
2501.000000	-0.000036
2500.000000	-0.000095
2499.000000	-0.000135
2498.000000	-0.000144
2497.000000	-0.000121
2496.000000	-0.000074
2495.000000	-0.000020
2494.000000	0.000022
2493.000000	0.000039
2492.000000	0.000041
2491.000000	0.000048
2490.000000	0.000062
2489.000000	0.000070
2488.000000	0.000057
2487.000000	0.000024
2486.000000	-0.000012
2485.000000	-0.000031
2484.000000	-0.000022
2483.000000	0.000010
2482.000000	0.000045
2481.000000	0.000058
2480.000000	0.000042
2479.000000	0.000008
2478.000000	-0.000014
2477.000000	-0.000011
2476.000000	0.000008
2475.000000	0.000018
2474.000000	0.000002
2473.000000	-0.000033
2472.000000	-0.000063
2471.000000	-0.000064
2470.000000	-0.000027
2469.000000	0.000033
2468.000000	0.000089
2467.000000	0.000115
2466.000000	0.000106
2465.000000	0.000082
2464.000000	0.000063
2463.000000	0.000048
2462.000000	0.000024
2461.000000	-0.000015
2460.000000	-0.000051
2459.000000	-0.000067
2458.000000	-0.000063
2457.000000	-0.000050
2456.000000	-0.000032
2455.000000	-0.000007
2454.000000	0.000021
2453.000000	0.000040
2452.000000	0.000041
2451.000000	0.000024
2450.000000	-0.000004
2449.000000	-0.000036
2448.000000	-0.000068
2447.000000	-0.000100
2446.000000	-0.000126
2445.000000	-0.000130
2444.000000	-0.000101
2443.000000	-0.000049
2442.000000	-0.000008
2441.000000	0.000003
2440.000000	-0.000005
2439.000000	-0.000013
2438.000000	-0.000027
2437.000000	-0.000060
2436.000000	-0.000100
2435.000000	-0.000111
2434.000000	-0.000075
2433.000000	-0.000016
2432.000000	0.000030
2431.000000	0.000049
2430.000000	0.000048
2429.000000	0.000038
2428.000000	0.000020
2427.000000	-0.000006
2426.000000	-0.000038
2425.000000	-0.000071
2424.000000	-0.000093
2423.000000	-0.000093
2422.000000	-0.000072
2421.000000	-0.000050
2420.000000	-0.000046
2419.000000	-0.000055
2418.000000	-0.000058
2417.000000	-0.000040
2416.000000	-0.000005
2415.000000	0.000032
2414.000000	0.000051
2413.000000	0.000039
2412.000000	-0.000001
2411.000000	-0.000051
2410.000000	-0.000085
2409.000000	-0.000090
2408.000000	-0.000072
2407.000000	-0.000055
2406.000000	-0.000061
2405.000000	-0.000094
2404.000000	-0.000132
2403.000000	-0.000142
2402.000000	-0.000111
2401.000000	-0.000059
2400.000000	-0.000011
2399.000000	0.000022
2398.000000	0.000049
2397.000000	0.000072
2396.000000	0.000081
2395.000000	0.000066
2394.000000	0.000031
2393.000000	-0.000002
2392.000000	-0.000017
2391.000000	-0.000014
2390.000000	-0.000010
2389.000000	-0.000019
2388.000000	-0.000043
2387.000000	-0.000070
2386.000000	-0.000083
2385.000000	-0.000074
2384.000000	-0.000052
2383.000000	-0.000038
2382.000000	-0.000050
2381.000000	-0.000082
2380.000000	-0.000106
2379.000000	-0.000096
2378.000000	-0.000054
2377.000000	-0.000014
2376.000000	-0.000010
2375.000000	-0.000045
2374.000000	-0.000093
2373.000000	-0.000119
2372.000000	-0.000110
2371.000000	-0.000081
2370.000000	-0.000066
2369.000000	-0.000085
2368.000000	-0.000125
2367.000000	-0.000149
2366.000000	-0.000128
2365.000000	-0.000069
2364.000000	-0.000003
2363.000000	0.000041
2362.000000	0.000053
2361.000000	0.000031
2360.000000	-0.000018
2359.000000	-0.000078
2358.000000	-0.000135
2357.000000	-0.000181
2356.000000	-0.000211
2355.000000	-0.000216
2354.000000	-0.000188
2353.000000	-0.000140
2352.000000	-0.000101
2351.000000	-0.000088
2350.000000	-0.000093
2349.000000	-0.000096
2348.000000	-0.000085
2347.000000	-0.000068
2346.000000	-0.000059
2345.000000	-0.000061
2344.000000	-0.000065
2343.000000	-0.000066
2342.000000	-0.000069
2341.000000	-0.000076
2340.000000	-0.000077
2339.000000	-0.000059
2338.000000	-0.000031
2337.000000	-0.000023
2336.000000	-0.000056
2335.000000	-0.000120
2334.000000	-0.000171
2333.000000	-0.000173
2332.000000	-0.000128
2331.000000	-0.000073
2330.000000	-0.000039
2329.000000	-0.000026
2328.000000	-0.000009
2327.000000	0.000021
2326.000000	0.000051
2325.000000	0.000060
2324.000000	0.000043
2323.000000	0.000007
2322.000000	-0.000032
2321.000000	-0.000068
2320.000000	-0.000093
2319.000000	-0.000101
2318.000000	-0.000083
2317.000000	-0.000040
2316.000000	0.000019
2315.000000	0.000072
2314.000000	0.000097
2313.000000	0.000090
2312.000000	0.000069
2311.000000	0.000059
2310.000000	0.000071
2309.000000	0.000092
2308.000000	0.000097
2307.000000	0.000076
2306.000000	0.000044
2305.000000	0.000028
2304.000000	0.000032
2303.000000	0.000031
2302.000000	0.000007
2301.000000	-0.000028
2300.000000	-0.000042
2299.000000	-0.000028
2298.000000	-0.000007
2297.000000	-0.000001
2296.000000	-0.000002
2295.000000	0.000009
2294.000000	0.000039
2293.000000	0.000076
2292.000000	0.000111
2291.000000	0.000142
2290.000000	0.000169
2289.000000	0.000190
2288.000000	0.000201
2287.000000	0.000189
2286.000000	0.000145
2285.000000	0.000083
2284.000000	0.000042
2283.000000	0.000048
2282.000000	0.000085
2281.000000	0.000118
2280.000000	0.000146
2279.000000	0.000191
2278.000000	0.000246
2277.000000	0.000272
2276.000000	0.000237
2275.000000	0.000161
2274.000000	0.000085
2273.000000	0.000034
2272.000000	0.000004
2271.000000	-0.000012
2270.000000	-0.000018
2269.000000	-0.000023
2268.000000	-0.000028
2267.000000	-0.000016
2266.000000	0.000027
2265.000000	0.000094
2264.000000	0.000156
2263.000000	0.000196
2262.000000	0.000213
2261.000000	0.000218
2260.000000	0.000221
2259.000000	0.000224
2258.000000	0.000220
2257.000000	0.000200
2256.000000	0.000164
2255.000000	0.000126
2254.000000	0.000096
2253.000000	0.000069
2252.000000	0.000038
2251.000000	0.000008
2250.000000	-0.000009
2249.000000	-0.000025
2248.000000	-0.000063
2247.000000	-0.000124
2246.000000	-0.000176
2245.000000	-0.000189
2244.000000	-0.000174
2243.000000	-0.000169
2242.000000	-0.000192
2241.000000	-0.000220
2240.000000	-0.000217
2239.000000	-0.000182
2238.000000	-0.000142
2237.000000	-0.000119
2236.000000	-0.000107
2235.000000	-0.000097
2234.000000	-0.000096
2233.000000	-0.000112
2232.000000	-0.000131
2231.000000	-0.000128
2230.000000	-0.000101
2229.000000	-0.000070
2228.000000	-0.000046
2227.000000	-0.000011
2226.000000	0.000060
2225.000000	0.000165
2224.000000	0.000282
2223.000000	0.000377
2222.000000	0.000414
2221.000000	0.000370
2220.000000	0.000263
2219.000000	0.000146
2218.000000	0.000054
2217.000000	-0.000018
2216.000000	-0.000089
2215.000000	-0.000151
2214.000000	-0.000182
2213.000000	-0.000178
2212.000000	-0.000154
2211.000000	-0.000114
2210.000000	-0.000058
2209.000000	0.000001
2208.000000	0.000031
2207.000000	0.000010
2206.000000	-0.000055
2205.000000	-0.000150
2204.000000	-0.000270
2203.000000	-0.000412
2202.000000	-0.000547
2201.000000	-0.000618
2200.000000	-0.000565
2199.000000	-0.000377
2198.000000	-0.000129
2197.000000	0.000057
2196.000000	0.000110
2195.000000	0.000067
2194.000000	0.000019
2193.000000	0.000012
2192.000000	0.000025
2191.000000	0.000047
2190.000000	0.000095
2189.000000	0.000163
2188.000000	0.000199
2187.000000	0.000175
2186.000000	0.000157
2185.000000	0.000234
2184.000000	0.000392
2183.000000	0.000513
2182.000000	0.000499
2181.000000	0.000370
2180.000000	0.000203
2179.000000	0.000033
2178.000000	-0.000149
2177.000000	-0.000331
2176.000000	-0.000454
2175.000000	-0.000476
2174.000000	-0.000419
2173.000000	-0.000358
2172.000000	-0.000351
2171.000000	-0.000396
2170.000000	-0.000435
2169.000000	-0.000415
2168.000000	-0.000334
2167.000000	-0.000237
2166.000000	-0.000155
2165.000000	-0.000051
2164.000000	0.000118
2163.000000	0.000305
2162.000000	0.000360
2161.000000	0.000165
2160.000000	-0.000221
2159.000000	-0.000598
2158.000000	-0.000808
2157.000000	-0.000833
2156.000000	-0.000734
2155.000000	-0.000567
2154.000000	-0.000386
2153.000000	-0.000255
2152.000000	-0.000233
2151.000000	-0.000331
2150.000000	-0.000505
2149.000000	-0.000670
2148.000000	-0.000747
2147.000000	-0.000714
2146.000000	-0.000616
2145.000000	-0.000525
2144.000000	-0.000482
2143.000000	-0.000480
2142.000000	-0.000494
2141.000000	-0.000500
2140.000000	-0.000472
2139.000000	-0.000390
2138.000000	-0.000269
2137.000000	-0.000169
2136.000000	-0.000142
2135.000000	-0.000189
2134.000000	-0.000265
2133.000000	-0.000319
2132.000000	-0.000329
2131.000000	-0.000302
2130.000000	-0.000261
2129.000000	-0.000226
2128.000000	-0.000204
2127.000000	-0.000182
2126.000000	-0.000155
2125.000000	-0.000131
2124.000000	-0.000121
2123.000000	-0.000109
2122.000000	-0.000068
2121.000000	0.000010
2120.000000	0.000089
2119.000000	0.000118
2118.000000	0.000077
2117.000000	-0.000005
2116.000000	-0.000072
2115.000000	-0.000089
2114.000000	-0.000069
2113.000000	-0.000046
2112.000000	-0.000040
2111.000000	-0.000040
2110.000000	-0.000026
2109.000000	0.000011
2108.000000	0.000061
2107.000000	0.000107
2106.000000	0.000132
2105.000000	0.000120
2104.000000	0.000071
2103.000000	0.000014
2102.000000	-0.000016
2101.000000	-0.000005
2100.000000	0.000027
2099.000000	0.000037
2098.000000	-0.000002
2097.000000	-0.000069
2096.000000	-0.000111
2095.000000	-0.000090
2094.000000	-0.000031
2093.000000	0.000009
2092.000000	-0.000002
2091.000000	-0.000043
2090.000000	-0.000082
2089.000000	-0.000108
2088.000000	-0.000114
2087.000000	-0.000081
2086.000000	0.000002
2085.000000	0.000100
2084.000000	0.000157
2083.000000	0.000157
2082.000000	0.000134
2081.000000	0.000127
2080.000000	0.000149
2079.000000	0.000198
2078.000000	0.000275
2077.000000	0.000363
2076.000000	0.000417
2075.000000	0.000386
2074.000000	0.000257
2073.000000	0.000079
2072.000000	-0.000067
2071.000000	-0.000120
2070.000000	-0.000081
2069.000000	-0.000004
2068.000000	0.000064
2067.000000	0.000128
2066.000000	0.000211
2065.000000	0.000294
2064.000000	0.000322
2063.000000	0.000260
2062.000000	0.000136
2061.000000	0.000008
2060.000000	-0.000068
2059.000000	-0.000048
2058.000000	0.000079
2057.000000	0.000262
2056.000000	0.000402
2055.000000	0.000436
2054.000000	0.000380
2053.000000	0.000284
2052.000000	0.000173
2051.000000	0.000055
2050.000000	-0.000035
2049.000000	-0.000057
2048.000000	-0.000019
2047.000000	0.000038
2046.000000	0.000103
2045.000000	0.000199
2044.000000	0.000305
2043.000000	0.000342
2042.000000	0.000242
2041.000000	0.000031
2040.000000	-0.000181
2039.000000	-0.000280
2038.000000	-0.000221
2037.000000	-0.000052
2036.000000	0.000130
2035.000000	0.000263
2034.000000	0.000366
2033.000000	0.000464
2032.000000	0.000516
2031.000000	0.000447
2030.000000	0.000268
2029.000000	0.000099
2028.000000	0.000046
2027.000000	0.000087
2026.000000	0.000105
2025.000000	0.000026
2024.000000	-0.000120
2023.000000	-0.000241
2022.000000	-0.000269
2021.000000	-0.000213
2020.000000	-0.000147
2019.000000	-0.000161
2018.000000	-0.000289
2017.000000	-0.000491
2016.000000	-0.000674
2015.000000	-0.000758
2014.000000	-0.000718
2013.000000	-0.000585
2012.000000	-0.000418
2011.000000	-0.000242
2010.000000	-0.000050
2009.000000	0.000144
2008.000000	0.000260
2007.000000	0.000224
2006.000000	0.000068
2005.000000	-0.000081
2004.000000	-0.000132
2003.000000	-0.000121
2002.000000	-0.000137
2001.000000	-0.000201
2000.000000	-0.000240
1999.000000	-0.000182
1998.000000	-0.000042
1997.000000	0.000097
1996.000000	0.000176
1995.000000	0.000199
1994.000000	0.000178
1993.000000	0.000093
1992.000000	-0.000079
1991.000000	-0.000283
1990.000000	-0.000378
1989.000000	-0.000243
1988.000000	0.000097
1987.000000	0.000474
1986.000000	0.000704
1985.000000	0.000713
1984.000000	0.000563
1983.000000	0.000369
1982.000000	0.000189
1981.000000	0.000013
1980.000000	-0.000175
1979.000000	-0.000321
1978.000000	-0.000312
1977.000000	-0.000109
1976.000000	0.000164
1975.000000	0.000305
1974.000000	0.000201
1973.000000	-0.000096
1972.000000	-0.000424
1971.000000	-0.000641
1970.000000	-0.000692
1969.000000	-0.000590
1968.000000	-0.000371
1967.000000	-0.000085
1966.000000	0.000188
1965.000000	0.000343
1964.000000	0.000331
1963.000000	0.000220
1962.000000	0.000136
1961.000000	0.000124
1960.000000	0.000105
1959.000000	-0.000013
1958.000000	-0.000200
1957.000000	-0.000328
1956.000000	-0.000315
1955.000000	-0.000188
1954.000000	-0.000036
1953.000000	0.000070
1952.000000	0.000098
1951.000000	0.000052
1950.000000	-0.000034
1949.000000	-0.000098
1948.000000	-0.000107
1947.000000	-0.000085
1946.000000	-0.000088
1945.000000	-0.000146
1944.000000	-0.000231
1943.000000	-0.000290
1942.000000	-0.000298
1941.000000	-0.000278
1940.000000	-0.000269
1939.000000	-0.000270
1938.000000	-0.000248
1937.000000	-0.000186
1936.000000	-0.000125
1935.000000	-0.000126
1934.000000	-0.000190
1933.000000	-0.000253
1932.000000	-0.000251
1931.000000	-0.000184
1930.000000	-0.000101
1929.000000	-0.000048
1928.000000	-0.000033
1927.000000	-0.000042
1926.000000	-0.000045
1925.000000	-0.000019
1924.000000	0.000033
1923.000000	0.000074
1922.000000	0.000065
1921.000000	0.000009
1920.000000	-0.000062
1919.000000	-0.000114
1918.000000	-0.000136
1917.000000	-0.000137
1916.000000	-0.000131
1915.000000	-0.000128
1914.000000	-0.000121
1913.000000	-0.000101
1912.000000	-0.000071
1911.000000	-0.000047
1910.000000	-0.000050
1909.000000	-0.000074
1908.000000	-0.000104
1907.000000	-0.000129
1906.000000	-0.000148
1905.000000	-0.000156
1904.000000	-0.000145
1903.000000	-0.000120
1902.000000	-0.000099
1901.000000	-0.000092
1900.000000	-0.000098
1899.000000	-0.000115
1898.000000	-0.000138
1897.000000	-0.000151
1896.000000	-0.000130
1895.000000	-0.000073
1894.000000	-0.000011
1893.000000	0.000022
1892.000000	0.000021
1891.000000	0.000012
1890.000000	0.000018
1889.000000	0.000026
1888.000000	0.000011
1887.000000	-0.000035
1886.000000	-0.000087
1885.000000	-0.000107
1884.000000	-0.000075
1883.000000	-0.000010
1882.000000	0.000047
1881.000000	0.000066
1880.000000	0.000051
1879.000000	0.000023
1878.000000	0.000005
1877.000000	-0.000001
1876.000000	-0.000003
1875.000000	0.000003
1874.000000	0.000021
1873.000000	0.000043
1872.000000	0.000036
1871.000000	-0.000018
1870.000000	-0.000104
1869.000000	-0.000168
1868.000000	-0.000183
1867.000000	-0.000172
1866.000000	-0.000168
1865.000000	-0.000173
1864.000000	-0.000165
1863.000000	-0.000130
1862.000000	-0.000086
1861.000000	-0.000059
1860.000000	-0.000061
1859.000000	-0.000081
1858.000000	-0.000091
1857.000000	-0.000067
1856.000000	-0.000011
1855.000000	0.000053
1854.000000	0.000101
1853.000000	0.000123
1852.000000	0.000116
1851.000000	0.000080
1850.000000	0.000025
1849.000000	-0.000023
1848.000000	-0.000043
1847.000000	-0.000044
1846.000000	-0.000051
1845.000000	-0.000074
1844.000000	-0.000096
1843.000000	-0.000092
1842.000000	-0.000058
1841.000000	-0.000008
1840.000000	0.000042
1839.000000	0.000075
1838.000000	0.000081
1837.000000	0.000065
1836.000000	0.000040
1835.000000	0.000011
1834.000000	-0.000017
1833.000000	-0.000033
1832.000000	-0.000023
1831.000000	0.000010
1830.000000	0.000044
1829.000000	0.000055
1828.000000	0.000046
1827.000000	0.000037
1826.000000	0.000045
1825.000000	0.000068
1824.000000	0.000089
1823.000000	0.000094
1822.000000	0.000082
1821.000000	0.000062
1820.000000	0.000040
1819.000000	0.000020
1818.000000	-0.000000
1817.000000	-0.000019
1816.000000	-0.000027
1815.000000	-0.000021
1814.000000	-0.000004
1813.000000	0.000014
1812.000000	0.000029
1811.000000	0.000035
1810.000000	0.000030
1809.000000	0.000015
1808.000000	0.000004
1807.000000	0.000004
1806.000000	0.000012
1805.000000	0.000020
1804.000000	0.000020
1803.000000	0.000014
1802.000000	0.000002
1801.000000	-0.000012
1800.000000	-0.000020
1799.000000	-0.000017
1798.000000	-0.000009
1797.000000	-0.000008
1796.000000	-0.000021
1795.000000	-0.000047
1794.000000	-0.000073
1793.000000	-0.000078
1792.000000	-0.000047
1791.000000	0.000010
1790.000000	0.000062
1789.000000	0.000086
1788.000000	0.000078
1787.000000	0.000045
1786.000000	0.000002
1785.000000	-0.000031
1784.000000	-0.000035
1783.000000	-0.000014
1782.000000	0.000012
1781.000000	0.000030
1780.000000	0.000030
1779.000000	0.000022
1778.000000	0.000016
1777.000000	0.000021
1776.000000	0.000031
1775.000000	0.000037
1774.000000	0.000035
1773.000000	0.000031
1772.000000	0.000034
1771.000000	0.000038
1770.000000	0.000035
1769.000000	0.000021
1768.000000	0.000009
1767.000000	0.000012
1766.000000	0.000033
1765.000000	0.000062
1764.000000	0.000085
1763.000000	0.000086
1762.000000	0.000064
1761.000000	0.000035
1760.000000	0.000014
1759.000000	0.000004
1758.000000	0.000004
1757.000000	0.000020
1756.000000	0.000048
1755.000000	0.000076
1754.000000	0.000093
1753.000000	0.000103
1752.000000	0.000115
1751.000000	0.000133
1750.000000	0.000142
1749.000000	0.000127
1748.000000	0.000097
1747.000000	0.000074
1746.000000	0.000073
1745.000000	0.000091
1744.000000	0.000110
1743.000000	0.000110
1742.000000	0.000083
1741.000000	0.000044
1740.000000	0.000024
1739.000000	0.000030
1738.000000	0.000039
1737.000000	0.000027
1736.000000	0.000004
1735.000000	-0.000005
1734.000000	0.000010
1733.000000	0.000026
1732.000000	0.000023
1731.000000	0.000013
1730.000000	0.000012
1729.000000	0.000020
1728.000000	0.000032
1727.000000	0.000055
1726.000000	0.000092
1725.000000	0.000131
1724.000000	0.000147
1723.000000	0.000134
1722.000000	0.000108
1721.000000	0.000093
1720.000000	0.000108
1719.000000	0.000153
1718.000000	0.000198
1717.000000	0.000191
1716.000000	0.000120
1715.000000	0.000030
1714.000000	-0.000035
1713.000000	-0.000061
1712.000000	-0.000060
1711.000000	-0.000045
1710.000000	-0.000023
1709.000000	0.000000
1708.000000	0.000014
1707.000000	0.000013
1706.000000	0.000005
1705.000000	0.000001
1704.000000	0.000000
1703.000000	-0.000003
1702.000000	0.000001
1701.000000	0.000023
1700.000000	0.000058
1699.000000	0.000082
1698.000000	0.000081
1697.000000	0.000072
1696.000000	0.000070
1695.000000	0.000071
1694.000000	0.000064
1693.000000	0.000054
1692.000000	0.000050
1691.000000	0.000051
1690.000000	0.000044
1689.000000	0.000026
1688.000000	0.000007
1687.000000	0.000004
1686.000000	0.000033
1685.000000	0.000076
1684.000000	0.000093
1683.000000	0.000059
1682.000000	0.000002
1681.000000	-0.000029
1680.000000	-0.000021
1679.000000	0.000007
1678.000000	0.000032
1677.000000	0.000049
1676.000000	0.000060
1675.000000	0.000067
1674.000000	0.000071
1673.000000	0.000076
1672.000000	0.000078
1671.000000	0.000069
1670.000000	0.000044
1669.000000	0.000019
1668.000000	0.000009
1667.000000	0.000012
1666.000000	0.000026
1665.000000	0.000055
1664.000000	0.000097
1663.000000	0.000140
1662.000000	0.000162
1661.000000	0.000159
1660.000000	0.000143
1659.000000	0.000126
1658.000000	0.000110
1657.000000	0.000092
1656.000000	0.000068
1655.000000	0.000041
1654.000000	0.000024
1653.000000	0.000033
1652.000000	0.000061
1651.000000	0.000065
1650.000000	0.000037
1649.000000	0.000000
1648.000000	-0.000019
1647.000000	0.000003
1646.000000	0.000060
1645.000000	0.000112
1644.000000	0.000127
1643.000000	0.000113
1642.000000	0.000093
1641.000000	0.000091
1640.000000	0.000106
1639.000000	0.000120
1638.000000	0.000118
1637.000000	0.000101
1636.000000	0.000085
1635.000000	0.000079
1634.000000	0.000076
1633.000000	0.000070
1632.000000	0.000066
1631.000000	0.000062
1630.000000	0.000051
1629.000000	0.000031
1628.000000	0.000011
1627.000000	0.000000
1626.000000	-0.000001
1625.000000	0.000008
1624.000000	0.000026
1623.000000	0.000051
1622.000000	0.000066
1621.000000	0.000058
1620.000000	0.000033
1619.000000	0.000017
1618.000000	0.000034
1617.000000	0.000080
1616.000000	0.000115
1615.000000	0.000104
1614.000000	0.000061
1613.000000	0.000024
1612.000000	0.000012
1611.000000	0.000018
1610.000000	0.000027
1609.000000	0.000033
1608.000000	0.000043
1607.000000	0.000059
1606.000000	0.000079
1605.000000	0.000098
1604.000000	0.000111
1603.000000	0.000109
1602.000000	0.000095
1601.000000	0.000082
1600.000000	0.000080
1599.000000	0.000086
1598.000000	0.000086
1597.000000	0.000074
1596.000000	0.000061
1595.000000	0.000067
1594.000000	0.000096
1593.000000	0.000134
1592.000000	0.000162
1591.000000	0.000169
1590.000000	0.000159
1589.000000	0.000144
1588.000000	0.000131
1587.000000	0.000122
1586.000000	0.000115
1585.000000	0.000110
1584.000000	0.000107
1583.000000	0.000101
1582.000000	0.000094
1581.000000	0.000092
1580.000000	0.000092
1579.000000	0.000088
1578.000000	0.000076
1577.000000	0.000062
1576.000000	0.000062
1575.000000	0.000078
1574.000000	0.000093
1573.000000	0.000093
1572.000000	0.000078
1571.000000	0.000051
1570.000000	0.000024
1569.000000	0.000007
1568.000000	0.000003
1567.000000	0.000007
1566.000000	0.000023
1565.000000	0.000058
1564.000000	0.000103
1563.000000	0.000135
1562.000000	0.000141
1561.000000	0.000124
1560.000000	0.000097
1559.000000	0.000090
1558.000000	0.000114
1557.000000	0.000136
1556.000000	0.000146
1555.000000	0.000148
1554.000000	0.000139
1553.000000	0.000119
1552.000000	0.000100
1551.000000	0.000093
1550.000000	0.000101
1549.000000	0.000112
1548.000000	0.000119
1547.000000	0.000128
1546.000000	0.000141
1545.000000	0.000158
1544.000000	0.000173
1543.000000	0.000184
1542.000000	0.000191
1541.000000	0.000183
1540.000000	0.000157
1539.000000	0.000126
1538.000000	0.000100
1537.000000	0.000083
1536.000000	0.000078
1535.000000	0.000085
1534.000000	0.000098
1533.000000	0.000107
1532.000000	0.000109
1531.000000	0.000113
1530.000000	0.000126
1529.000000	0.000150
1528.000000	0.000185
1527.000000	0.000222
1526.000000	0.000239
1525.000000	0.000219
1524.000000	0.000163
1523.000000	0.000094
1522.000000	0.000039
1521.000000	0.000016
1520.000000	0.000018
1519.000000	0.000038
1518.000000	0.000078
1517.000000	0.000134
1516.000000	0.000186
1515.000000	0.000210
1514.000000	0.000204
1513.000000	0.000187
1512.000000	0.000174
1511.000000	0.000175
1510.000000	0.000187
1509.000000	0.000201
1508.000000	0.000203
1507.000000	0.000189
1506.000000	0.000172
1505.000000	0.000170
1504.000000	0.000183
1503.000000	0.000199
1502.000000	0.000203
1501.000000	0.000193
1500.000000	0.000167
1499.000000	0.000130
1498.000000	0.000090
1497.000000	0.000068
1496.000000	0.000086
1495.000000	0.000130
1494.000000	0.000154
1493.000000	0.000139
1492.000000	0.000109
1491.000000	0.000105
1490.000000	0.000137
1489.000000	0.000168
1488.000000	0.000169
1487.000000	0.000152
1486.000000	0.000137
1485.000000	0.000129
1484.000000	0.000124
1483.000000	0.000124
1482.000000	0.000132
1481.000000	0.000137
1480.000000	0.000128
1479.000000	0.000112
1478.000000	0.000109
1477.000000	0.000126
1476.000000	0.000149
1475.000000	0.000154
1474.000000	0.000137
1473.000000	0.000114
1472.000000	0.000102
1471.000000	0.000107
1470.000000	0.000122
1469.000000	0.000141
1468.000000	0.000162
1467.000000	0.000182
1466.000000	0.000198
1465.000000	0.000206
1464.000000	0.000203
1463.000000	0.000193
1462.000000	0.000187
1461.000000	0.000186
1460.000000	0.000187
1459.000000	0.000183
1458.000000	0.000174
1457.000000	0.000162
1456.000000	0.000147
1455.000000	0.000128
1454.000000	0.000118
1453.000000	0.000130
1452.000000	0.000160
1451.000000	0.000190
1450.000000	0.000201
1449.000000	0.000190
1448.000000	0.000169
1447.000000	0.000150
1446.000000	0.000138
1445.000000	0.000132
1444.000000	0.000126
1443.000000	0.000123
1442.000000	0.000128
1441.000000	0.000137
1440.000000	0.000145
1439.000000	0.000149
1438.000000	0.000149
1437.000000	0.000138
1436.000000	0.000117
1435.000000	0.000098
1434.000000	0.000095
1433.000000	0.000111
1432.000000	0.000132
1431.000000	0.000149
1430.000000	0.000165
1429.000000	0.000182
1428.000000	0.000190
1427.000000	0.000175
1426.000000	0.000141
1425.000000	0.000107
1424.000000	0.000088
1423.000000	0.000081
1422.000000	0.000076
1421.000000	0.000080
1420.000000	0.000102
1419.000000	0.000141
1418.000000	0.000170
1417.000000	0.000170
1416.000000	0.000153
1415.000000	0.000141
1414.000000	0.000141
1413.000000	0.000144
1412.000000	0.000144
1411.000000	0.000146
1410.000000	0.000156
1409.000000	0.000171
1408.000000	0.000184
1407.000000	0.000190
1406.000000	0.000192
1405.000000	0.000187
1404.000000	0.000174
1403.000000	0.000155
1402.000000	0.000139
1401.000000	0.000133
1400.000000	0.000136
1399.000000	0.000141
1398.000000	0.000147
1397.000000	0.000158
1396.000000	0.000173
1395.000000	0.000180
1394.000000	0.000170
1393.000000	0.000153
1392.000000	0.000145
1391.000000	0.000157
1390.000000	0.000180
1389.000000	0.000201
1388.000000	0.000208
1387.000000	0.000199
1386.000000	0.000180
1385.000000	0.000160
1384.000000	0.000150
1383.000000	0.000153
1382.000000	0.000162
1381.000000	0.000169
1380.000000	0.000173
1379.000000	0.000179
1378.000000	0.000187
1377.000000	0.000190
1376.000000	0.000181
1375.000000	0.000157
1374.000000	0.000130
1373.000000	0.000119
1372.000000	0.000130
1371.000000	0.000154
1370.000000	0.000178
1369.000000	0.000191
1368.000000	0.000190
1367.000000	0.000173
1366.000000	0.000142
1365.000000	0.000109
1364.000000	0.000096
1363.000000	0.000116
1362.000000	0.000161
1361.000000	0.000199
1360.000000	0.000210
1359.000000	0.000197
1358.000000	0.000177
1357.000000	0.000167
1356.000000	0.000169
1355.000000	0.000180
1354.000000	0.000192
1353.000000	0.000203
1352.000000	0.000211
1351.000000	0.000213
1350.000000	0.000203
1349.000000	0.000181
1348.000000	0.000159
1347.000000	0.000148
1346.000000	0.000146
1345.000000	0.000146
1344.000000	0.000148
1343.000000	0.000159
1342.000000	0.000181
1341.000000	0.000201
1340.000000	0.000208
1339.000000	0.000202
1338.000000	0.000196
1337.000000	0.000194
1336.000000	0.000192
1335.000000	0.000183
1334.000000	0.000166
1333.000000	0.000149
1332.000000	0.000142
1331.000000	0.000149
1330.000000	0.000161
1329.000000	0.000159
1328.000000	0.000134
1327.000000	0.000098
1326.000000	0.000078
1325.000000	0.000090
1324.000000	0.000121
1323.000000	0.000147
1322.000000	0.000157
1321.000000	0.000155
1320.000000	0.000150
1319.000000	0.000148
1318.000000	0.000153
1317.000000	0.000166
1316.000000	0.000184
1315.000000	0.000200
1314.000000	0.000207
1313.000000	0.000205
1312.000000	0.000199
1311.000000	0.000192
1310.000000	0.000187
1309.000000	0.000184
1308.000000	0.000179
1307.000000	0.000171
1306.000000	0.000162
1305.000000	0.000153
1304.000000	0.000143
1303.000000	0.000134
1302.000000	0.000126
1301.000000	0.000124
1300.000000	0.000127
1299.000000	0.000133
1298.000000	0.000140
1297.000000	0.000148
1296.000000	0.000158
1295.000000	0.000166
1294.000000	0.000173
1293.000000	0.000183
1292.000000	0.000200
1291.000000	0.000214
1290.000000	0.000214
1289.000000	0.000198
1288.000000	0.000180
1287.000000	0.000171
1286.000000	0.000172
1285.000000	0.000176
1284.000000	0.000174
1283.000000	0.000164
1282.000000	0.000151
1281.000000	0.000142
1280.000000	0.000143
1279.000000	0.000153
1278.000000	0.000169
1277.000000	0.000184
1276.000000	0.000190
1275.000000	0.000180
1274.000000	0.000154
1273.000000	0.000124
1272.000000	0.000107
1271.000000	0.000112
1270.000000	0.000135
1269.000000	0.000163
1268.000000	0.000181
1267.000000	0.000185
1266.000000	0.000180
1265.000000	0.000174
1264.000000	0.000167
1263.000000	0.000150
1262.000000	0.000127
1261.000000	0.000116
1260.000000	0.000137
1259.000000	0.000182
1258.000000	0.000216
1257.000000	0.000212
1256.000000	0.000172
1255.000000	0.000124
1254.000000	0.000094
1253.000000	0.000093
1252.000000	0.000118
1251.000000	0.000156
1250.000000	0.000188
1249.000000	0.000204
1248.000000	0.000201
1247.000000	0.000187
1246.000000	0.000169
1245.000000	0.000158
1244.000000	0.000162
1243.000000	0.000183
1242.000000	0.000203
1241.000000	0.000205
1240.000000	0.000186
1239.000000	0.000157
1238.000000	0.000135
1237.000000	0.000132
1236.000000	0.000150
1235.000000	0.000180
1234.000000	0.000201
1233.000000	0.000193
1232.000000	0.000156
1231.000000	0.000117
1230.000000	0.000099
1229.000000	0.000104
1228.000000	0.000117
1227.000000	0.000128
1226.000000	0.000139
1225.000000	0.000156
1224.000000	0.000175
1223.000000	0.000182
1222.000000	0.000169
1221.000000	0.000148
1220.000000	0.000140
1219.000000	0.000160
1218.000000	0.000196
1217.000000	0.000227
1216.000000	0.000241
1215.000000	0.000239
1214.000000	0.000228
1213.000000	0.000211
1212.000000	0.000185
1211.000000	0.000149
1210.000000	0.000107
1209.000000	0.000072
1208.000000	0.000061
1207.000000	0.000082
1206.000000	0.000127
1205.000000	0.000176
1204.000000	0.000209
1203.000000	0.000222
1202.000000	0.000217
1201.000000	0.000206
1200.000000	0.000202
1199.000000	0.000203
1198.000000	0.000202
1197.000000	0.000190
1196.000000	0.000178
1195.000000	0.000182
1194.000000	0.000206
1193.000000	0.000236
1192.000000	0.000257
1191.000000	0.000268
1190.000000	0.000272
1189.000000	0.000266
1188.000000	0.000245
1187.000000	0.000211
1186.000000	0.000180
1185.000000	0.000169
1184.000000	0.000182
1183.000000	0.000209
1182.000000	0.000230
1181.000000	0.000232
1180.000000	0.000209
1179.000000	0.000172
1178.000000	0.000143
1177.000000	0.000145
1176.000000	0.000184
1175.000000	0.000233
1174.000000	0.000253
1173.000000	0.000235
1172.000000	0.000199
1171.000000	0.000169
1170.000000	0.000147
1169.000000	0.000128
1168.000000	0.000122
1167.000000	0.000143
1166.000000	0.000179
1165.000000	0.000205
1164.000000	0.000213
1163.000000	0.000218
1162.000000	0.000226
1161.000000	0.000229
1160.000000	0.000221
1159.000000	0.000217
1158.000000	0.000225
1157.000000	0.000237
1156.000000	0.000241
1155.000000	0.000232
1154.000000	0.000211
1153.000000	0.000182
1152.000000	0.000162
1151.000000	0.000173
1150.000000	0.000209
1149.000000	0.000232
1148.000000	0.000217
1147.000000	0.000188
1146.000000	0.000182
1145.000000	0.000199
1144.000000	0.000204
1143.000000	0.000181
1142.000000	0.000148
1141.000000	0.000133
1140.000000	0.000142
1139.000000	0.000166
1138.000000	0.000192
1137.000000	0.000204
1136.000000	0.000187
1135.000000	0.000149
1134.000000	0.000121
1133.000000	0.000130
1132.000000	0.000174
1131.000000	0.000218
1130.000000	0.000231
1129.000000	0.000204
1128.000000	0.000159
1127.000000	0.000127
1126.000000	0.000125
1125.000000	0.000149
1124.000000	0.000189
1123.000000	0.000238
1122.000000	0.000291
1121.000000	0.000328
1120.000000	0.000328
1119.000000	0.000293
1118.000000	0.000252
1117.000000	0.000234
1116.000000	0.000245
1115.000000	0.000269
1114.000000	0.000284
1113.000000	0.000278
1112.000000	0.000248
1111.000000	0.000198
1110.000000	0.000145
1109.000000	0.000112
1108.000000	0.000121
1107.000000	0.000181
1106.000000	0.000274
1105.000000	0.000364
1104.000000	0.000417
1103.000000	0.000428
1102.000000	0.000410
1101.000000	0.000375
1100.000000	0.000324
1099.000000	0.000264
1098.000000	0.000214
1097.000000	0.000200
1096.000000	0.000230
1095.000000	0.000285
1094.000000	0.000332
1093.000000	0.000343
1092.000000	0.000315
1091.000000	0.000263
1090.000000	0.000199
1089.000000	0.000135
1088.000000	0.000084
1087.000000	0.000064
1086.000000	0.000082
1085.000000	0.000120
1084.000000	0.000157
1083.000000	0.000187
1082.000000	0.000217
1081.000000	0.000241
1080.000000	0.000252
1079.000000	0.000244
1078.000000	0.000227
1077.000000	0.000206
1076.000000	0.000186
1075.000000	0.000176
1074.000000	0.000179
1073.000000	0.000186
1072.000000	0.000187
1071.000000	0.000191
1070.000000	0.000219
1069.000000	0.000267
1068.000000	0.000308
1067.000000	0.000329
1066.000000	0.000343
1065.000000	0.000368
1064.000000	0.000390
1063.000000	0.000388
1062.000000	0.000366
1061.000000	0.000348
1060.000000	0.000349
1059.000000	0.000355
1058.000000	0.000349
1057.000000	0.000326
1056.000000	0.000294
1055.000000	0.000262
1054.000000	0.000242
1053.000000	0.000241
1052.000000	0.000257
1051.000000	0.000267
1050.000000	0.000248
1049.000000	0.000202
1048.000000	0.000161
1047.000000	0.000157
1046.000000	0.000192
1045.000000	0.000227
1044.000000	0.000229
1043.000000	0.000206
1042.000000	0.000200
1041.000000	0.000240
1040.000000	0.000310
1039.000000	0.000371
1038.000000	0.000395
1037.000000	0.000380
1036.000000	0.000349
1035.000000	0.000329
1034.000000	0.000331
1033.000000	0.000340
1032.000000	0.000327
1031.000000	0.000284
1030.000000	0.000233
1029.000000	0.000198
1028.000000	0.000179
1027.000000	0.000162
1026.000000	0.000144
1025.000000	0.000132
1024.000000	0.000124
1023.000000	0.000109
1022.000000	0.000085
1021.000000	0.000076
1020.000000	0.000107
1019.000000	0.000177
1018.000000	0.000256
1017.000000	0.000303
1016.000000	0.000291
1015.000000	0.000228
1014.000000	0.000155
1013.000000	0.000118
1012.000000	0.000136
1011.000000	0.000189
1010.000000	0.000247
1009.000000	0.000287
1008.000000	0.000295
1007.000000	0.000263
1006.000000	0.000197
1005.000000	0.000125
1004.000000	0.000089
1003.000000	0.000107
1002.000000	0.000162
1001.000000	0.000226
1000.000000	0.000287
999.000000	0.000340
998.000000	0.000369
997.000000	0.000353
996.000000	0.000296
995.000000	0.000239
994.000000	0.000220
993.000000	0.000231
992.000000	0.000232
991.000000	0.000201
990.000000	0.000155
989.000000	0.000123
988.000000	0.000104
987.000000	0.000086
986.000000	0.000080
985.000000	0.000113
984.000000	0.000201
983.000000	0.000321
982.000000	0.000425
981.000000	0.000473
980.000000	0.000456
979.000000	0.000395
978.000000	0.000335
977.000000	0.000318
976.000000	0.000356
975.000000	0.000420
974.000000	0.000469
973.000000	0.000478
972.000000	0.000455
971.000000	0.000418
970.000000	0.000381
969.000000	0.000350
968.000000	0.000326
967.000000	0.000308
966.000000	0.000288
965.000000	0.000249
964.000000	0.000185
963.000000	0.000112
962.000000	0.000061
961.000000	0.000054
960.000000	0.000093
959.000000	0.000168
958.000000	0.000263
957.000000	0.000353
956.000000	0.000401
955.000000	0.000385
954.000000	0.000317
953.000000	0.000241
952.000000	0.000198
951.000000	0.000194
950.000000	0.000204
949.000000	0.000199
948.000000	0.000179
947.000000	0.000169
946.000000	0.000180
945.000000	0.000189
944.000000	0.000168
943.000000	0.000129
942.000000	0.000115
941.000000	0.000142
940.000000	0.000174
939.000000	0.000170
938.000000	0.000141
937.000000	0.000125
936.000000	0.000143
935.000000	0.000172
934.000000	0.000190
933.000000	0.000195
932.000000	0.000197
931.000000	0.000203
930.000000	0.000216
929.000000	0.000236
928.000000	0.000255
927.000000	0.000268
926.000000	0.000284
925.000000	0.000322
924.000000	0.000373
923.000000	0.000412
922.000000	0.000423
921.000000	0.000420
920.000000	0.000418
919.000000	0.000409
918.000000	0.000374
917.000000	0.000317
916.000000	0.000263
915.000000	0.000240
914.000000	0.000260
913.000000	0.000324
912.000000	0.000409
911.000000	0.000470
910.000000	0.000464
909.000000	0.000390
908.000000	0.000279
907.000000	0.000177
906.000000	0.000116
905.000000	0.000114
904.000000	0.000167
903.000000	0.000253
902.000000	0.000332
901.000000	0.000368
900.000000	0.000350
899.000000	0.000296
898.000000	0.000245
897.000000	0.000230
896.000000	0.000250
895.000000	0.000274
894.000000	0.000275
893.000000	0.000255
892.000000	0.000237
891.000000	0.000234
890.000000	0.000233
889.000000	0.000213
888.000000	0.000169
887.000000	0.000121
886.000000	0.000108
885.000000	0.000149
884.000000	0.000211
883.000000	0.000224
882.000000	0.000153
881.000000	0.000048
880.000000	-0.000003
879.000000	0.000039
878.000000	0.000129
877.000000	0.000194
876.000000	0.000203
875.000000	0.000179
874.000000	0.000156
873.000000	0.000148
872.000000	0.000147
871.000000	0.000137
870.000000	0.000118
869.000000	0.000112
868.000000	0.000137
867.000000	0.000177
866.000000	0.000189
865.000000	0.000148
864.000000	0.000080
863.000000	0.000045
862.000000	0.000077
861.000000	0.000160
860.000000	0.000250
859.000000	0.000318
858.000000	0.000360
857.000000	0.000375
856.000000	0.000350
855.000000	0.000279
854.000000	0.000188
853.000000	0.000130
852.000000	0.000127
851.000000	0.000151
850.000000	0.000160
849.000000	0.000155
848.000000	0.000174
847.000000	0.000234
846.000000	0.000303
845.000000	0.000346
844.000000	0.000363
843.000000	0.000384
842.000000	0.000421
841.000000	0.000447
840.000000	0.000439
839.000000	0.000403
838.000000	0.000371
837.000000	0.000370
836.000000	0.000400
835.000000	0.000437
834.000000	0.000452
833.000000	0.000429
832.000000	0.000374
831.000000	0.000312
830.000000	0.000280
829.000000	0.000301
828.000000	0.000364
827.000000	0.000439
826.000000	0.000494
825.000000	0.000506
824.000000	0.000463
823.000000	0.000360
822.000000	0.000224
821.000000	0.000115
820.000000	0.000088
819.000000	0.000148
818.000000	0.000239
817.000000	0.000287
816.000000	0.000269
815.000000	0.000220
814.000000	0.000199
813.000000	0.000227
812.000000	0.000275
811.000000	0.000296
810.000000	0.000273
809.000000	0.000235
808.000000	0.000216
807.000000	0.000213
806.000000	0.000201
805.000000	0.000177
804.000000	0.000175
803.000000	0.000229
802.000000	0.000321
801.000000	0.000383
800.000000	0.000367
799.000000	0.000296
798.000000	0.000246
797.000000	0.000264
796.000000	0.000313
795.000000	0.000321
794.000000	0.000257
793.000000	0.000165
792.000000	0.000100
791.000000	0.000063
790.000000	0.000030
789.000000	0.000003
788.000000	0.000021
787.000000	0.000099
786.000000	0.000190
785.000000	0.000224
784.000000	0.000175
783.000000	0.000094
782.000000	0.000063
781.000000	0.000127
780.000000	0.000254
779.000000	0.000360
778.000000	0.000387
777.000000	0.000348
776.000000	0.000305
775.000000	0.000309
774.000000	0.000367
773.000000	0.000452
772.000000	0.000520
771.000000	0.000524
770.000000	0.000445
769.000000	0.000325
768.000000	0.000238
767.000000	0.000224
766.000000	0.000254
765.000000	0.000275
764.000000	0.000263
763.000000	0.000233
762.000000	0.000194
761.000000	0.000149
760.000000	0.000106
759.000000	0.000077
758.000000	0.000062
757.000000	0.000049
756.000000	0.000029
755.000000	-0.000008
754.000000	-0.000071
753.000000	-0.000141
752.000000	-0.000159
751.000000	-0.000087
750.000000	0.000033
749.000000	0.000106
748.000000	0.000092
747.000000	0.000054
746.000000	0.000076
745.000000	0.000164
744.000000	0.000249
743.000000	0.000282
742.000000	0.000287
741.000000	0.000301
740.000000	0.000308
739.000000	0.000255
738.000000	0.000129
737.000000	-0.000002
736.000000	-0.000052
735.000000	0.000005
734.000000	0.000113
733.000000	0.000193
732.000000	0.000214
731.000000	0.000209
730.000000	0.000228
729.000000	0.000279
728.000000	0.000316
727.000000	0.000295
726.000000	0.000236
725.000000	0.000212
724.000000	0.000264
723.000000	0.000334
722.000000	0.000322
721.000000	0.000204
720.000000	0.000075
719.000000	0.000058
718.000000	0.000171
717.000000	0.000311
716.000000	0.000366
715.000000	0.000302
714.000000	0.000182
713.000000	0.000101
712.000000	0.000116
711.000000	0.000209
710.000000	0.000292
709.000000	0.000277
708.000000	0.000153
707.000000	-0.000001
706.000000	-0.000084
705.000000	-0.000059
704.000000	0.000028
703.000000	0.000117
702.000000	0.000196
701.000000	0.000287
700.000000	0.000389
699.000000	0.000457
698.000000	0.000456
697.000000	0.000403
696.000000	0.000346
695.000000	0.000315
694.000000	0.000311
693.000000	0.000348
692.000000	0.000437
691.000000	0.000542
690.000000	0.000567
689.000000	0.000459
688.000000	0.000283
687.000000	0.000164
686.000000	0.000148
685.000000	0.000175
684.000000	0.000173
683.000000	0.000146
682.000000	0.000150
681.000000	0.000209
680.000000	0.000277
679.000000	0.000290
678.000000	0.000226
677.000000	0.000134
676.000000	0.000086
675.000000	0.000107
674.000000	0.000145
673.000000	0.000145
672.000000	0.000114
671.000000	0.000091
670.000000	0.000076
669.000000	0.000028
668.000000	-0.000033
667.000000	-0.000021
666.000000	0.000106
665.000000	0.000291
664.000000	0.000444
663.000000	0.000518
662.000000	0.000527
661.000000	0.000500
660.000000	0.000454
659.000000	0.000421
658.000000	0.000436
657.000000	0.000482
656.000000	0.000478
655.000000	0.000352
654.000000	0.000124
653.000000	-0.000089
652.000000	-0.000175
651.000000	-0.000100
650.000000	0.000076
649.000000	0.000276
648.000000	0.000464
647.000000	0.000631
646.000000	0.000742
645.000000	0.000739
644.000000	0.000600
643.000000	0.000390
642.000000	0.000202
641.000000	0.000066
640.000000	-0.000059
639.000000	-0.000209
638.000000	-0.000352
637.000000	-0.000434
636.000000	-0.000443
635.000000	-0.000413
634.000000	-0.000381
633.000000	-0.000360
632.000000	-0.000342
631.000000	-0.000305
630.000000	-0.000232
629.000000	-0.000135
628.000000	-0.000065
627.000000	-0.000066
626.000000	-0.000130
625.000000	-0.000191
624.000000	-0.000195
623.000000	-0.000130
622.000000	-0.000018
621.000000	0.000105
620.000000	0.000198
619.000000	0.000231
618.000000	0.000215
617.000000	0.000225
616.000000	0.000337
615.000000	0.000555
614.000000	0.000799
613.000000	0.000966
612.000000	0.001002
611.000000	0.000931
610.000000	0.000836
609.000000	0.000791
608.000000	0.000796
607.000000	0.000762
606.000000	0.000608
605.000000	0.000368
604.000000	0.000180
603.000000	0.000142
602.000000	0.000185
601.000000	0.000128
600.000000	-0.000131
599.000000	-0.000487
598.000000	-0.000727
597.000000	-0.000719
596.000000	-0.000511
595.000000	-0.000255
594.000000	-0.000072
593.000000	0.000009
592.000000	0.000022
591.000000	0.000011
590.000000	0.000001
589.000000	-0.000005
588.000000	-0.000018
587.000000	-0.000057
586.000000	-0.000124
585.000000	-0.000189
584.000000	-0.000199
583.000000	-0.000122
582.000000	0.000041
581.000000	0.000274
580.000000	0.000566
579.000000	0.000870
578.000000	0.001088
577.000000	0.001129
576.000000	0.001010
575.000000	0.000858
574.000000	0.000753
573.000000	0.000617
572.000000	0.000330
571.000000	-0.000044
570.000000	-0.000262
569.000000	-0.000168
568.000000	0.000111
567.000000	0.000312
566.000000	0.000339
565.000000	0.000321
564.000000	0.000391
563.000000	0.000530
562.000000	0.000644
561.000000	0.000696
560.000000	0.000700
559.000000	0.000666
558.000000	0.000622
557.000000	0.000629
556.000000	0.000691
555.000000	0.000679
554.000000	0.000462
553.000000	0.000090
552.000000	-0.000227
551.000000	-0.000333
550.000000	-0.000277
549.000000	-0.000233
548.000000	-0.000330
547.000000	-0.000549
546.000000	-0.000718
545.000000	-0.000625
544.000000	-0.000208
543.000000	0.000324
542.000000	0.000673
541.000000	0.000757
540.000000	0.000744
539.000000	0.000738
538.000000	0.000594
537.000000	0.000173
536.000000	-0.000313
535.000000	-0.000434
534.000000	-0.000051
533.000000	0.000491
532.000000	0.000763
531.000000	0.000716
530.000000	0.000672
529.000000	0.000910
528.000000	0.001365
527.000000	0.001720
526.000000	0.001718
525.000000	0.001397
524.000000	0.001011
523.000000	0.000761
522.000000	0.000629
521.000000	0.000446
520.000000	0.000107
519.000000	-0.000293
518.000000	-0.000536
517.000000	-0.000505
516.000000	-0.000323
515.000000	-0.000245
514.000000	-0.000426
513.000000	-0.000767
512.000000	-0.000984
511.000000	-0.000838
510.000000	-0.000330
509.000000	0.000320
508.000000	0.000843
507.000000	0.001069
506.000000	0.000996
505.000000	0.000764
504.000000	0.000521
503.000000	0.000279
502.000000	-0.000042
501.000000	-0.000404
500.000000	-0.000577
499.000000	-0.000396
498.000000	-0.000012
497.000000	0.000232
496.000000	0.000197
495.000000	0.000073
494.000000	0.000081
493.000000	0.000185
492.000000	0.000222
491.000000	0.000166
490.000000	0.000098
489.000000	-0.000007
488.000000	-0.000297
487.000000	-0.000821
486.000000	-0.001420
485.000000	-0.001844
484.000000	-0.001893
483.000000	-0.001489
482.000000	-0.000752
481.000000	0.000009
480.000000	0.000514
479.000000	0.000734
478.000000	0.000868
477.000000	0.001065
476.000000	0.001288
475.000000	0.001482
474.000000	0.001726
473.000000	0.002094
472.000000	0.002462
471.000000	0.002586
470.000000	0.002324
469.000000	0.001694
468.000000	0.000848
467.000000	0.000116
466.000000	-0.000122
465.000000	0.000187
464.000000	0.000599
463.000000	0.000532
462.000000	-0.000128
461.000000	-0.000860
460.000000	-0.001028
459.000000	-0.000480
458.000000	0.000287
457.000000	0.000600
456.000000	0.000327
455.000000	-0.000058
454.000000	-0.000103
453.000000	0.000117
452.000000	0.000071
451.000000	-0.000600
450.000000	-0.001556
449.000000	-0.001993
448.000000	-0.001440
447.000000	-0.000303
446.000000	0.000444
445.000000	0.000219
444.000000	-0.000599
443.000000	-0.001044
442.000000	-0.000541
441.000000	0.000541
440.000000	0.001433
439.000000	0.001818
438.000000	0.001954
437.000000	0.002088
436.000000	0.002047
435.000000	0.001553
434.000000	0.000714
433.000000	-0.000069
432.000000	-0.000567
431.000000	-0.000861
430.000000	-0.001105
429.000000	-0.001310
428.000000	-0.001346
427.000000	-0.001058
426.000000	-0.000365
425.000000	0.000543
424.000000	0.001159
423.000000	0.001121
422.000000	0.000793
421.000000	0.000999
420.000000	0.002050
419.000000	0.002960
418.000000	0.002260
417.000000	0.000013
416.000000	-0.002439
415.000000	-0.003975
414.000000	-0.004146
413.000000	-0.003257
412.000000	-0.002112
411.000000	-0.001306
410.000000	-0.000690
409.000000	0.000272
408.000000	0.001547
407.000000	0.002364
406.000000	0.002218
405.000000	0.001679
404.000000	0.001671
403.000000	0.002304
402.000000	0.002985
401.000000	0.003204
400.000000	0.002971
