PE IR       SUBTECH     SPECTRUM    ASCII       PEDS        4.00        
   -1
4_8_24_Napthalene.ASC
24/04/08
17:51:27.00
24/04/08
18:09:20.00
Yarger Lab
Sample 077 By YargerLab Date Monday, April 08 2024
400.000000
#HDR
-1
-1
#GR
cm-1
A
1.0
0.0
4500.000000
-1.000000
4101
8
0.520050
0.070288
#DATA
4500.000000	0.089071
4499.000000	0.089062
4498.000000	0.089053
4497.000000	0.089044
4496.000000	0.089016
4495.000000	0.088971
4494.000000	0.088919
4493.000000	0.088871
4492.000000	0.088829
4491.000000	0.088786
4490.000000	0.088731
4489.000000	0.088668
4488.000000	0.088610
4487.000000	0.088576
4486.000000	0.088575
4485.000000	0.088599
4484.000000	0.088628
4483.000000	0.088647
4482.000000	0.088650
4481.000000	0.088646
4480.000000	0.088647
4479.000000	0.088653
4478.000000	0.088650
4477.000000	0.088631
4476.000000	0.088597
4475.000000	0.088558
4474.000000	0.088526
4473.000000	0.088513
4472.000000	0.088527
4471.000000	0.088570
4470.000000	0.088630
4469.000000	0.088686
4468.000000	0.088721
4467.000000	0.088723
4466.000000	0.088697
4465.000000	0.088659
4464.000000	0.088631
4463.000000	0.088628
4462.000000	0.088652
4461.000000	0.088692
4460.000000	0.088733
4459.000000	0.088763
4458.000000	0.088781
4457.000000	0.088795
4456.000000	0.088821
4455.000000	0.088865
4454.000000	0.088921
4453.000000	0.088979
4452.000000	0.089037
4451.000000	0.089106
4450.000000	0.089194
4449.000000	0.089302
4448.000000	0.089419
4447.000000	0.089531
4446.000000	0.089623
4445.000000	0.089692
4444.000000	0.089738
4443.000000	0.089765
4442.000000	0.089771
4441.000000	0.089754
4440.000000	0.089711
4439.000000	0.089644
4438.000000	0.089557
4437.000000	0.089462
4436.000000	0.089370
4435.000000	0.089291
4434.000000	0.089228
4433.000000	0.089173
4432.000000	0.089116
4431.000000	0.089052
4430.000000	0.088987
4429.000000	0.088934
4428.000000	0.088905
4427.000000	0.088901
4426.000000	0.088909
4425.000000	0.088917
4424.000000	0.088917
4423.000000	0.088922
4422.000000	0.088949
4421.000000	0.089008
4420.000000	0.089093
4419.000000	0.089183
4418.000000	0.089253
4417.000000	0.089292
4416.000000	0.089303
4415.000000	0.089299
4414.000000	0.089288
4413.000000	0.089269
4412.000000	0.089236
4411.000000	0.089190
4410.000000	0.089141
4409.000000	0.089104
4408.000000	0.089085
4407.000000	0.089080
4406.000000	0.089083
4405.000000	0.089088
4404.000000	0.089099
4403.000000	0.089119
4402.000000	0.089153
4401.000000	0.089198
4400.000000	0.089246
4399.000000	0.089290
4398.000000	0.089325
4397.000000	0.089355
4396.000000	0.089379
4395.000000	0.089394
4394.000000	0.089395
4393.000000	0.089373
4392.000000	0.089328
4391.000000	0.089268
4390.000000	0.089204
4389.000000	0.089148
4388.000000	0.089104
4387.000000	0.089064
4386.000000	0.089023
4385.000000	0.088980
4384.000000	0.088944
4383.000000	0.088924
4382.000000	0.088923
4381.000000	0.088932
4380.000000	0.088938
4379.000000	0.088926
4378.000000	0.088898
4377.000000	0.088866
4376.000000	0.088844
4375.000000	0.088840
4374.000000	0.088851
4373.000000	0.088864
4372.000000	0.088864
4371.000000	0.088842
4370.000000	0.088801
4369.000000	0.088750
4368.000000	0.088702
4367.000000	0.088664
4366.000000	0.088637
4365.000000	0.088615
4364.000000	0.088594
4363.000000	0.088571
4362.000000	0.088547
4361.000000	0.088531
4360.000000	0.088530
4359.000000	0.088548
4358.000000	0.088581
4357.000000	0.088623
4356.000000	0.088662
4355.000000	0.088685
4354.000000	0.088684
4353.000000	0.088656
4352.000000	0.088611
4351.000000	0.088563
4350.000000	0.088527
4349.000000	0.088512
4348.000000	0.088516
4347.000000	0.088532
4346.000000	0.088550
4345.000000	0.088568
4344.000000	0.088582
4343.000000	0.088594
4342.000000	0.088605
4341.000000	0.088620
4340.000000	0.088643
4339.000000	0.088672
4338.000000	0.088701
4337.000000	0.088731
4336.000000	0.088771
4335.000000	0.088832
4334.000000	0.088922
4333.000000	0.089040
4332.000000	0.089183
4331.000000	0.089350
4330.000000	0.089543
4329.000000	0.089754
4328.000000	0.089964
4327.000000	0.090144
4326.000000	0.090277
4325.000000	0.090355
4324.000000	0.090381
4323.000000	0.090352
4322.000000	0.090268
4321.000000	0.090131
4320.000000	0.089960
4319.000000	0.089781
4318.000000	0.089625
4317.000000	0.089510
4316.000000	0.089438
4315.000000	0.089400
4314.000000	0.089383
4313.000000	0.089377
4312.000000	0.089381
4311.000000	0.089395
4310.000000	0.089421
4309.000000	0.089456
4308.000000	0.089498
4307.000000	0.089551
4306.000000	0.089615
4305.000000	0.089690
4304.000000	0.089770
4303.000000	0.089841
4302.000000	0.089894
4301.000000	0.089927
4300.000000	0.089951
4299.000000	0.089985
4298.000000	0.090045
4297.000000	0.090132
4296.000000	0.090235
4295.000000	0.090334
4294.000000	0.090416
4293.000000	0.090475
4292.000000	0.090508
4291.000000	0.090511
4290.000000	0.090476
4289.000000	0.090402
4288.000000	0.090300
4287.000000	0.090192
4286.000000	0.090099
4285.000000	0.090038
4284.000000	0.090017
4283.000000	0.090036
4282.000000	0.090083
4281.000000	0.090139
4280.000000	0.090181
4279.000000	0.090190
4278.000000	0.090155
4277.000000	0.090081
4276.000000	0.089986
4275.000000	0.089896
4274.000000	0.089831
4273.000000	0.089792
4272.000000	0.089768
4271.000000	0.089742
4270.000000	0.089705
4269.000000	0.089653
4268.000000	0.089588
4267.000000	0.089513
4266.000000	0.089435
4265.000000	0.089363
4264.000000	0.089301
4263.000000	0.089249
4262.000000	0.089203
4261.000000	0.089164
4260.000000	0.089137
4259.000000	0.089128
4258.000000	0.089132
4257.000000	0.089134
4256.000000	0.089123
4255.000000	0.089099
4254.000000	0.089080
4253.000000	0.089079
4252.000000	0.089098
4251.000000	0.089125
4250.000000	0.089142
4249.000000	0.089144
4248.000000	0.089132
4247.000000	0.089113
4246.000000	0.089093
4245.000000	0.089076
4244.000000	0.089063
4243.000000	0.089052
4242.000000	0.089041
4241.000000	0.089023
4240.000000	0.088994
4239.000000	0.088957
4238.000000	0.088921
4237.000000	0.088902
4236.000000	0.088902
4235.000000	0.088914
4234.000000	0.088925
4233.000000	0.088929
4232.000000	0.088930
4231.000000	0.088939
4230.000000	0.088963
4229.000000	0.089000
4228.000000	0.089036
4227.000000	0.089057
4226.000000	0.089056
4225.000000	0.089037
4224.000000	0.089016
4223.000000	0.089007
4222.000000	0.089020
4221.000000	0.089052
4220.000000	0.089097
4219.000000	0.089152
4218.000000	0.089214
4217.000000	0.089285
4216.000000	0.089361
4215.000000	0.089433
4214.000000	0.089490
4213.000000	0.089524
4212.000000	0.089534
4211.000000	0.089526
4210.000000	0.089512
4209.000000	0.089500
4208.000000	0.089495
4207.000000	0.089495
4206.000000	0.089498
4205.000000	0.089500
4204.000000	0.089503
4203.000000	0.089506
4202.000000	0.089511
4201.000000	0.089520
4200.000000	0.089537
4199.000000	0.089561
4198.000000	0.089590
4197.000000	0.089618
4196.000000	0.089641
4195.000000	0.089656
4194.000000	0.089667
4193.000000	0.089685
4192.000000	0.089723
4191.000000	0.089789
4190.000000	0.089891
4189.000000	0.090026
4188.000000	0.090191
4187.000000	0.090372
4186.000000	0.090556
4185.000000	0.090736
4184.000000	0.090911
4183.000000	0.091093
4182.000000	0.091290
4181.000000	0.091499
4180.000000	0.091696
4179.000000	0.091848
4178.000000	0.091924
4177.000000	0.091916
4176.000000	0.091834
4175.000000	0.091699
4174.000000	0.091526
4173.000000	0.091324
4172.000000	0.091097
4171.000000	0.090857
4170.000000	0.090625
4169.000000	0.090428
4168.000000	0.090284
4167.000000	0.090195
4166.000000	0.090146
4165.000000	0.090119
4164.000000	0.090097
4163.000000	0.090075
4162.000000	0.090051
4161.000000	0.090025
4160.000000	0.089993
4159.000000	0.089954
4158.000000	0.089912
4157.000000	0.089881
4156.000000	0.089869
4155.000000	0.089871
4154.000000	0.089872
4153.000000	0.089862
4152.000000	0.089839
4151.000000	0.089808
4150.000000	0.089771
4149.000000	0.089725
4148.000000	0.089663
4147.000000	0.089584
4146.000000	0.089491
4145.000000	0.089396
4144.000000	0.089315
4143.000000	0.089260
4142.000000	0.089238
4141.000000	0.089243
4140.000000	0.089268
4139.000000	0.089306
4138.000000	0.089355
4137.000000	0.089408
4136.000000	0.089454
4135.000000	0.089483
4134.000000	0.089500
4133.000000	0.089516
4132.000000	0.089538
4131.000000	0.089562
4130.000000	0.089576
4129.000000	0.089569
4128.000000	0.089536
4127.000000	0.089479
4126.000000	0.089408
4125.000000	0.089341
4124.000000	0.089290
4123.000000	0.089253
4122.000000	0.089215
4121.000000	0.089164
4120.000000	0.089105
4119.000000	0.089052
4118.000000	0.089022
4117.000000	0.089019
4116.000000	0.089037
4115.000000	0.089072
4114.000000	0.089119
4113.000000	0.089174
4112.000000	0.089229
4111.000000	0.089275
4110.000000	0.089302
4109.000000	0.089312
4108.000000	0.089319
4107.000000	0.089337
4106.000000	0.089378
4105.000000	0.089441
4104.000000	0.089517
4103.000000	0.089594
4102.000000	0.089662
4101.000000	0.089715
4100.000000	0.089747
4099.000000	0.089751
4098.000000	0.089726
4097.000000	0.089684
4096.000000	0.089640
4095.000000	0.089603
4094.000000	0.089572
4093.000000	0.089545
4092.000000	0.089522
4091.000000	0.089509
4090.000000	0.089513
4089.000000	0.089536
4088.000000	0.089577
4087.000000	0.089637
4086.000000	0.089712
4085.000000	0.089792
4084.000000	0.089870
4083.000000	0.089935
4082.000000	0.089985
4081.000000	0.090019
4080.000000	0.090039
4079.000000	0.090042
4078.000000	0.090024
4077.000000	0.089986
4076.000000	0.089938
4075.000000	0.089909
4074.000000	0.089919
4073.000000	0.089974
4072.000000	0.090049
4071.000000	0.090114
4070.000000	0.090155
4069.000000	0.090195
4068.000000	0.090270
4067.000000	0.090407
4066.000000	0.090601
4065.000000	0.090815
4064.000000	0.091007
4063.000000	0.091147
4062.000000	0.091231
4061.000000	0.091268
4060.000000	0.091278
4059.000000	0.091272
4058.000000	0.091251
4057.000000	0.091203
4056.000000	0.091112
4055.000000	0.090974
4054.000000	0.090805
4053.000000	0.090639
4052.000000	0.090504
4051.000000	0.090407
4050.000000	0.090334
4049.000000	0.090267
4048.000000	0.090198
4047.000000	0.090132
4046.000000	0.090070
4045.000000	0.090005
4044.000000	0.089930
4043.000000	0.089850
4042.000000	0.089784
4041.000000	0.089750
4040.000000	0.089759
4039.000000	0.089803
4038.000000	0.089864
4037.000000	0.089922
4036.000000	0.089972
4035.000000	0.090019
4034.000000	0.090076
4033.000000	0.090149
4032.000000	0.090234
4031.000000	0.090316
4030.000000	0.090381
4029.000000	0.090423
4028.000000	0.090444
4027.000000	0.090451
4026.000000	0.090448
4025.000000	0.090442
4024.000000	0.090444
4023.000000	0.090465
4022.000000	0.090500
4021.000000	0.090531
4020.000000	0.090538
4019.000000	0.090515
4018.000000	0.090478
4017.000000	0.090448
4016.000000	0.090439
4015.000000	0.090444
4014.000000	0.090442
4013.000000	0.090420
4012.000000	0.090382
4011.000000	0.090343
4010.000000	0.090323
4009.000000	0.090336
4008.000000	0.090391
4007.000000	0.090483
4006.000000	0.090593
4005.000000	0.090702
4004.000000	0.090801
4003.000000	0.090900
4002.000000	0.091008
4001.000000	0.091121
4000.000000	0.091232
3999.000000	0.091345
3998.000000	0.091486
3997.000000	0.091686
3996.000000	0.091978
3995.000000	0.092386
3994.000000	0.092923
3993.000000	0.093575
3992.000000	0.094290
3991.000000	0.094979
3990.000000	0.095550
3989.000000	0.095932
3988.000000	0.096087
3987.000000	0.096018
3986.000000	0.095758
3985.000000	0.095362
3984.000000	0.094898
3983.000000	0.094430
3982.000000	0.094003
3981.000000	0.093645
3980.000000	0.093360
3979.000000	0.093134
3978.000000	0.092938
3977.000000	0.092742
3976.000000	0.092527
3975.000000	0.092291
3974.000000	0.092047
3973.000000	0.091814
3972.000000	0.091611
3971.000000	0.091448
3970.000000	0.091326
3969.000000	0.091247
3968.000000	0.091205
3967.000000	0.091190
3966.000000	0.091191
3965.000000	0.091204
3964.000000	0.091236
3963.000000	0.091300
3962.000000	0.091411
3961.000000	0.091579
3960.000000	0.091796
3959.000000	0.092020
3958.000000	0.092191
3957.000000	0.092260
3956.000000	0.092218
3955.000000	0.092096
3954.000000	0.091943
3953.000000	0.091797
3952.000000	0.091674
3951.000000	0.091569
3950.000000	0.091475
3949.000000	0.091381
3948.000000	0.091292
3947.000000	0.091232
3946.000000	0.091229
3945.000000	0.091291
3944.000000	0.091392
3943.000000	0.091506
3942.000000	0.091623
3941.000000	0.091741
3940.000000	0.091832
3939.000000	0.091838
3938.000000	0.091730
3937.000000	0.091538
3936.000000	0.091331
3935.000000	0.091154
3934.000000	0.091010
3933.000000	0.090883
3932.000000	0.090756
3931.000000	0.090618
3930.000000	0.090468
3929.000000	0.090325
3928.000000	0.090221
3927.000000	0.090159
3926.000000	0.090090
3925.000000	0.089971
3924.000000	0.089820
3923.000000	0.089693
3922.000000	0.089607
3921.000000	0.089540
3920.000000	0.089486
3919.000000	0.089465
3918.000000	0.089467
3917.000000	0.089465
3916.000000	0.089456
3915.000000	0.089474
3914.000000	0.089528
3913.000000	0.089585
3912.000000	0.089618
3911.000000	0.089614
3910.000000	0.089582
3909.000000	0.089529
3908.000000	0.089473
3907.000000	0.089434
3906.000000	0.089417
3905.000000	0.089418
3904.000000	0.089453
3903.000000	0.089575
3902.000000	0.089822
3901.000000	0.090130
3900.000000	0.090366
3899.000000	0.090465
3898.000000	0.090462
3897.000000	0.090420
3896.000000	0.090368
3895.000000	0.090324
3894.000000	0.090337
3893.000000	0.090407
3892.000000	0.090434
3891.000000	0.090321
3890.000000	0.090162
3889.000000	0.090130
3888.000000	0.090222
3887.000000	0.090282
3886.000000	0.090187
3885.000000	0.089989
3884.000000	0.089901
3883.000000	0.090017
3882.000000	0.090203
3881.000000	0.090274
3880.000000	0.090171
3879.000000	0.090009
3878.000000	0.089948
3877.000000	0.089977
3876.000000	0.089953
3875.000000	0.089772
3874.000000	0.089509
3873.000000	0.089378
3872.000000	0.089467
3871.000000	0.089600
3870.000000	0.089560
3869.000000	0.089397
3868.000000	0.089372
3867.000000	0.089529
3866.000000	0.089658
3865.000000	0.089652
3864.000000	0.089583
3863.000000	0.089552
3862.000000	0.089590
3861.000000	0.089669
3860.000000	0.089766
3859.000000	0.089861
3858.000000	0.089960
3857.000000	0.090135
3856.000000	0.090525
3855.000000	0.091236
3854.000000	0.092072
3853.000000	0.092600
3852.000000	0.092835
3851.000000	0.093101
3850.000000	0.093357
3849.000000	0.093432
3848.000000	0.093331
3847.000000	0.093121
3846.000000	0.092836
3845.000000	0.092480
3844.000000	0.092057
3843.000000	0.091607
3842.000000	0.091227
3841.000000	0.090975
3840.000000	0.090835
3839.000000	0.090749
3838.000000	0.090673
3837.000000	0.090603
3836.000000	0.090589
3835.000000	0.090677
3834.000000	0.090837
3833.000000	0.090981
3832.000000	0.091031
3831.000000	0.090989
3830.000000	0.090925
3829.000000	0.090879
3828.000000	0.090795
3827.000000	0.090578
3826.000000	0.090260
3825.000000	0.090006
3824.000000	0.089941
3823.000000	0.090014
3822.000000	0.090033
3821.000000	0.089846
3820.000000	0.089620
3819.000000	0.089666
3818.000000	0.089942
3817.000000	0.090158
3816.000000	0.090142
3815.000000	0.090009
3814.000000	0.089986
3813.000000	0.090066
3812.000000	0.090075
3811.000000	0.089986
3810.000000	0.089940
3809.000000	0.090044
3808.000000	0.090235
3807.000000	0.090371
3806.000000	0.090484
3805.000000	0.090745
3804.000000	0.091149
3803.000000	0.091464
3802.000000	0.091489
3801.000000	0.091237
3800.000000	0.091002
3799.000000	0.090989
3798.000000	0.091050
3797.000000	0.090987
3796.000000	0.090798
3795.000000	0.090609
3794.000000	0.090497
3793.000000	0.090418
3792.000000	0.090309
3791.000000	0.090170
3790.000000	0.090029
3789.000000	0.089910
3788.000000	0.089830
3787.000000	0.089799
3786.000000	0.089793
3785.000000	0.089772
3784.000000	0.089737
3783.000000	0.089739
3782.000000	0.089792
3781.000000	0.089834
3780.000000	0.089788
3779.000000	0.089656
3778.000000	0.089536
3777.000000	0.089501
3776.000000	0.089496
3775.000000	0.089435
3774.000000	0.089327
3773.000000	0.089249
3772.000000	0.089222
3771.000000	0.089184
3770.000000	0.089090
3769.000000	0.088995
3768.000000	0.088985
3767.000000	0.089026
3766.000000	0.088988
3765.000000	0.088831
3764.000000	0.088662
3763.000000	0.088595
3762.000000	0.088596
3761.000000	0.088566
3760.000000	0.088493
3759.000000	0.088407
3758.000000	0.088312
3757.000000	0.088197
3756.000000	0.088081
3755.000000	0.087985
3754.000000	0.087899
3753.000000	0.087852
3752.000000	0.087899
3751.000000	0.087995
3750.000000	0.087985
3749.000000	0.087881
3748.000000	0.087893
3747.000000	0.088104
3746.000000	0.088386
3745.000000	0.088530
3744.000000	0.088394
3743.000000	0.088234
3742.000000	0.088335
3741.000000	0.088505
3740.000000	0.088516
3739.000000	0.088414
3738.000000	0.088319
3737.000000	0.088265
3736.000000	0.088232
3735.000000	0.088269
3734.000000	0.088418
3733.000000	0.088588
3732.000000	0.088658
3731.000000	0.088651
3730.000000	0.088685
3729.000000	0.088778
3728.000000	0.088836
3727.000000	0.088801
3726.000000	0.088729
3725.000000	0.088719
3724.000000	0.088772
3723.000000	0.088799
3722.000000	0.088745
3721.000000	0.088642
3720.000000	0.088568
3719.000000	0.088536
3718.000000	0.088496
3717.000000	0.088429
3716.000000	0.088366
3715.000000	0.088338
3714.000000	0.088339
3713.000000	0.088369
3712.000000	0.088417
3711.000000	0.088459
3710.000000	0.088501
3709.000000	0.088558
3708.000000	0.088600
3707.000000	0.088583
3706.000000	0.088510
3705.000000	0.088411
3704.000000	0.088316
3703.000000	0.088228
3702.000000	0.088142
3701.000000	0.088072
3700.000000	0.088073
3699.000000	0.088160
3698.000000	0.088248
3697.000000	0.088247
3696.000000	0.088171
3695.000000	0.088083
3694.000000	0.088009
3693.000000	0.087933
3692.000000	0.087877
3691.000000	0.087901
3690.000000	0.088017
3689.000000	0.088130
3688.000000	0.088163
3687.000000	0.088192
3686.000000	0.088286
3685.000000	0.088368
3684.000000	0.088358
3683.000000	0.088280
3682.000000	0.088191
3681.000000	0.088074
3680.000000	0.087897
3679.000000	0.087760
3678.000000	0.087821
3677.000000	0.088107
3676.000000	0.088406
3675.000000	0.088502
3674.000000	0.088570
3673.000000	0.088834
3672.000000	0.089137
3671.000000	0.089244
3670.000000	0.089103
3669.000000	0.088851
3668.000000	0.088692
3667.000000	0.088660
3666.000000	0.088641
3665.000000	0.088566
3664.000000	0.088463
3663.000000	0.088374
3662.000000	0.088306
3661.000000	0.088265
3660.000000	0.088298
3659.000000	0.088463
3658.000000	0.088746
3657.000000	0.089035
3656.000000	0.089203
3655.000000	0.089270
3654.000000	0.089326
3653.000000	0.089346
3652.000000	0.089262
3651.000000	0.089117
3650.000000	0.089003
3649.000000	0.088938
3648.000000	0.088879
3647.000000	0.088821
3646.000000	0.088805
3645.000000	0.088833
3644.000000	0.088857
3643.000000	0.088819
3642.000000	0.088711
3641.000000	0.088573
3640.000000	0.088448
3639.000000	0.088338
3638.000000	0.088243
3637.000000	0.088193
3636.000000	0.088192
3635.000000	0.088172
3634.000000	0.088074
3633.000000	0.087951
3632.000000	0.087930
3631.000000	0.088089
3630.000000	0.088391
3629.000000	0.088673
3628.000000	0.088839
3627.000000	0.089013
3626.000000	0.089227
3625.000000	0.089325
3624.000000	0.089238
3623.000000	0.089047
3622.000000	0.088853
3621.000000	0.088688
3620.000000	0.088530
3619.000000	0.088349
3618.000000	0.088185
3617.000000	0.088122
3616.000000	0.088166
3615.000000	0.088228
3614.000000	0.088233
3613.000000	0.088191
3612.000000	0.088171
3611.000000	0.088212
3610.000000	0.088281
3609.000000	0.088322
3608.000000	0.088325
3607.000000	0.088324
3606.000000	0.088349
3605.000000	0.088382
3604.000000	0.088389
3603.000000	0.088364
3602.000000	0.088324
3601.000000	0.088297
3600.000000	0.088315
3599.000000	0.088394
3598.000000	0.088509
3597.000000	0.088624
3596.000000	0.088708
3595.000000	0.088739
3594.000000	0.088713
3593.000000	0.088653
3592.000000	0.088604
3591.000000	0.088596
3590.000000	0.088636
3589.000000	0.088704
3588.000000	0.088762
3587.000000	0.088784
3586.000000	0.088803
3585.000000	0.088863
3584.000000	0.088953
3583.000000	0.089039
3582.000000	0.089118
3581.000000	0.089209
3580.000000	0.089321
3579.000000	0.089444
3578.000000	0.089561
3577.000000	0.089667
3576.000000	0.089770
3575.000000	0.089864
3574.000000	0.089920
3573.000000	0.089907
3572.000000	0.089821
3571.000000	0.089708
3570.000000	0.089639
3569.000000	0.089670
3568.000000	0.089794
3567.000000	0.089956
3566.000000	0.090116
3565.000000	0.090286
3564.000000	0.090468
3563.000000	0.090633
3562.000000	0.090747
3561.000000	0.090797
3560.000000	0.090782
3559.000000	0.090712
3558.000000	0.090604
3557.000000	0.090477
3556.000000	0.090350
3555.000000	0.090233
3554.000000	0.090124
3553.000000	0.090017
3552.000000	0.089917
3551.000000	0.089843
3550.000000	0.089812
3549.000000	0.089818
3548.000000	0.089847
3547.000000	0.089893
3546.000000	0.089953
3545.000000	0.090017
3544.000000	0.090074
3543.000000	0.090120
3542.000000	0.090153
3541.000000	0.090181
3540.000000	0.090215
3539.000000	0.090255
3538.000000	0.090289
3537.000000	0.090303
3536.000000	0.090301
3535.000000	0.090304
3534.000000	0.090327
3533.000000	0.090367
3532.000000	0.090410
3531.000000	0.090444
3530.000000	0.090458
3529.000000	0.090441
3528.000000	0.090395
3527.000000	0.090341
3526.000000	0.090307
3525.000000	0.090303
3524.000000	0.090321
3523.000000	0.090355
3522.000000	0.090411
3521.000000	0.090488
3520.000000	0.090570
3519.000000	0.090635
3518.000000	0.090683
3517.000000	0.090729
3516.000000	0.090783
3515.000000	0.090831
3514.000000	0.090858
3513.000000	0.090858
3512.000000	0.090836
3511.000000	0.090799
3510.000000	0.090757
3509.000000	0.090719
3508.000000	0.090694
3507.000000	0.090690
3506.000000	0.090700
3505.000000	0.090717
3504.000000	0.090730
3503.000000	0.090733
3502.000000	0.090735
3501.000000	0.090751
3500.000000	0.090787
3499.000000	0.090832
3498.000000	0.090867
3497.000000	0.090880
3496.000000	0.090875
3495.000000	0.090862
3494.000000	0.090852
3493.000000	0.090853
3492.000000	0.090866
3491.000000	0.090888
3490.000000	0.090912
3489.000000	0.090937
3488.000000	0.090961
3487.000000	0.090991
3486.000000	0.091038
3485.000000	0.091100
3484.000000	0.091163
3483.000000	0.091210
3482.000000	0.091242
3481.000000	0.091279
3480.000000	0.091334
3479.000000	0.091402
3478.000000	0.091464
3477.000000	0.091509
3476.000000	0.091541
3475.000000	0.091566
3474.000000	0.091589
3473.000000	0.091613
3472.000000	0.091638
3471.000000	0.091661
3470.000000	0.091679
3469.000000	0.091690
3468.000000	0.091695
3467.000000	0.091702
3466.000000	0.091723
3465.000000	0.091761
3464.000000	0.091801
3463.000000	0.091817
3462.000000	0.091809
3461.000000	0.091803
3460.000000	0.091832
3459.000000	0.091894
3458.000000	0.091958
3457.000000	0.091998
3456.000000	0.092010
3455.000000	0.092011
3454.000000	0.092016
3453.000000	0.092024
3452.000000	0.092027
3451.000000	0.092029
3450.000000	0.092041
3449.000000	0.092063
3448.000000	0.092080
3447.000000	0.092088
3446.000000	0.092101
3445.000000	0.092140
3444.000000	0.092197
3443.000000	0.092244
3442.000000	0.092275
3441.000000	0.092309
3440.000000	0.092359
3439.000000	0.092413
3438.000000	0.092442
3437.000000	0.092433
3436.000000	0.092398
3435.000000	0.092363
3434.000000	0.092339
3433.000000	0.092329
3432.000000	0.092327
3431.000000	0.092332
3430.000000	0.092339
3429.000000	0.092343
3428.000000	0.092341
3427.000000	0.092337
3426.000000	0.092340
3425.000000	0.092364
3424.000000	0.092423
3423.000000	0.092513
3422.000000	0.092613
3421.000000	0.092698
3420.000000	0.092753
3419.000000	0.092785
3418.000000	0.092810
3417.000000	0.092835
3416.000000	0.092858
3415.000000	0.092874
3414.000000	0.092885
3413.000000	0.092888
3412.000000	0.092876
3411.000000	0.092842
3410.000000	0.092793
3409.000000	0.092743
3408.000000	0.092705
3407.000000	0.092682
3406.000000	0.092673
3405.000000	0.092678
3404.000000	0.092694
3403.000000	0.092717
3402.000000	0.092734
3401.000000	0.092741
3400.000000	0.092735
3399.000000	0.092718
3398.000000	0.092692
3397.000000	0.092666
3396.000000	0.092657
3395.000000	0.092675
3394.000000	0.092714
3393.000000	0.092754
3392.000000	0.092769
3391.000000	0.092751
3390.000000	0.092711
3389.000000	0.092672
3388.000000	0.092654
3387.000000	0.092656
3386.000000	0.092667
3385.000000	0.092670
3384.000000	0.092660
3383.000000	0.092641
3382.000000	0.092622
3381.000000	0.092605
3380.000000	0.092591
3379.000000	0.092577
3378.000000	0.092570
3377.000000	0.092581
3376.000000	0.092612
3375.000000	0.092647
3374.000000	0.092664
3373.000000	0.092653
3372.000000	0.092623
3371.000000	0.092590
3370.000000	0.092570
3369.000000	0.092575
3368.000000	0.092612
3367.000000	0.092673
3366.000000	0.092744
3365.000000	0.092802
3364.000000	0.092827
3363.000000	0.092815
3362.000000	0.092778
3361.000000	0.092742
3360.000000	0.092726
3359.000000	0.092729
3358.000000	0.092738
3357.000000	0.092740
3356.000000	0.092732
3355.000000	0.092712
3354.000000	0.092685
3353.000000	0.092656
3352.000000	0.092633
3351.000000	0.092617
3350.000000	0.092611
3349.000000	0.092611
3348.000000	0.092609
3347.000000	0.092595
3346.000000	0.092567
3345.000000	0.092541
3344.000000	0.092537
3343.000000	0.092556
3342.000000	0.092578
3341.000000	0.092579
3340.000000	0.092551
3339.000000	0.092501
3338.000000	0.092445
3337.000000	0.092396
3336.000000	0.092360
3335.000000	0.092341
3334.000000	0.092337
3333.000000	0.092342
3332.000000	0.092344
3331.000000	0.092338
3330.000000	0.092322
3329.000000	0.092299
3328.000000	0.092269
3327.000000	0.092233
3326.000000	0.092203
3325.000000	0.092188
3324.000000	0.092191
3323.000000	0.092199
3322.000000	0.092200
3321.000000	0.092185
3320.000000	0.092160
3319.000000	0.092132
3318.000000	0.092112
3317.000000	0.092099
3316.000000	0.092083
3315.000000	0.092056
3314.000000	0.092026
3313.000000	0.092008
3312.000000	0.092005
3311.000000	0.092001
3310.000000	0.091980
3309.000000	0.091946
3308.000000	0.091916
3307.000000	0.091903
3306.000000	0.091904
3305.000000	0.091911
3304.000000	0.091918
3303.000000	0.091916
3302.000000	0.091896
3301.000000	0.091862
3300.000000	0.091826
3299.000000	0.091799
3298.000000	0.091778
3297.000000	0.091757
3296.000000	0.091733
3295.000000	0.091715
3294.000000	0.091712
3293.000000	0.091723
3292.000000	0.091737
3291.000000	0.091741
3290.000000	0.091732
3289.000000	0.091716
3288.000000	0.091701
3287.000000	0.091684
3286.000000	0.091655
3285.000000	0.091609
3284.000000	0.091552
3283.000000	0.091497
3282.000000	0.091453
3281.000000	0.091421
3280.000000	0.091395
3279.000000	0.091368
3278.000000	0.091338
3277.000000	0.091305
3276.000000	0.091275
3275.000000	0.091249
3274.000000	0.091223
3273.000000	0.091196
3272.000000	0.091176
3271.000000	0.091168
3270.000000	0.091170
3269.000000	0.091176
3268.000000	0.091176
3267.000000	0.091163
3266.000000	0.091135
3265.000000	0.091093
3264.000000	0.091043
3263.000000	0.090996
3262.000000	0.090958
3261.000000	0.090937
3260.000000	0.090930
3259.000000	0.090925
3258.000000	0.090902
3257.000000	0.090857
3256.000000	0.090798
3255.000000	0.090737
3254.000000	0.090677
3253.000000	0.090616
3252.000000	0.090562
3251.000000	0.090530
3250.000000	0.090524
3249.000000	0.090536
3248.000000	0.090551
3247.000000	0.090552
3246.000000	0.090525
3245.000000	0.090466
3244.000000	0.090391
3243.000000	0.090322
3242.000000	0.090277
3241.000000	0.090256
3240.000000	0.090244
3239.000000	0.090234
3238.000000	0.090220
3237.000000	0.090196
3236.000000	0.090156
3235.000000	0.090102
3234.000000	0.090044
3233.000000	0.089989
3232.000000	0.089932
3231.000000	0.089871
3230.000000	0.089812
3229.000000	0.089774
3228.000000	0.089765
3227.000000	0.089778
3226.000000	0.089806
3225.000000	0.089855
3224.000000	0.089954
3223.000000	0.090144
3222.000000	0.090446
3221.000000	0.090839
3220.000000	0.091240
3219.000000	0.091535
3218.000000	0.091646
3217.000000	0.091566
3216.000000	0.091355
3215.000000	0.091093
3214.000000	0.090835
3213.000000	0.090602
3212.000000	0.090391
3211.000000	0.090200
3210.000000	0.090034
3209.000000	0.089894
3208.000000	0.089769
3207.000000	0.089644
3206.000000	0.089517
3205.000000	0.089395
3204.000000	0.089285
3203.000000	0.089189
3202.000000	0.089113
3201.000000	0.089061
3200.000000	0.089030
3199.000000	0.089005
3198.000000	0.088981
3197.000000	0.088961
3196.000000	0.088948
3195.000000	0.088935
3194.000000	0.088919
3193.000000	0.088911
3192.000000	0.088938
3191.000000	0.089022
3190.000000	0.089167
3189.000000	0.089345
3188.000000	0.089503
3187.000000	0.089588
3186.000000	0.089582
3185.000000	0.089505
3184.000000	0.089392
3183.000000	0.089262
3182.000000	0.089122
3181.000000	0.088981
3180.000000	0.088853
3179.000000	0.088751
3178.000000	0.088678
3177.000000	0.088633
3176.000000	0.088613
3175.000000	0.088625
3174.000000	0.088687
3173.000000	0.088815
3172.000000	0.089004
3171.000000	0.089210
3170.000000	0.089366
3169.000000	0.089418
3168.000000	0.089353
3167.000000	0.089198
3166.000000	0.088996
3165.000000	0.088786
3164.000000	0.088591
3163.000000	0.088427
3162.000000	0.088304
3161.000000	0.088217
3160.000000	0.088152
3159.000000	0.088086
3158.000000	0.088011
3157.000000	0.087932
3156.000000	0.087864
3155.000000	0.087814
3154.000000	0.087776
3153.000000	0.087739
3152.000000	0.087695
3151.000000	0.087648
3150.000000	0.087610
3149.000000	0.087590
3148.000000	0.087582
3147.000000	0.087570
3146.000000	0.087539
3145.000000	0.087490
3144.000000	0.087430
3143.000000	0.087373
3142.000000	0.087326
3141.000000	0.087291
3140.000000	0.087263
3139.000000	0.087236
3138.000000	0.087211
3137.000000	0.087190
3136.000000	0.087166
3135.000000	0.087129
3134.000000	0.087078
3133.000000	0.087024
3132.000000	0.086983
3131.000000	0.086955
3130.000000	0.086932
3129.000000	0.086898
3128.000000	0.086835
3127.000000	0.086739
3126.000000	0.086618
3125.000000	0.086490
3124.000000	0.086366
3123.000000	0.086250
3122.000000	0.086143
3121.000000	0.086042
3120.000000	0.085944
3119.000000	0.085842
3118.000000	0.085738
3117.000000	0.085639
3116.000000	0.085553
3115.000000	0.085483
3114.000000	0.085426
3113.000000	0.085374
3112.000000	0.085313
3111.000000	0.085239
3110.000000	0.085160
3109.000000	0.085089
3108.000000	0.085035
3107.000000	0.085009
3106.000000	0.085027
3105.000000	0.085111
3104.000000	0.085286
3103.000000	0.085592
3102.000000	0.086097
3101.000000	0.086883
3100.000000	0.087999
3099.000000	0.089384
3098.000000	0.090818
3097.000000	0.091984
3096.000000	0.092619
3095.000000	0.092683
3094.000000	0.092408
3093.000000	0.092208
3092.000000	0.092517
3091.000000	0.093630
3090.000000	0.095556
3089.000000	0.097944
3088.000000	0.100200
3087.000000	0.101791
3086.000000	0.102524
3085.000000	0.102549
3084.000000	0.102118
3083.000000	0.101364
3082.000000	0.100289
3081.000000	0.098901
3080.000000	0.097301
3079.000000	0.095656
3078.000000	0.094110
3077.000000	0.092739
3076.000000	0.091557
3075.000000	0.090581
3074.000000	0.089922
3073.000000	0.089833
3072.000000	0.090648
3071.000000	0.092551
3070.000000	0.095349
3069.000000	0.098573
3068.000000	0.101993
3067.000000	0.106146
3066.000000	0.112097
3065.000000	0.120370
3064.000000	0.129953
3063.000000	0.138468
3062.000000	0.143664
3061.000000	0.144957
3060.000000	0.143632
3059.000000	0.141705
3058.000000	0.140703
3057.000000	0.141207
3056.000000	0.143074
3055.000000	0.145926
3054.000000	0.149607
3053.000000	0.154297
3052.000000	0.160093
3051.000000	0.166307
3050.000000	0.171212
3049.000000	0.172746
3048.000000	0.169814
3047.000000	0.163048
3046.000000	0.154364
3045.000000	0.145847
3044.000000	0.138858
3043.000000	0.133783
3042.000000	0.130229
3041.000000	0.127425
3040.000000	0.124638
3039.000000	0.121503
3038.000000	0.118176
3037.000000	0.115252
3036.000000	0.113521
3035.000000	0.113613
3034.000000	0.115724
3033.000000	0.119470
3032.000000	0.123969
3031.000000	0.128147
3030.000000	0.131109
3029.000000	0.132415
3028.000000	0.132091
3027.000000	0.130479
3026.000000	0.128048
3025.000000	0.125290
3024.000000	0.122600
3023.000000	0.120197
3022.000000	0.118090
3021.000000	0.116151
3020.000000	0.114248
3019.000000	0.112335
3018.000000	0.110478
3017.000000	0.108802
3016.000000	0.107411
3015.000000	0.106338
3014.000000	0.105553
3013.000000	0.105014
3012.000000	0.104712
3011.000000	0.104690
3010.000000	0.105043
3009.000000	0.105941
3008.000000	0.107595
3007.000000	0.110125
3006.000000	0.113345
3005.000000	0.116651
3004.000000	0.119190
3003.000000	0.120277
3002.000000	0.119743
3001.000000	0.117963
3000.000000	0.115571
2999.000000	0.113126
2998.000000	0.110957
2997.000000	0.109171
2996.000000	0.107730
2995.000000	0.106534
2994.000000	0.105482
2993.000000	0.104516
2992.000000	0.103620
2991.000000	0.102804
2990.000000	0.102083
2989.000000	0.101477
2988.000000	0.101005
2987.000000	0.100668
2986.000000	0.100441
2985.000000	0.100288
2984.000000	0.100168
2983.000000	0.100046
2982.000000	0.099896
2981.000000	0.099706
2980.000000	0.099478
2979.000000	0.099227
2978.000000	0.098968
2977.000000	0.098713
2976.000000	0.098479
2975.000000	0.098298
2974.000000	0.098225
2973.000000	0.098318
2972.000000	0.098607
2971.000000	0.099070
2970.000000	0.099653
2969.000000	0.100306
2968.000000	0.101005
2967.000000	0.101727
2966.000000	0.102413
2965.000000	0.102953
2964.000000	0.103232
2963.000000	0.103205
2962.000000	0.102920
2961.000000	0.102486
2960.000000	0.102019
2959.000000	0.101614
2958.000000	0.101353
2957.000000	0.101289
2956.000000	0.101405
2955.000000	0.101607
2954.000000	0.101763
2953.000000	0.101786
2952.000000	0.101697
2951.000000	0.101621
2950.000000	0.101717
2949.000000	0.102064
2948.000000	0.102569
2947.000000	0.102996
2946.000000	0.103105
2945.000000	0.102800
2944.000000	0.102161
2943.000000	0.101367
2942.000000	0.100594
2941.000000	0.099953
2940.000000	0.099503
2939.000000	0.099266
2938.000000	0.099236
2937.000000	0.099369
2936.000000	0.099568
2935.000000	0.099709
2934.000000	0.099701
2933.000000	0.099523
2932.000000	0.099218
2931.000000	0.098858
2930.000000	0.098523
2929.000000	0.098283
2928.000000	0.098172
2927.000000	0.098169
2926.000000	0.098195
2925.000000	0.098155
2924.000000	0.097975
2923.000000	0.097631
2922.000000	0.097162
2921.000000	0.096650
2920.000000	0.096174
2919.000000	0.095777
2918.000000	0.095462
2917.000000	0.095222
2916.000000	0.095052
2915.000000	0.094943
2914.000000	0.094880
2913.000000	0.094839
2912.000000	0.094803
2911.000000	0.094761
2910.000000	0.094714
2909.000000	0.094671
2908.000000	0.094637
2907.000000	0.094612
2906.000000	0.094589
2905.000000	0.094567
2904.000000	0.094556
2903.000000	0.094575
2902.000000	0.094635
2901.000000	0.094739
2900.000000	0.094862
2899.000000	0.094969
2898.000000	0.095024
2897.000000	0.095017
2896.000000	0.094965
2895.000000	0.094899
2894.000000	0.094849
2893.000000	0.094829
2892.000000	0.094841
2891.000000	0.094876
2890.000000	0.094922
2889.000000	0.094975
2888.000000	0.095037
2887.000000	0.095112
2886.000000	0.095197
2885.000000	0.095272
2884.000000	0.095312
2883.000000	0.095304
2882.000000	0.095260
2881.000000	0.095208
2880.000000	0.095161
2879.000000	0.095118
2878.000000	0.095070
2877.000000	0.095011
2876.000000	0.094942
2875.000000	0.094865
2874.000000	0.094794
2873.000000	0.094741
2872.000000	0.094708
2871.000000	0.094680
2870.000000	0.094646
2869.000000	0.094603
2868.000000	0.094551
2867.000000	0.094483
2866.000000	0.094392
2865.000000	0.094279
2864.000000	0.094150
2863.000000	0.094011
2862.000000	0.093869
2861.000000	0.093741
2860.000000	0.093648
2859.000000	0.093595
2858.000000	0.093571
2857.000000	0.093560
2856.000000	0.093545
2855.000000	0.093521
2854.000000	0.093497
2853.000000	0.093492
2852.000000	0.093523
2851.000000	0.093589
2850.000000	0.093681
2849.000000	0.093790
2848.000000	0.093908
2847.000000	0.094019
2846.000000	0.094099
2845.000000	0.094121
2844.000000	0.094067
2843.000000	0.093934
2842.000000	0.093746
2841.000000	0.093551
2840.000000	0.093409
2839.000000	0.093373
2838.000000	0.093474
2837.000000	0.093698
2836.000000	0.093967
2835.000000	0.094165
2834.000000	0.094201
2833.000000	0.094064
2832.000000	0.093810
2831.000000	0.093515
2830.000000	0.093231
2829.000000	0.092986
2828.000000	0.092784
2827.000000	0.092614
2826.000000	0.092468
2825.000000	0.092355
2824.000000	0.092284
2823.000000	0.092247
2822.000000	0.092217
2821.000000	0.092172
2820.000000	0.092108
2819.000000	0.092034
2818.000000	0.091960
2817.000000	0.091896
2816.000000	0.091848
2815.000000	0.091814
2814.000000	0.091790
2813.000000	0.091776
2812.000000	0.091781
2811.000000	0.091802
2810.000000	0.091822
2809.000000	0.091824
2808.000000	0.091801
2807.000000	0.091763
2806.000000	0.091725
2805.000000	0.091693
2804.000000	0.091659
2803.000000	0.091606
2802.000000	0.091523
2801.000000	0.091416
2800.000000	0.091303
2799.000000	0.091199
2798.000000	0.091111
2797.000000	0.091042
2796.000000	0.090991
2795.000000	0.090951
2794.000000	0.090919
2793.000000	0.090904
2792.000000	0.090919
2791.000000	0.090963
2790.000000	0.091022
2789.000000	0.091087
2788.000000	0.091154
2787.000000	0.091213
2786.000000	0.091242
2785.000000	0.091230
2784.000000	0.091187
2783.000000	0.091139
2782.000000	0.091094
2781.000000	0.091040
2780.000000	0.090955
2779.000000	0.090836
2778.000000	0.090698
2777.000000	0.090562
2776.000000	0.090443
2775.000000	0.090348
2774.000000	0.090281
2773.000000	0.090245
2772.000000	0.090232
2771.000000	0.090227
2770.000000	0.090220
2769.000000	0.090214
2768.000000	0.090213
2767.000000	0.090214
2766.000000	0.090211
2765.000000	0.090200
2764.000000	0.090189
2763.000000	0.090184
2762.000000	0.090189
2761.000000	0.090206
2760.000000	0.090236
2759.000000	0.090278
2758.000000	0.090326
2757.000000	0.090381
2756.000000	0.090444
2755.000000	0.090507
2754.000000	0.090555
2753.000000	0.090574
2752.000000	0.090565
2751.000000	0.090541
2750.000000	0.090512
2749.000000	0.090485
2748.000000	0.090458
2747.000000	0.090435
2746.000000	0.090434
2745.000000	0.090484
2744.000000	0.090604
2743.000000	0.090776
2742.000000	0.090947
2741.000000	0.091054
2740.000000	0.091071
2739.000000	0.091022
2738.000000	0.090963
2737.000000	0.090945
2736.000000	0.090986
2735.000000	0.091069
2734.000000	0.091169
2733.000000	0.091256
2732.000000	0.091306
2731.000000	0.091300
2730.000000	0.091234
2729.000000	0.091128
2728.000000	0.091004
2727.000000	0.090875
2726.000000	0.090749
2725.000000	0.090632
2724.000000	0.090532
2723.000000	0.090451
2722.000000	0.090394
2721.000000	0.090372
2720.000000	0.090400
2719.000000	0.090481
2718.000000	0.090601
2717.000000	0.090734
2716.000000	0.090842
2715.000000	0.090894
2714.000000	0.090874
2713.000000	0.090796
2712.000000	0.090694
2711.000000	0.090592
2710.000000	0.090494
2709.000000	0.090395
2708.000000	0.090293
2707.000000	0.090200
2706.000000	0.090124
2705.000000	0.090071
2704.000000	0.090033
2703.000000	0.090002
2702.000000	0.089969
2701.000000	0.089929
2700.000000	0.089879
2699.000000	0.089822
2698.000000	0.089768
2697.000000	0.089727
2696.000000	0.089698
2695.000000	0.089676
2694.000000	0.089652
2693.000000	0.089626
2692.000000	0.089594
2691.000000	0.089553
2690.000000	0.089502
2689.000000	0.089453
2688.000000	0.089420
2687.000000	0.089407
2686.000000	0.089406
2685.000000	0.089403
2684.000000	0.089389
2683.000000	0.089368
2682.000000	0.089354
2681.000000	0.089361
2680.000000	0.089388
2679.000000	0.089420
2678.000000	0.089446
2677.000000	0.089472
2676.000000	0.089512
2675.000000	0.089570
2674.000000	0.089639
2673.000000	0.089713
2672.000000	0.089784
2671.000000	0.089844
2670.000000	0.089884
2669.000000	0.089897
2668.000000	0.089880
2667.000000	0.089826
2666.000000	0.089741
2665.000000	0.089644
2664.000000	0.089564
2663.000000	0.089516
2662.000000	0.089492
2661.000000	0.089467
2660.000000	0.089419
2659.000000	0.089346
2658.000000	0.089270
2657.000000	0.089214
2656.000000	0.089195
2655.000000	0.089222
2654.000000	0.089300
2653.000000	0.089422
2652.000000	0.089552
2651.000000	0.089626
2650.000000	0.089602
2649.000000	0.089479
2648.000000	0.089296
2647.000000	0.089092
2646.000000	0.088896
2645.000000	0.088728
2644.000000	0.088602
2643.000000	0.088516
2642.000000	0.088458
2641.000000	0.088417
2640.000000	0.088387
2639.000000	0.088373
2638.000000	0.088382
2637.000000	0.088429
2636.000000	0.088513
2635.000000	0.088615
2634.000000	0.088700
2633.000000	0.088737
2632.000000	0.088719
2631.000000	0.088654
2630.000000	0.088565
2629.000000	0.088474
2628.000000	0.088392
2627.000000	0.088310
2626.000000	0.088214
2625.000000	0.088103
2624.000000	0.087992
2623.000000	0.087896
2622.000000	0.087817
2621.000000	0.087761
2620.000000	0.087731
2619.000000	0.087726
2618.000000	0.087729
2617.000000	0.087713
2616.000000	0.087663
2615.000000	0.087592
2614.000000	0.087527
2613.000000	0.087490
2612.000000	0.087479
2611.000000	0.087482
2610.000000	0.087497
2609.000000	0.087536
2608.000000	0.087606
2607.000000	0.087699
2606.000000	0.087814
2605.000000	0.087942
2604.000000	0.088063
2603.000000	0.088140
2602.000000	0.088164
2601.000000	0.088170
2600.000000	0.088203
2599.000000	0.088263
2598.000000	0.088306
2597.000000	0.088292
2596.000000	0.088223
2595.000000	0.088134
2594.000000	0.088064
2593.000000	0.088040
2592.000000	0.088065
2591.000000	0.088116
2590.000000	0.088156
2589.000000	0.088162
2588.000000	0.088139
2587.000000	0.088106
2586.000000	0.088086
2585.000000	0.088085
2584.000000	0.088094
2583.000000	0.088098
2582.000000	0.088076
2581.000000	0.088018
2580.000000	0.087919
2579.000000	0.087792
2578.000000	0.087669
2577.000000	0.087583
2576.000000	0.087539
2575.000000	0.087511
2574.000000	0.087475
2573.000000	0.087425
2572.000000	0.087370
2571.000000	0.087314
2570.000000	0.087260
2569.000000	0.087217
2568.000000	0.087184
2567.000000	0.087143
2566.000000	0.087073
2565.000000	0.086980
2564.000000	0.086891
2563.000000	0.086830
2562.000000	0.086799
2561.000000	0.086787
2560.000000	0.086789
2559.000000	0.086804
2558.000000	0.086841
2557.000000	0.086905
2556.000000	0.086986
2555.000000	0.087071
2554.000000	0.087149
2553.000000	0.087224
2552.000000	0.087292
2551.000000	0.087339
2550.000000	0.087360
2549.000000	0.087373
2548.000000	0.087401
2547.000000	0.087444
2546.000000	0.087480
2545.000000	0.087494
2544.000000	0.087478
2543.000000	0.087430
2542.000000	0.087363
2541.000000	0.087306
2540.000000	0.087288
2539.000000	0.087322
2538.000000	0.087400
2537.000000	0.087504
2536.000000	0.087606
2535.000000	0.087681
2534.000000	0.087734
2533.000000	0.087800
2532.000000	0.087898
2531.000000	0.087996
2530.000000	0.088028
2529.000000	0.087952
2528.000000	0.087785
2527.000000	0.087588
2526.000000	0.087426
2525.000000	0.087342
2524.000000	0.087338
2523.000000	0.087381
2522.000000	0.087435
2521.000000	0.087480
2520.000000	0.087518
2519.000000	0.087553
2518.000000	0.087592
2517.000000	0.087641
2516.000000	0.087695
2515.000000	0.087726
2514.000000	0.087711
2513.000000	0.087655
2512.000000	0.087585
2511.000000	0.087513
2510.000000	0.087432
2509.000000	0.087337
2508.000000	0.087239
2507.000000	0.087157
2506.000000	0.087104
2505.000000	0.087089
2504.000000	0.087101
2503.000000	0.087113
2502.000000	0.087103
2501.000000	0.087070
2500.000000	0.087026
2499.000000	0.086974
2498.000000	0.086909
2497.000000	0.086848
2496.000000	0.086818
2495.000000	0.086826
2494.000000	0.086850
2493.000000	0.086860
2492.000000	0.086840
2491.000000	0.086795
2490.000000	0.086738
2489.000000	0.086684
2488.000000	0.086643
2487.000000	0.086609
2486.000000	0.086579
2485.000000	0.086556
2484.000000	0.086552
2483.000000	0.086561
2482.000000	0.086567
2481.000000	0.086556
2480.000000	0.086529
2479.000000	0.086499
2478.000000	0.086481
2477.000000	0.086496
2476.000000	0.086551
2475.000000	0.086635
2474.000000	0.086729
2473.000000	0.086818
2472.000000	0.086908
2471.000000	0.087007
2470.000000	0.087118
2469.000000	0.087231
2468.000000	0.087325
2467.000000	0.087375
2466.000000	0.087373
2465.000000	0.087334
2464.000000	0.087275
2463.000000	0.087198
2462.000000	0.087096
2461.000000	0.086978
2460.000000	0.086868
2459.000000	0.086787
2458.000000	0.086761
2457.000000	0.086804
2456.000000	0.086903
2455.000000	0.087007
2454.000000	0.087063
2453.000000	0.087056
2452.000000	0.087013
2451.000000	0.086950
2450.000000	0.086858
2449.000000	0.086730
2448.000000	0.086587
2447.000000	0.086473
2446.000000	0.086437
2445.000000	0.086506
2444.000000	0.086668
2443.000000	0.086875
2442.000000	0.087077
2441.000000	0.087259
2440.000000	0.087431
2439.000000	0.087587
2438.000000	0.087693
2437.000000	0.087711
2436.000000	0.087642
2435.000000	0.087520
2434.000000	0.087391
2433.000000	0.087295
2432.000000	0.087246
2431.000000	0.087241
2430.000000	0.087276
2429.000000	0.087380
2428.000000	0.087615
2427.000000	0.088046
2426.000000	0.088698
2425.000000	0.089513
2424.000000	0.090349
2423.000000	0.091008
2422.000000	0.091320
2421.000000	0.091227
2420.000000	0.090823
2419.000000	0.090288
2418.000000	0.089797
2417.000000	0.089459
2416.000000	0.089296
2415.000000	0.089261
2414.000000	0.089271
2413.000000	0.089249
2412.000000	0.089158
2411.000000	0.089005
2410.000000	0.088816
2409.000000	0.088617
2408.000000	0.088418
2407.000000	0.088224
2406.000000	0.088029
2405.000000	0.087826
2404.000000	0.087610
2403.000000	0.087391
2402.000000	0.087196
2401.000000	0.087051
2400.000000	0.086948
2399.000000	0.086861
2398.000000	0.086777
2397.000000	0.086711
2396.000000	0.086684
2395.000000	0.086690
2394.000000	0.086714
2393.000000	0.086749
2392.000000	0.086805
2391.000000	0.086888
2390.000000	0.086992
2389.000000	0.087112
2388.000000	0.087261
2387.000000	0.087466
2386.000000	0.087760
2385.000000	0.088145
2384.000000	0.088573
2383.000000	0.088950
2382.000000	0.089191
2381.000000	0.089268
2380.000000	0.089218
2379.000000	0.089104
2378.000000	0.088979
2377.000000	0.088878
2376.000000	0.088822
2375.000000	0.088825
2374.000000	0.088881
2373.000000	0.088956
2372.000000	0.089001
2371.000000	0.088979
2370.000000	0.088894
2369.000000	0.088783
2368.000000	0.088678
2367.000000	0.088586
2366.000000	0.088518
2365.000000	0.088494
2364.000000	0.088512
2363.000000	0.088547
2362.000000	0.088583
2361.000000	0.088610
2360.000000	0.088633
2359.000000	0.088672
2358.000000	0.088715
2357.000000	0.088769
2356.000000	0.088805
2355.000000	0.088808
2354.000000	0.088820
2353.000000	0.088821
2352.000000	0.088737
2351.000000	0.088554
2350.000000	0.088409
2349.000000	0.088387
2348.000000	0.088417
2347.000000	0.088401
2346.000000	0.088264
2345.000000	0.088045
2344.000000	0.087879
2343.000000	0.087893
2342.000000	0.088026
2341.000000	0.088124
2340.000000	0.088179
2339.000000	0.088226
2338.000000	0.088265
2337.000000	0.088254
2336.000000	0.088189
2335.000000	0.088106
2334.000000	0.088072
2333.000000	0.088110
2332.000000	0.088198
2331.000000	0.088275
2330.000000	0.088323
2329.000000	0.088348
2328.000000	0.088328
2327.000000	0.088264
2326.000000	0.088143
2325.000000	0.088028
2324.000000	0.087953
2323.000000	0.087924
2322.000000	0.087897
2321.000000	0.087818
2320.000000	0.087697
2319.000000	0.087562
2318.000000	0.087466
2317.000000	0.087432
2316.000000	0.087452
2315.000000	0.087491
2314.000000	0.087512
2313.000000	0.087523
2312.000000	0.087563
2311.000000	0.087677
2310.000000	0.087878
2309.000000	0.088164
2308.000000	0.088497
2307.000000	0.088822
2306.000000	0.089060
2305.000000	0.089160
2304.000000	0.089112
2303.000000	0.088951
2302.000000	0.088750
2301.000000	0.088600
2300.000000	0.088576
2299.000000	0.088697
2298.000000	0.088928
2297.000000	0.089207
2296.000000	0.089469
2295.000000	0.089666
2294.000000	0.089779
2293.000000	0.089866
2292.000000	0.090013
2291.000000	0.090267
2290.000000	0.090570
2289.000000	0.090793
2288.000000	0.090806
2287.000000	0.090534
2286.000000	0.089987
2285.000000	0.089265
2284.000000	0.088524
2283.000000	0.087892
2282.000000	0.087424
2281.000000	0.087111
2280.000000	0.086935
2279.000000	0.086883
2278.000000	0.086924
2277.000000	0.087000
2276.000000	0.087044
2275.000000	0.087019
2274.000000	0.086935
2273.000000	0.086835
2272.000000	0.086747
2271.000000	0.086662
2270.000000	0.086565
2269.000000	0.086464
2268.000000	0.086382
2267.000000	0.086311
2266.000000	0.086229
2265.000000	0.086134
2264.000000	0.086056
2263.000000	0.086003
2262.000000	0.085933
2261.000000	0.085812
2260.000000	0.085659
2259.000000	0.085526
2258.000000	0.085454
2257.000000	0.085456
2256.000000	0.085554
2255.000000	0.085769
2254.000000	0.086076
2253.000000	0.086385
2252.000000	0.086580
2251.000000	0.086583
2250.000000	0.086384
2249.000000	0.086051
2248.000000	0.085698
2247.000000	0.085431
2246.000000	0.085277
2245.000000	0.085192
2244.000000	0.085115
2243.000000	0.085029
2242.000000	0.084960
2241.000000	0.084934
2240.000000	0.084964
2239.000000	0.085045
2238.000000	0.085162
2237.000000	0.085283
2236.000000	0.085366
2235.000000	0.085392
2234.000000	0.085366
2233.000000	0.085301
2232.000000	0.085205
2231.000000	0.085091
2230.000000	0.084985
2229.000000	0.084908
2228.000000	0.084862
2227.000000	0.084846
2226.000000	0.084868
2225.000000	0.084917
2224.000000	0.084954
2223.000000	0.084952
2222.000000	0.084936
2221.000000	0.084951
2220.000000	0.084994
2219.000000	0.085005
2218.000000	0.084926
2217.000000	0.084766
2216.000000	0.084603
2215.000000	0.084533
2214.000000	0.084610
2213.000000	0.084788
2212.000000	0.084950
2211.000000	0.085000
2210.000000	0.084940
2209.000000	0.084823
2208.000000	0.084677
2207.000000	0.084510
2206.000000	0.084357
2205.000000	0.084260
2204.000000	0.084198
2203.000000	0.084092
2202.000000	0.083922
2201.000000	0.083763
2200.000000	0.083687
2199.000000	0.083686
2198.000000	0.083701
2197.000000	0.083719
2196.000000	0.083770
2195.000000	0.083879
2194.000000	0.084022
2193.000000	0.084139
2192.000000	0.084173
2191.000000	0.084123
2190.000000	0.084062
2189.000000	0.084069
2188.000000	0.084143
2187.000000	0.084215
2186.000000	0.084239
2185.000000	0.084234
2184.000000	0.084223
2183.000000	0.084200
2182.000000	0.084167
2181.000000	0.084155
2180.000000	0.084183
2179.000000	0.084241
2178.000000	0.084316
2177.000000	0.084392
2176.000000	0.084430
2175.000000	0.084395
2174.000000	0.084307
2173.000000	0.084212
2172.000000	0.084105
2171.000000	0.083947
2170.000000	0.083758
2169.000000	0.083611
2168.000000	0.083522
2167.000000	0.083433
2166.000000	0.083338
2165.000000	0.083331
2164.000000	0.083471
2163.000000	0.083659
2162.000000	0.083743
2161.000000	0.083669
2160.000000	0.083515
2159.000000	0.083404
2158.000000	0.083438
2157.000000	0.083639
2156.000000	0.083909
2155.000000	0.084105
2154.000000	0.084185
2153.000000	0.084234
2152.000000	0.084316
2151.000000	0.084378
2150.000000	0.084345
2149.000000	0.084235
2148.000000	0.084141
2147.000000	0.084112
2146.000000	0.084123
2145.000000	0.084129
2144.000000	0.084111
2143.000000	0.084084
2142.000000	0.084075
2141.000000	0.084090
2140.000000	0.084088
2139.000000	0.084031
2138.000000	0.083941
2137.000000	0.083892
2136.000000	0.083930
2135.000000	0.084035
2134.000000	0.084168
2133.000000	0.084297
2132.000000	0.084382
2131.000000	0.084391
2130.000000	0.084344
2129.000000	0.084300
2128.000000	0.084294
2127.000000	0.084302
2126.000000	0.084294
2125.000000	0.084272
2124.000000	0.084246
2123.000000	0.084221
2122.000000	0.084219
2121.000000	0.084268
2120.000000	0.084347
2119.000000	0.084387
2118.000000	0.084353
2117.000000	0.084299
2116.000000	0.084297
2115.000000	0.084349
2114.000000	0.084399
2113.000000	0.084414
2112.000000	0.084409
2111.000000	0.084411
2110.000000	0.084441
2109.000000	0.084518
2108.000000	0.084635
2107.000000	0.084754
2106.000000	0.084839
2105.000000	0.084885
2104.000000	0.084897
2103.000000	0.084846
2102.000000	0.084710
2101.000000	0.084516
2100.000000	0.084329
2099.000000	0.084184
2098.000000	0.084073
2097.000000	0.083984
2096.000000	0.083930
2095.000000	0.083917
2094.000000	0.083932
2093.000000	0.083953
2092.000000	0.083965
2091.000000	0.083957
2090.000000	0.083929
2089.000000	0.083893
2088.000000	0.083868
2087.000000	0.083869
2086.000000	0.083890
2085.000000	0.083902
2084.000000	0.083871
2083.000000	0.083824
2082.000000	0.083862
2081.000000	0.084070
2080.000000	0.084407
2079.000000	0.084728
2078.000000	0.084919
2077.000000	0.084972
2076.000000	0.084907
2075.000000	0.084713
2074.000000	0.084392
2073.000000	0.084035
2072.000000	0.083773
2071.000000	0.083665
2070.000000	0.083671
2069.000000	0.083716
2068.000000	0.083750
2067.000000	0.083775
2066.000000	0.083818
2065.000000	0.083895
2064.000000	0.083970
2063.000000	0.083989
2062.000000	0.083951
2061.000000	0.083900
2060.000000	0.083859
2059.000000	0.083803
2058.000000	0.083712
2057.000000	0.083590
2056.000000	0.083419
2055.000000	0.083163
2054.000000	0.082849
2053.000000	0.082592
2052.000000	0.082493
2051.000000	0.082551
2050.000000	0.082712
2049.000000	0.082932
2048.000000	0.083150
2047.000000	0.083269
2046.000000	0.083247
2045.000000	0.083180
2044.000000	0.083196
2043.000000	0.083319
2042.000000	0.083467
2041.000000	0.083563
2040.000000	0.083594
2039.000000	0.083621
2038.000000	0.083754
2037.000000	0.084051
2036.000000	0.084385
2035.000000	0.084513
2034.000000	0.084345
2033.000000	0.084068
2032.000000	0.083920
2031.000000	0.083933
2030.000000	0.084007
2029.000000	0.084101
2028.000000	0.084222
2027.000000	0.084302
2026.000000	0.084230
2025.000000	0.084002
2024.000000	0.083738
2023.000000	0.083545
2022.000000	0.083441
2021.000000	0.083364
2020.000000	0.083182
2019.000000	0.082768
2018.000000	0.082129
2017.000000	0.081453
2016.000000	0.080942
2015.000000	0.080643
2014.000000	0.080498
2013.000000	0.080461
2012.000000	0.080497
2011.000000	0.080556
2010.000000	0.080622
2009.000000	0.080749
2008.000000	0.080980
2007.000000	0.081288
2006.000000	0.081626
2005.000000	0.081947
2004.000000	0.082157
2003.000000	0.082165
2002.000000	0.082041
2001.000000	0.082024
2000.000000	0.082275
1999.000000	0.082688
1998.000000	0.082996
1997.000000	0.083058
1996.000000	0.082958
1995.000000	0.082877
1994.000000	0.082940
1993.000000	0.083174
1992.000000	0.083510
1991.000000	0.083831
1990.000000	0.084065
1989.000000	0.084230
1988.000000	0.084357
1987.000000	0.084403
1986.000000	0.084294
1985.000000	0.084022
1984.000000	0.083633
1983.000000	0.083157
1982.000000	0.082622
1981.000000	0.082137
1980.000000	0.081856
1979.000000	0.081842
1978.000000	0.081984
1977.000000	0.082106
1976.000000	0.082113
1975.000000	0.082023
1974.000000	0.081904
1973.000000	0.081827
1972.000000	0.081842
1971.000000	0.081964
1970.000000	0.082184
1969.000000	0.082452
1968.000000	0.082693
1967.000000	0.082863
1966.000000	0.083030
1965.000000	0.083337
1964.000000	0.083912
1963.000000	0.084869
1962.000000	0.086401
1961.000000	0.088787
1960.000000	0.092214
1959.000000	0.096571
1958.000000	0.101357
1957.000000	0.105745
1956.000000	0.108836
1955.000000	0.110043
1954.000000	0.109369
1953.000000	0.107401
1952.000000	0.104964
1951.000000	0.102687
1950.000000	0.100899
1949.000000	0.099746
1948.000000	0.099250
1947.000000	0.099300
1946.000000	0.099691
1945.000000	0.100199
1944.000000	0.100623
1943.000000	0.100775
1942.000000	0.100537
1941.000000	0.099922
1940.000000	0.099005
1939.000000	0.097811
1938.000000	0.096357
1937.000000	0.094761
1936.000000	0.093208
1935.000000	0.091840
1934.000000	0.090748
1933.000000	0.090026
1932.000000	0.089713
1931.000000	0.089731
1930.000000	0.089983
1929.000000	0.090454
1928.000000	0.091195
1927.000000	0.092236
1926.000000	0.093538
1925.000000	0.095013
1924.000000	0.096456
1923.000000	0.097526
1922.000000	0.097909
1921.000000	0.097524
1920.000000	0.096534
1919.000000	0.095229
1918.000000	0.093993
1917.000000	0.093242
1916.000000	0.093221
1915.000000	0.093911
1914.000000	0.095165
1913.000000	0.096899
1912.000000	0.099095
1911.000000	0.101648
1910.000000	0.104217
1909.000000	0.106250
1908.000000	0.107257
1907.000000	0.107055
1906.000000	0.105784
1905.000000	0.103839
1904.000000	0.101677
1903.000000	0.099610
1902.000000	0.097744
1901.000000	0.096064
1900.000000	0.094546
1899.000000	0.093200
1898.000000	0.092061
1897.000000	0.091174
1896.000000	0.090524
1895.000000	0.090013
1894.000000	0.089536
1893.000000	0.089062
1892.000000	0.088618
1891.000000	0.088213
1890.000000	0.087828
1889.000000	0.087452
1888.000000	0.087117
1887.000000	0.086861
1886.000000	0.086682
1885.000000	0.086546
1884.000000	0.086419
1883.000000	0.086291
1882.000000	0.086172
1881.000000	0.086062
1880.000000	0.085953
1879.000000	0.085850
1878.000000	0.085753
1877.000000	0.085660
1876.000000	0.085564
1875.000000	0.085476
1874.000000	0.085434
1873.000000	0.085474
1872.000000	0.085580
1871.000000	0.085732
1870.000000	0.085972
1869.000000	0.086374
1868.000000	0.086952
1867.000000	0.087679
1866.000000	0.088538
1865.000000	0.089506
1864.000000	0.090569
1863.000000	0.091743
1862.000000	0.093072
1861.000000	0.094565
1860.000000	0.096171
1859.000000	0.097795
1858.000000	0.099281
1857.000000	0.100348
1856.000000	0.100683
1855.000000	0.100162
1854.000000	0.098984
1853.000000	0.097576
1852.000000	0.096353
1851.000000	0.095558
1850.000000	0.095218
1849.000000	0.095266
1848.000000	0.095644
1847.000000	0.096333
1846.000000	0.097302
1845.000000	0.098377
1844.000000	0.099143
1843.000000	0.099177
1842.000000	0.098422
1841.000000	0.097082
1840.000000	0.095407
1839.000000	0.093657
1838.000000	0.092057
1837.000000	0.090750
1836.000000	0.089747
1835.000000	0.088983
1834.000000	0.088403
1833.000000	0.087996
1832.000000	0.087781
1831.000000	0.087764
1830.000000	0.087911
1829.000000	0.088250
1828.000000	0.088923
1827.000000	0.090018
1826.000000	0.091454
1825.000000	0.093033
1824.000000	0.094547
1823.000000	0.095915
1822.000000	0.097187
1821.000000	0.098440
1820.000000	0.099738
1819.000000	0.101044
1818.000000	0.102141
1817.000000	0.102689
1816.000000	0.102418
1815.000000	0.101345
1814.000000	0.099731
1813.000000	0.097893
1812.000000	0.096082
1811.000000	0.094423
1810.000000	0.092993
1809.000000	0.091849
1808.000000	0.090968
1807.000000	0.090262
1806.000000	0.089659
1805.000000	0.089135
1804.000000	0.088682
1803.000000	0.088290
1802.000000	0.087958
1801.000000	0.087685
1800.000000	0.087482
1799.000000	0.087353
1798.000000	0.087318
1797.000000	0.087387
1796.000000	0.087562
1795.000000	0.087877
1794.000000	0.088428
1793.000000	0.089293
1792.000000	0.090422
1791.000000	0.091664
1790.000000	0.092969
1789.000000	0.094340
1788.000000	0.095739
1787.000000	0.097097
1786.000000	0.098274
1785.000000	0.099030
1784.000000	0.099146
1783.000000	0.098597
1782.000000	0.097503
1781.000000	0.096024
1780.000000	0.094447
1779.000000	0.093052
1778.000000	0.091961
1777.000000	0.091121
1776.000000	0.090458
1775.000000	0.089962
1774.000000	0.089591
1773.000000	0.089263
1772.000000	0.088923
1771.000000	0.088626
1770.000000	0.088462
1769.000000	0.088398
1768.000000	0.088312
1767.000000	0.088134
1766.000000	0.087899
1765.000000	0.087694
1764.000000	0.087540
1763.000000	0.087367
1762.000000	0.087075
1761.000000	0.086677
1760.000000	0.086355
1759.000000	0.086194
1758.000000	0.086129
1757.000000	0.086056
1756.000000	0.085975
1755.000000	0.085980
1754.000000	0.086123
1753.000000	0.086434
1752.000000	0.086994
1751.000000	0.087807
1750.000000	0.088763
1749.000000	0.089847
1748.000000	0.091125
1747.000000	0.092620
1746.000000	0.094228
1745.000000	0.095823
1744.000000	0.097377
1743.000000	0.098971
1742.000000	0.100879
1741.000000	0.103471
1740.000000	0.106730
1739.000000	0.109908
1738.000000	0.112202
1737.000000	0.113410
1736.000000	0.113629
1735.000000	0.112865
1734.000000	0.111112
1733.000000	0.108855
1732.000000	0.106877
1731.000000	0.105259
1730.000000	0.103696
1729.000000	0.102165
1728.000000	0.100864
1727.000000	0.099936
1726.000000	0.099331
1725.000000	0.098930
1724.000000	0.098639
1723.000000	0.098360
1722.000000	0.098106
1721.000000	0.097977
1720.000000	0.098059
1719.000000	0.098360
1718.000000	0.098718
1717.000000	0.098769
1716.000000	0.098258
1715.000000	0.097243
1714.000000	0.095953
1713.000000	0.094657
1712.000000	0.093512
1711.000000	0.092543
1710.000000	0.091753
1709.000000	0.091149
1708.000000	0.090713
1707.000000	0.090377
1706.000000	0.090068
1705.000000	0.089773
1704.000000	0.089543
1703.000000	0.089443
1702.000000	0.089497
1701.000000	0.089751
1700.000000	0.089950
1699.000000	0.089967
1698.000000	0.090247
1697.000000	0.090957
1696.000000	0.091947
1695.000000	0.092914
1694.000000	0.093787
1693.000000	0.094721
1692.000000	0.095679
1691.000000	0.096561
1690.000000	0.097315
1689.000000	0.097908
1688.000000	0.098393
1687.000000	0.098836
1686.000000	0.099249
1685.000000	0.099619
1684.000000	0.099632
1683.000000	0.099192
1682.000000	0.098778
1681.000000	0.098537
1680.000000	0.098397
1679.000000	0.098427
1678.000000	0.098708
1677.000000	0.099330
1676.000000	0.100333
1675.000000	0.101443
1674.000000	0.102214
1673.000000	0.102528
1672.000000	0.102454
1671.000000	0.101924
1670.000000	0.100852
1669.000000	0.099301
1668.000000	0.097631
1667.000000	0.096163
1666.000000	0.094902
1665.000000	0.093753
1664.000000	0.092696
1663.000000	0.091731
1662.000000	0.090855
1661.000000	0.090105
1660.000000	0.089552
1659.000000	0.089149
1658.000000	0.088758
1657.000000	0.088326
1656.000000	0.087977
1655.000000	0.087881
1654.000000	0.088185
1653.000000	0.088492
1652.000000	0.088321
1651.000000	0.088235
1650.000000	0.088308
1649.000000	0.088197
1648.000000	0.087985
1647.000000	0.087785
1646.000000	0.087547
1645.000000	0.087362
1644.000000	0.087369
1643.000000	0.087512
1642.000000	0.087678
1641.000000	0.087790
1640.000000	0.087845
1639.000000	0.087860
1638.000000	0.087846
1637.000000	0.087867
1636.000000	0.087926
1635.000000	0.087817
1634.000000	0.087456
1633.000000	0.087047
1632.000000	0.086641
1631.000000	0.086239
1630.000000	0.085851
1629.000000	0.085480
1628.000000	0.085164
1627.000000	0.084944
1626.000000	0.084793
1625.000000	0.084646
1624.000000	0.084497
1623.000000	0.084321
1622.000000	0.084068
1621.000000	0.083791
1620.000000	0.083622
1619.000000	0.083601
1618.000000	0.083668
1617.000000	0.083715
1616.000000	0.083700
1615.000000	0.083734
1614.000000	0.083834
1613.000000	0.083905
1612.000000	0.083977
1611.000000	0.084128
1610.000000	0.084293
1609.000000	0.084420
1608.000000	0.084621
1607.000000	0.084950
1606.000000	0.085202
1605.000000	0.085174
1604.000000	0.084928
1603.000000	0.084542
1602.000000	0.083923
1601.000000	0.083072
1600.000000	0.082181
1599.000000	0.081679
1598.000000	0.083154
1597.000000	0.090516
1596.000000	0.108713
1595.000000	0.138720
1594.000000	0.172204
1593.000000	0.193507
1592.000000	0.192497
1591.000000	0.174453
1590.000000	0.152945
1589.000000	0.136956
1588.000000	0.127117
1587.000000	0.120133
1586.000000	0.113652
1585.000000	0.107522
1584.000000	0.102429
1583.000000	0.098769
1582.000000	0.096409
1581.000000	0.094909
1580.000000	0.093797
1579.000000	0.092836
1578.000000	0.092067
1577.000000	0.091627
1576.000000	0.091536
1575.000000	0.091824
1574.000000	0.092681
1573.000000	0.094138
1572.000000	0.096150
1571.000000	0.098844
1570.000000	0.102187
1569.000000	0.105469
1568.000000	0.107761
1567.000000	0.108656
1566.000000	0.108258
1565.000000	0.106985
1564.000000	0.105375
1563.000000	0.103861
1562.000000	0.102608
1561.000000	0.101524
1560.000000	0.100372
1559.000000	0.098684
1558.000000	0.096548
1557.000000	0.095032
1556.000000	0.094161
1555.000000	0.093198
1554.000000	0.091892
1553.000000	0.090444
1552.000000	0.089147
1551.000000	0.088022
1550.000000	0.087012
1549.000000	0.086158
1548.000000	0.085503
1547.000000	0.085008
1546.000000	0.084563
1545.000000	0.084102
1544.000000	0.083600
1543.000000	0.083069
1542.000000	0.082571
1541.000000	0.082209
1540.000000	0.081884
1539.000000	0.081445
1538.000000	0.081096
1537.000000	0.080963
1536.000000	0.080813
1535.000000	0.080505
1534.000000	0.080054
1533.000000	0.079520
1532.000000	0.079024
1531.000000	0.078610
1530.000000	0.078211
1529.000000	0.077776
1528.000000	0.077288
1527.000000	0.076894
1526.000000	0.077096
1525.000000	0.078777
1524.000000	0.082906
1523.000000	0.090046
1522.000000	0.099239
1521.000000	0.107012
1520.000000	0.110242
1519.000000	0.109286
1518.000000	0.105826
1517.000000	0.100942
1516.000000	0.095833
1515.000000	0.092281
1514.000000	0.092000
1513.000000	0.095953
1512.000000	0.103632
1511.000000	0.112442
1510.000000	0.119244
1509.000000	0.123411
1508.000000	0.129172
1507.000000	0.144150
1506.000000	0.168884
1505.000000	0.191901
1504.000000	0.203471
1503.000000	0.203393
1502.000000	0.195572
1501.000000	0.183925
1500.000000	0.171087
1499.000000	0.158442
1498.000000	0.146561
1497.000000	0.136009
1496.000000	0.127521
1495.000000	0.121387
1494.000000	0.117211
1493.000000	0.114268
1492.000000	0.111956
1491.000000	0.109941
1490.000000	0.108188
1489.000000	0.106788
1488.000000	0.105670
1487.000000	0.104638
1486.000000	0.103671
1485.000000	0.102828
1484.000000	0.102087
1483.000000	0.101386
1482.000000	0.100711
1481.000000	0.100139
1480.000000	0.099687
1479.000000	0.099291
1478.000000	0.098904
1477.000000	0.098556
1476.000000	0.098237
1475.000000	0.097903
1474.000000	0.097576
1473.000000	0.097309
1472.000000	0.097084
1471.000000	0.096849
1470.000000	0.096652
1469.000000	0.096533
1468.000000	0.096458
1467.000000	0.096360
1466.000000	0.096232
1465.000000	0.096097
1464.000000	0.095962
1463.000000	0.095804
1462.000000	0.095615
1461.000000	0.095429
1460.000000	0.095272
1459.000000	0.095155
1458.000000	0.095119
1457.000000	0.095169
1456.000000	0.095182
1455.000000	0.095128
1454.000000	0.095011
1453.000000	0.094880
1452.000000	0.094849
1451.000000	0.094929
1450.000000	0.095144
1449.000000	0.095683
1448.000000	0.096708
1447.000000	0.098113
1446.000000	0.099566
1445.000000	0.100700
1444.000000	0.101224
1443.000000	0.100933
1442.000000	0.099963
1441.000000	0.098784
1440.000000	0.097824
1439.000000	0.097193
1438.000000	0.096904
1437.000000	0.097090
1436.000000	0.097710
1435.000000	0.098460
1434.000000	0.099107
1433.000000	0.099615
1432.000000	0.099929
1431.000000	0.099873
1430.000000	0.099363
1429.000000	0.098609
1428.000000	0.097835
1427.000000	0.097066
1426.000000	0.096254
1425.000000	0.095459
1424.000000	0.094809
1423.000000	0.094269
1422.000000	0.093750
1421.000000	0.093305
1420.000000	0.093030
1419.000000	0.092786
1418.000000	0.092413
1417.000000	0.092091
1416.000000	0.091955
1415.000000	0.091827
1414.000000	0.091544
1413.000000	0.091207
1412.000000	0.090978
1411.000000	0.090769
1410.000000	0.090434
1409.000000	0.090099
1408.000000	0.089924
1407.000000	0.089799
1406.000000	0.089556
1405.000000	0.089293
1404.000000	0.089184
1403.000000	0.089088
1402.000000	0.088809
1401.000000	0.088482
1400.000000	0.088313
1399.000000	0.088169
1398.000000	0.087886
1397.000000	0.087729
1396.000000	0.088196
1395.000000	0.090445
1394.000000	0.097567
1393.000000	0.113866
1392.000000	0.140872
1391.000000	0.173274
1390.000000	0.199181
1389.000000	0.207549
1388.000000	0.198501
1387.000000	0.183065
1386.000000	0.170711
1385.000000	0.162138
1384.000000	0.153834
1383.000000	0.144107
1382.000000	0.133968
1381.000000	0.124885
1380.000000	0.117431
1379.000000	0.111635
1378.000000	0.107367
1377.000000	0.104308
1376.000000	0.102128
1375.000000	0.100802
1374.000000	0.100418
1373.000000	0.100800
1372.000000	0.101692
1371.000000	0.103096
1370.000000	0.105103
1369.000000	0.107521
1368.000000	0.109926
1367.000000	0.112133
1366.000000	0.114531
1365.000000	0.117863
1364.000000	0.122470
1363.000000	0.127278
1362.000000	0.129802
1361.000000	0.128188
1360.000000	0.123091
1359.000000	0.116944
1358.000000	0.111858
1357.000000	0.108483
1356.000000	0.106427
1355.000000	0.105184
1354.000000	0.104510
1353.000000	0.104253
1352.000000	0.104224
1351.000000	0.104241
1350.000000	0.104070
1349.000000	0.103413
1348.000000	0.102164
1347.000000	0.100573
1346.000000	0.099003
1345.000000	0.097615
1344.000000	0.096405
1343.000000	0.095409
1342.000000	0.094678
1341.000000	0.094147
1340.000000	0.093695
1339.000000	0.093299
1338.000000	0.092999
1337.000000	0.092752
1336.000000	0.092478
1335.000000	0.092188
1334.000000	0.091944
1333.000000	0.091741
1332.000000	0.091533
1331.000000	0.091334
1330.000000	0.091185
1329.000000	0.091064
1328.000000	0.090926
1327.000000	0.090789
1326.000000	0.090702
1325.000000	0.090647
1324.000000	0.090578
1323.000000	0.090501
1322.000000	0.090442
1321.000000	0.090383
1320.000000	0.090299
1319.000000	0.090219
1318.000000	0.090185
1317.000000	0.090175
1316.000000	0.090149
1315.000000	0.090126
1314.000000	0.090169
1313.000000	0.090297
1312.000000	0.090499
1311.000000	0.090784
1310.000000	0.091155
1309.000000	0.091557
1308.000000	0.091919
1307.000000	0.092257
1306.000000	0.092647
1305.000000	0.093069
1304.000000	0.093356
1303.000000	0.093299
1302.000000	0.092822
1301.000000	0.092024
1300.000000	0.091086
1299.000000	0.090163
1298.000000	0.089331
1297.000000	0.088610
1296.000000	0.087995
1295.000000	0.087473
1294.000000	0.087028
1293.000000	0.086645
1292.000000	0.086313
1291.000000	0.086011
1290.000000	0.085711
1289.000000	0.085407
1288.000000	0.085108
1287.000000	0.084810
1286.000000	0.084506
1285.000000	0.084209
1284.000000	0.083947
1283.000000	0.083743
1282.000000	0.083636
1281.000000	0.083740
1280.000000	0.084239
1279.000000	0.085592
1278.000000	0.089113
1277.000000	0.097202
1276.000000	0.112315
1275.000000	0.134733
1274.000000	0.160597
1273.000000	0.182256
1272.000000	0.192052
1271.000000	0.187312
1270.000000	0.171887
1269.000000	0.152776
1268.000000	0.135727
1267.000000	0.123457
1266.000000	0.116007
1265.000000	0.111948
1264.000000	0.109631
1263.000000	0.107861
1262.000000	0.105952
1261.000000	0.103688
1260.000000	0.101348
1259.000000	0.099457
1258.000000	0.098338
1257.000000	0.097963
1256.000000	0.098213
1255.000000	0.099083
1254.000000	0.100520
1253.000000	0.102328
1252.000000	0.104336
1251.000000	0.106564
1250.000000	0.109172
1249.000000	0.112395
1248.000000	0.116552
1247.000000	0.121758
1246.000000	0.127303
1245.000000	0.131485
1244.000000	0.132540
1243.000000	0.129902
1242.000000	0.124520
1241.000000	0.118022
1240.000000	0.111767
1239.000000	0.106537
1238.000000	0.102568
1237.000000	0.099672
1236.000000	0.097498
1235.000000	0.095806
1234.000000	0.094489
1233.000000	0.093419
1232.000000	0.092445
1231.000000	0.091500
1230.000000	0.090603
1229.000000	0.089734
1228.000000	0.088819
1227.000000	0.087859
1226.000000	0.086920
1225.000000	0.086022
1224.000000	0.085129
1223.000000	0.084300
1222.000000	0.083783
1221.000000	0.083947
1220.000000	0.085271
1219.000000	0.088334
1218.000000	0.093705
1217.000000	0.101736
1216.000000	0.112347
1215.000000	0.124975
1214.000000	0.138562
1213.000000	0.151503
1212.000000	0.161671
1211.000000	0.166931
1210.000000	0.166093
1209.000000	0.159691
1208.000000	0.149821
1207.000000	0.139070
1206.000000	0.129420
1205.000000	0.121718
1204.000000	0.115943
1203.000000	0.111762
1202.000000	0.108808
1201.000000	0.106701
1200.000000	0.105104
1199.000000	0.103827
1198.000000	0.102794
1197.000000	0.101963
1196.000000	0.101308
1195.000000	0.100862
1194.000000	0.100668
1193.000000	0.100668
1192.000000	0.100749
1191.000000	0.100843
1190.000000	0.100933
1189.000000	0.100957
1188.000000	0.100834
1187.000000	0.100570
1186.000000	0.100248
1185.000000	0.099908
1184.000000	0.099545
1183.000000	0.099225
1182.000000	0.099136
1181.000000	0.099492
1180.000000	0.100446
1179.000000	0.102024
1178.000000	0.103988
1177.000000	0.105744
1176.000000	0.106579
1175.000000	0.106118
1174.000000	0.104553
1173.000000	0.102414
1172.000000	0.100185
1171.000000	0.098174
1170.000000	0.096544
1169.000000	0.095310
1168.000000	0.094371
1167.000000	0.093625
1166.000000	0.093031
1165.000000	0.092549
1164.000000	0.092105
1163.000000	0.091663
1162.000000	0.091269
1161.000000	0.090950
1160.000000	0.090647
1159.000000	0.090305
1158.000000	0.089957
1157.000000	0.089652
1156.000000	0.089346
1155.000000	0.088966
1154.000000	0.088522
1153.000000	0.088060
1152.000000	0.087580
1151.000000	0.087087
1150.000000	0.086683
1149.000000	0.086472
1148.000000	0.086431
1147.000000	0.086681
1146.000000	0.087978
1145.000000	0.091513
1144.000000	0.097651
1143.000000	0.104667
1142.000000	0.109221
1141.000000	0.108851
1140.000000	0.104165
1139.000000	0.098105
1138.000000	0.093193
1137.000000	0.089916
1136.000000	0.087500
1135.000000	0.085449
1134.000000	0.084124
1133.000000	0.084603
1132.000000	0.088924
1131.000000	0.100080
1130.000000	0.119946
1129.000000	0.146038
1128.000000	0.170800
1127.000000	0.186898
1126.000000	0.194594
1125.000000	0.200800
1124.000000	0.209641
1123.000000	0.216557
1122.000000	0.213191
1121.000000	0.197389
1120.000000	0.175703
1119.000000	0.156078
1118.000000	0.141814
1117.000000	0.132092
1116.000000	0.125159
1115.000000	0.120048
1114.000000	0.116274
1113.000000	0.113393
1112.000000	0.111100
1111.000000	0.109298
1110.000000	0.107850
1109.000000	0.106552
1108.000000	0.105388
1107.000000	0.104464
1106.000000	0.103748
1105.000000	0.103070
1104.000000	0.102389
1103.000000	0.101818
1102.000000	0.101370
1101.000000	0.100933
1100.000000	0.100485
1099.000000	0.100129
1098.000000	0.099891
1097.000000	0.099688
1096.000000	0.099530
1095.000000	0.099547
1094.000000	0.099814
1093.000000	0.100322
1092.000000	0.101125
1091.000000	0.102277
1090.000000	0.103561
1089.000000	0.104527
1088.000000	0.104898
1087.000000	0.104799
1086.000000	0.104509
1085.000000	0.104166
1084.000000	0.103809
1083.000000	0.103500
1082.000000	0.103269
1081.000000	0.103050
1080.000000	0.102811
1079.000000	0.102619
1078.000000	0.102512
1077.000000	0.102407
1076.000000	0.102235
1075.000000	0.102048
1074.000000	0.101909
1073.000000	0.101781
1072.000000	0.101627
1071.000000	0.101502
1070.000000	0.101453
1069.000000	0.101431
1068.000000	0.101398
1067.000000	0.101403
1066.000000	0.101458
1065.000000	0.101469
1064.000000	0.101372
1063.000000	0.101245
1062.000000	0.101172
1061.000000	0.101101
1060.000000	0.100956
1059.000000	0.100777
1058.000000	0.100637
1057.000000	0.100503
1056.000000	0.100304
1055.000000	0.100039
1054.000000	0.099714
1053.000000	0.099260
1052.000000	0.098647
1051.000000	0.097996
1050.000000	0.097423
1049.000000	0.096885
1048.000000	0.096288
1047.000000	0.095661
1046.000000	0.095068
1045.000000	0.094464
1044.000000	0.093794
1043.000000	0.093143
1042.000000	0.092622
1041.000000	0.092196
1040.000000	0.091773
1039.000000	0.091376
1038.000000	0.091068
1037.000000	0.090780
1036.000000	0.090393
1035.000000	0.089940
1034.000000	0.089537
1033.000000	0.089172
1032.000000	0.088752
1031.000000	0.088295
1030.000000	0.087880
1029.000000	0.087468
1028.000000	0.086963
1027.000000	0.086400
1026.000000	0.085863
1025.000000	0.085277
1024.000000	0.084507
1023.000000	0.083636
1022.000000	0.082850
1021.000000	0.082109
1020.000000	0.081191
1019.000000	0.080014
1018.000000	0.078630
1017.000000	0.076996
1016.000000	0.075074
1015.000000	0.073096
1014.000000	0.071372
1013.000000	0.070288
1012.000000	0.071666
1011.000000	0.079967
1010.000000	0.100417
1009.000000	0.133843
1008.000000	0.171992
1007.000000	0.199152
1006.000000	0.204052
1005.000000	0.190621
1004.000000	0.171629
1003.000000	0.155945
1002.000000	0.144940
1001.000000	0.136524
1000.000000	0.129261
999.000000	0.123040
998.000000	0.118019
997.000000	0.114116
996.000000	0.111188
995.000000	0.109046
994.000000	0.107349
993.000000	0.105786
992.000000	0.104303
991.000000	0.102971
990.000000	0.101767
989.000000	0.100682
988.000000	0.099861
987.000000	0.099453
986.000000	0.099533
985.000000	0.100489
984.000000	0.103318
983.000000	0.108888
982.000000	0.116535
981.000000	0.123634
980.000000	0.127197
979.000000	0.126269
978.000000	0.122622
977.000000	0.118940
976.000000	0.116637
975.000000	0.115464
974.000000	0.114553
973.000000	0.113431
972.000000	0.112084
971.000000	0.110578
970.000000	0.108969
969.000000	0.107463
968.000000	0.106425
967.000000	0.106298
966.000000	0.107837
965.000000	0.112472
964.000000	0.122283
963.000000	0.139023
962.000000	0.162428
961.000000	0.188600
960.000000	0.209914
959.000000	0.218160
958.000000	0.210282
957.000000	0.190857
956.000000	0.168024
955.000000	0.148080
954.000000	0.133426
953.000000	0.123627
952.000000	0.117279
951.000000	0.113086
950.000000	0.110149
949.000000	0.107941
948.000000	0.106230
947.000000	0.104904
946.000000	0.103858
945.000000	0.103018
944.000000	0.102397
943.000000	0.102046
942.000000	0.101952
941.000000	0.102053
940.000000	0.102286
939.000000	0.102568
938.000000	0.102800
937.000000	0.102929
936.000000	0.102974
935.000000	0.102935
934.000000	0.102750
933.000000	0.102391
932.000000	0.101929
931.000000	0.101453
930.000000	0.100983
929.000000	0.100515
928.000000	0.100087
927.000000	0.099736
926.000000	0.099432
925.000000	0.099138
924.000000	0.098877
923.000000	0.098684
922.000000	0.098555
921.000000	0.098478
920.000000	0.098492
919.000000	0.098613
918.000000	0.098786
917.000000	0.098948
916.000000	0.099105
915.000000	0.099268
914.000000	0.099384
913.000000	0.099394
912.000000	0.099317
911.000000	0.099201
910.000000	0.099035
909.000000	0.098792
908.000000	0.098500
907.000000	0.098212
906.000000	0.097934
905.000000	0.097665
904.000000	0.097455
903.000000	0.097336
902.000000	0.097244
901.000000	0.097099
900.000000	0.096916
899.000000	0.096766
898.000000	0.096662
897.000000	0.096563
896.000000	0.096447
895.000000	0.096291
894.000000	0.096041
893.000000	0.095676
892.000000	0.095272
891.000000	0.094910
890.000000	0.094576
889.000000	0.094237
888.000000	0.093954
887.000000	0.093805
886.000000	0.093759
885.000000	0.093719
884.000000	0.093653
883.000000	0.093574
882.000000	0.093453
881.000000	0.093287
880.000000	0.093180
879.000000	0.093221
878.000000	0.093329
877.000000	0.093352
876.000000	0.093281
875.000000	0.093225
874.000000	0.093220
873.000000	0.093224
872.000000	0.093241
871.000000	0.093298
870.000000	0.093332
869.000000	0.093260
868.000000	0.093120
867.000000	0.093003
866.000000	0.092893
865.000000	0.092723
864.000000	0.092546
863.000000	0.092454
862.000000	0.092388
861.000000	0.092225
860.000000	0.092006
859.000000	0.091869
858.000000	0.091801
857.000000	0.091679
856.000000	0.091514
855.000000	0.091421
854.000000	0.091400
853.000000	0.091397
852.000000	0.091519
851.000000	0.091936
850.000000	0.092836
849.000000	0.095023
848.000000	0.100293
847.000000	0.110024
846.000000	0.122576
845.000000	0.132639
844.000000	0.134863
843.000000	0.128765
842.000000	0.118865
841.000000	0.110049
840.000000	0.104114
839.000000	0.100374
838.000000	0.097874
837.000000	0.096294
836.000000	0.095478
835.000000	0.095114
834.000000	0.095015
833.000000	0.095234
832.000000	0.095749
831.000000	0.096303
830.000000	0.096646
829.000000	0.096759
828.000000	0.096798
827.000000	0.097045
826.000000	0.097901
825.000000	0.099671
824.000000	0.102170
823.000000	0.104713
822.000000	0.106597
821.000000	0.107502
820.000000	0.107404
819.000000	0.106356
818.000000	0.104517
817.000000	0.102219
816.000000	0.099810
815.000000	0.097493
814.000000	0.095387
813.000000	0.093597
812.000000	0.092115
811.000000	0.090769
810.000000	0.089431
809.000000	0.088185
808.000000	0.087157
807.000000	0.086296
806.000000	0.085530
805.000000	0.084977
804.000000	0.084790
803.000000	0.085084
802.000000	0.086553
801.000000	0.090956
800.000000	0.099908
799.000000	0.112456
798.000000	0.124314
797.000000	0.131176
796.000000	0.133789
795.000000	0.138828
794.000000	0.154390
793.000000	0.184845
792.000000	0.228480
791.000000	0.277852
790.000000	0.322555
789.000000	0.354257
788.000000	0.371078
787.000000	0.377150
786.000000	0.378295
785.000000	0.378769
784.000000	0.380975
783.000000	0.386528
782.000000	0.396814
781.000000	0.412767
780.000000	0.434395
779.000000	0.460143
778.000000	0.486302
777.000000	0.507499
776.000000	0.519100
775.000000	0.520050
774.000000	0.512912
773.000000	0.501108
772.000000	0.486866
771.000000	0.471300
770.000000	0.455091
769.000000	0.438579
768.000000	0.421782
767.000000	0.404780
766.000000	0.387859
765.000000	0.371269
764.000000	0.355148
763.000000	0.339784
762.000000	0.325609
761.000000	0.312767
760.000000	0.300890
759.000000	0.289473
758.000000	0.278391
757.000000	0.267953
756.000000	0.258601
755.000000	0.250683
754.000000	0.244419
753.000000	0.239898
752.000000	0.236990
751.000000	0.235229
750.000000	0.233736
749.000000	0.231383
748.000000	0.227247
747.000000	0.221131
746.000000	0.213669
745.000000	0.205885
744.000000	0.198602
743.000000	0.192168
742.000000	0.186553
741.000000	0.181600
740.000000	0.177194
739.000000	0.173302
738.000000	0.169954
737.000000	0.167234
736.000000	0.165273
735.000000	0.164175
734.000000	0.163911
733.000000	0.164286
732.000000	0.164985
731.000000	0.165637
730.000000	0.165857
729.000000	0.165318
728.000000	0.163872
727.000000	0.161591
726.000000	0.158718
725.000000	0.155567
724.000000	0.152442
723.000000	0.149552
722.000000	0.146963
721.000000	0.144658
720.000000	0.142644
719.000000	0.140936
718.000000	0.139452
717.000000	0.138004
716.000000	0.136428
715.000000	0.134707
714.000000	0.132953
713.000000	0.131329
712.000000	0.129964
711.000000	0.128879
710.000000	0.127947
709.000000	0.126986
708.000000	0.125936
707.000000	0.124917
706.000000	0.124087
705.000000	0.123474
704.000000	0.123006
703.000000	0.122700
702.000000	0.122740
701.000000	0.123268
700.000000	0.124072
699.000000	0.124582
698.000000	0.124299
697.000000	0.123250
696.000000	0.121959
695.000000	0.120928
694.000000	0.120252
693.000000	0.119723
692.000000	0.119178
691.000000	0.118604
690.000000	0.118009
689.000000	0.117370
688.000000	0.116706
687.000000	0.116087
686.000000	0.115539
685.000000	0.115024
684.000000	0.114524
683.000000	0.114082
682.000000	0.113737
681.000000	0.113477
680.000000	0.113241
679.000000	0.112954
678.000000	0.112570
677.000000	0.112126
676.000000	0.111720
675.000000	0.111391
674.000000	0.111070
673.000000	0.110721
672.000000	0.110410
671.000000	0.110203
670.000000	0.110094
669.000000	0.110075
668.000000	0.110036
667.000000	0.109917
666.000000	0.109743
665.000000	0.109472
664.000000	0.109171
663.000000	0.108942
662.000000	0.108742
661.000000	0.108485
660.000000	0.108201
659.000000	0.107980
658.000000	0.107828
657.000000	0.107670
656.000000	0.107434
655.000000	0.107022
654.000000	0.106354
653.000000	0.105543
652.000000	0.104858
651.000000	0.104414
650.000000	0.104073
649.000000	0.103705
648.000000	0.103375
647.000000	0.103136
646.000000	0.102865
645.000000	0.102467
644.000000	0.102037
643.000000	0.101659
642.000000	0.101236
641.000000	0.100674
640.000000	0.100067
639.000000	0.099516
638.000000	0.098967
637.000000	0.098399
636.000000	0.097934
635.000000	0.097609
634.000000	0.097254
633.000000	0.096788
632.000000	0.096348
631.000000	0.095958
630.000000	0.095383
629.000000	0.094509
628.000000	0.093541
627.000000	0.092706
626.000000	0.092122
625.000000	0.091867
624.000000	0.091531
623.000000	0.090172
622.000000	0.088508
621.000000	0.091500
620.000000	0.106475
619.000000	0.135993
618.000000	0.171134
617.000000	0.194031
616.000000	0.193628
615.000000	0.176928
614.000000	0.158019
613.000000	0.143820
612.000000	0.133773
611.000000	0.126118
610.000000	0.120732
609.000000	0.117561
608.000000	0.115566
607.000000	0.113860
606.000000	0.112414
605.000000	0.111308
604.000000	0.110326
603.000000	0.109516
602.000000	0.109181
601.000000	0.109135
600.000000	0.108793
599.000000	0.108071
598.000000	0.107463
597.000000	0.107161
596.000000	0.106835
595.000000	0.106367
594.000000	0.106066
593.000000	0.106038
592.000000	0.105967
591.000000	0.105686
590.000000	0.105431
589.000000	0.105342
588.000000	0.105262
587.000000	0.105153
586.000000	0.105242
585.000000	0.105614
584.000000	0.106087
583.000000	0.106599
582.000000	0.107310
581.000000	0.108224
580.000000	0.109094
579.000000	0.109784
578.000000	0.110336
577.000000	0.110649
576.000000	0.110488
575.000000	0.109901
574.000000	0.109196
573.000000	0.108457
572.000000	0.107513
571.000000	0.106445
570.000000	0.105643
569.000000	0.105240
568.000000	0.104920
567.000000	0.104457
566.000000	0.104056
565.000000	0.103992
564.000000	0.104288
563.000000	0.104828
562.000000	0.105478
561.000000	0.105983
560.000000	0.106069
559.000000	0.105764
558.000000	0.105360
557.000000	0.104973
556.000000	0.104444
555.000000	0.103722
554.000000	0.103011
553.000000	0.102455
552.000000	0.101997
551.000000	0.101638
550.000000	0.101477
549.000000	0.101423
548.000000	0.101189
547.000000	0.100716
546.000000	0.100313
545.000000	0.100254
544.000000	0.100451
543.000000	0.100646
542.000000	0.100679
541.000000	0.100523
540.000000	0.100239
539.000000	0.099943
538.000000	0.099662
537.000000	0.099263
536.000000	0.098728
535.000000	0.098372
534.000000	0.098496
533.000000	0.098892
532.000000	0.099069
531.000000	0.098920
530.000000	0.098820
529.000000	0.099050
528.000000	0.099443
527.000000	0.099680
526.000000	0.099615
525.000000	0.099281
524.000000	0.098817
523.000000	0.098431
522.000000	0.098193
521.000000	0.097865
520.000000	0.097175
519.000000	0.096281
518.000000	0.095666
517.000000	0.095521
516.000000	0.095547
515.000000	0.095416
514.000000	0.095114
513.000000	0.094818
512.000000	0.094720
511.000000	0.094972
510.000000	0.095517
509.000000	0.096007
508.000000	0.096151
507.000000	0.096124
506.000000	0.096331
505.000000	0.096786
504.000000	0.097053
503.000000	0.096743
502.000000	0.095858
501.000000	0.094700
500.000000	0.093681
499.000000	0.093166
498.000000	0.093178
497.000000	0.093294
496.000000	0.093166
495.000000	0.093064
494.000000	0.093540
493.000000	0.094670
492.000000	0.096120
491.000000	0.098013
490.000000	0.101341
489.000000	0.107586
488.000000	0.118637
487.000000	0.136972
486.000000	0.165335
485.000000	0.205642
484.000000	0.257318
483.000000	0.315108
482.000000	0.367968
481.000000	0.402136
480.000000	0.408510
479.000000	0.389139
478.000000	0.355649
477.000000	0.321493
476.000000	0.297568
475.000000	0.293056
474.000000	0.314749
473.000000	0.359610
472.000000	0.404525
471.000000	0.414594
470.000000	0.381022
469.000000	0.328404
468.000000	0.280151
467.000000	0.244552
466.000000	0.220849
465.000000	0.205307
464.000000	0.194003
463.000000	0.184029
462.000000	0.174432
461.000000	0.165975
460.000000	0.159495
459.000000	0.154712
458.000000	0.150666
457.000000	0.146756
456.000000	0.143045
455.000000	0.139830
454.000000	0.137274
453.000000	0.135228
452.000000	0.133205
451.000000	0.130786
450.000000	0.128213
449.000000	0.126282
448.000000	0.125525
447.000000	0.125576
446.000000	0.125467
445.000000	0.124554
444.000000	0.123039
443.000000	0.121727
442.000000	0.121228
441.000000	0.121355
440.000000	0.121417
439.000000	0.121000
438.000000	0.120221
437.000000	0.119278
436.000000	0.118057
435.000000	0.116414
434.000000	0.114619
433.000000	0.113247
432.000000	0.112738
431.000000	0.113101
430.000000	0.113864
429.000000	0.114341
428.000000	0.114133
427.000000	0.113469
426.000000	0.112957
425.000000	0.112831
424.000000	0.112646
423.000000	0.111992
422.000000	0.111224
421.000000	0.111103
420.000000	0.111816
419.000000	0.112400
418.000000	0.111524
417.000000	0.109192
416.000000	0.106540
415.000000	0.104547
414.000000	0.103591
413.000000	0.103444
412.000000	0.103737
411.000000	0.104471
410.000000	0.105812
409.000000	0.107519
408.000000	0.108964
407.000000	0.109727
406.000000	0.109894
405.000000	0.109736
404.000000	0.109526
403.000000	0.109451
402.000000	0.109558
401.000000	0.109066
400.000000	0.107048
