PE IR       SUBTECH     SPECTRUM    ASCII       PEDS        4.00        
   -1
4_8_24 BW ECS Inner 1.ASC
24/04/08
17:57:15.00
24/04/08
17:57:27.00
Yarger Lab
Sample 080 By YargerLab Date Monday, April 08 2024
400.000000
#HDR
-1
-1
#GR
cm-1
A
1.0
0.0
4500.000000
-1.000000
4101
8
0.086105
0.008203
#DATA
4500.000000	0.012606
4499.000000	0.012616
4498.000000	0.012625
4497.000000	0.012645
4496.000000	0.012659
4495.000000	0.012658
4494.000000	0.012649
4493.000000	0.012646
4492.000000	0.012660
4491.000000	0.012682
4490.000000	0.012690
4489.000000	0.012666
4488.000000	0.012615
4487.000000	0.012554
4486.000000	0.012503
4485.000000	0.012474
4484.000000	0.012464
4483.000000	0.012468
4482.000000	0.012487
4481.000000	0.012524
4480.000000	0.012578
4479.000000	0.012638
4478.000000	0.012685
4477.000000	0.012708
4476.000000	0.012707
4475.000000	0.012695
4474.000000	0.012684
4473.000000	0.012684
4472.000000	0.012693
4471.000000	0.012709
4470.000000	0.012726
4469.000000	0.012742
4468.000000	0.012753
4467.000000	0.012755
4466.000000	0.012745
4465.000000	0.012725
4464.000000	0.012700
4463.000000	0.012675
4462.000000	0.012646
4461.000000	0.012609
4460.000000	0.012562
4459.000000	0.012515
4458.000000	0.012487
4457.000000	0.012492
4456.000000	0.012531
4455.000000	0.012588
4454.000000	0.012642
4453.000000	0.012676
4452.000000	0.012687
4451.000000	0.012687
4450.000000	0.012690
4449.000000	0.012707
4448.000000	0.012736
4447.000000	0.012767
4446.000000	0.012788
4445.000000	0.012791
4444.000000	0.012775
4443.000000	0.012742
4442.000000	0.012697
4441.000000	0.012646
4440.000000	0.012603
4439.000000	0.012584
4438.000000	0.012593
4437.000000	0.012626
4436.000000	0.012667
4435.000000	0.012702
4434.000000	0.012725
4433.000000	0.012735
4432.000000	0.012737
4431.000000	0.012731
4430.000000	0.012720
4429.000000	0.012711
4428.000000	0.012713
4427.000000	0.012725
4426.000000	0.012737
4425.000000	0.012734
4424.000000	0.012709
4423.000000	0.012672
4422.000000	0.012645
4421.000000	0.012648
4420.000000	0.012684
4419.000000	0.012741
4418.000000	0.012794
4417.000000	0.012826
4416.000000	0.012833
4415.000000	0.012825
4414.000000	0.012815
4413.000000	0.012810
4412.000000	0.012806
4411.000000	0.012791
4410.000000	0.012754
4409.000000	0.012696
4408.000000	0.012635
4407.000000	0.012592
4406.000000	0.012583
4405.000000	0.012609
4404.000000	0.012658
4403.000000	0.012712
4402.000000	0.012757
4401.000000	0.012784
4400.000000	0.012793
4399.000000	0.012790
4398.000000	0.012787
4397.000000	0.012790
4396.000000	0.012801
4395.000000	0.012818
4394.000000	0.012835
4393.000000	0.012847
4392.000000	0.012849
4391.000000	0.012835
4390.000000	0.012809
4389.000000	0.012779
4388.000000	0.012756
4387.000000	0.012745
4386.000000	0.012745
4385.000000	0.012744
4384.000000	0.012739
4383.000000	0.012734
4382.000000	0.012739
4381.000000	0.012758
4380.000000	0.012785
4379.000000	0.012802
4378.000000	0.012798
4377.000000	0.012776
4376.000000	0.012748
4375.000000	0.012731
4374.000000	0.012731
4373.000000	0.012745
4372.000000	0.012764
4371.000000	0.012779
4370.000000	0.012791
4369.000000	0.012805
4368.000000	0.012824
4367.000000	0.012842
4366.000000	0.012844
4365.000000	0.012824
4364.000000	0.012786
4363.000000	0.012746
4362.000000	0.012726
4361.000000	0.012734
4360.000000	0.012765
4359.000000	0.012804
4358.000000	0.012834
4357.000000	0.012848
4356.000000	0.012848
4355.000000	0.012841
4354.000000	0.012835
4353.000000	0.012831
4352.000000	0.012828
4351.000000	0.012823
4350.000000	0.012817
4349.000000	0.012813
4348.000000	0.012813
4347.000000	0.012813
4346.000000	0.012810
4345.000000	0.012806
4344.000000	0.012807
4343.000000	0.012818
4342.000000	0.012836
4341.000000	0.012855
4340.000000	0.012868
4339.000000	0.012874
4338.000000	0.012874
4337.000000	0.012869
4336.000000	0.012858
4335.000000	0.012839
4334.000000	0.012814
4333.000000	0.012792
4332.000000	0.012784
4331.000000	0.012794
4330.000000	0.012819
4329.000000	0.012851
4328.000000	0.012879
4327.000000	0.012898
4326.000000	0.012909
4325.000000	0.012916
4324.000000	0.012922
4323.000000	0.012923
4322.000000	0.012914
4321.000000	0.012894
4320.000000	0.012867
4319.000000	0.012840
4318.000000	0.012817
4317.000000	0.012797
4316.000000	0.012781
4315.000000	0.012770
4314.000000	0.012769
4313.000000	0.012780
4312.000000	0.012797
4311.000000	0.012810
4310.000000	0.012807
4309.000000	0.012787
4308.000000	0.012753
4307.000000	0.012721
4306.000000	0.012705
4305.000000	0.012715
4304.000000	0.012753
4303.000000	0.012807
4302.000000	0.012858
4301.000000	0.012887
4300.000000	0.012889
4299.000000	0.012870
4298.000000	0.012844
4297.000000	0.012822
4296.000000	0.012803
4295.000000	0.012782
4294.000000	0.012763
4293.000000	0.012754
4292.000000	0.012763
4291.000000	0.012786
4290.000000	0.012806
4289.000000	0.012810
4288.000000	0.012796
4287.000000	0.012777
4286.000000	0.012767
4285.000000	0.012774
4284.000000	0.012794
4283.000000	0.012818
4282.000000	0.012841
4281.000000	0.012859
4280.000000	0.012873
4279.000000	0.012878
4278.000000	0.012870
4277.000000	0.012849
4276.000000	0.012821
4275.000000	0.012797
4274.000000	0.012792
4273.000000	0.012811
4272.000000	0.012851
4271.000000	0.012898
4270.000000	0.012933
4269.000000	0.012940
4268.000000	0.012914
4267.000000	0.012866
4266.000000	0.012817
4265.000000	0.012786
4264.000000	0.012783
4263.000000	0.012805
4262.000000	0.012841
4261.000000	0.012882
4260.000000	0.012920
4259.000000	0.012951
4258.000000	0.012970
4257.000000	0.012970
4256.000000	0.012946
4255.000000	0.012907
4254.000000	0.012872
4253.000000	0.012859
4252.000000	0.012873
4251.000000	0.012899
4250.000000	0.012921
4249.000000	0.012926
4248.000000	0.012920
4247.000000	0.012911
4246.000000	0.012905
4245.000000	0.012902
4244.000000	0.012901
4243.000000	0.012901
4242.000000	0.012901
4241.000000	0.012901
4240.000000	0.012901
4239.000000	0.012905
4238.000000	0.012916
4237.000000	0.012932
4236.000000	0.012945
4235.000000	0.012943
4234.000000	0.012924
4233.000000	0.012895
4232.000000	0.012866
4231.000000	0.012850
4230.000000	0.012849
4229.000000	0.012862
4228.000000	0.012883
4227.000000	0.012905
4226.000000	0.012924
4225.000000	0.012930
4224.000000	0.012919
4223.000000	0.012890
4222.000000	0.012853
4221.000000	0.012819
4220.000000	0.012795
4219.000000	0.012784
4218.000000	0.012784
4217.000000	0.012791
4216.000000	0.012804
4215.000000	0.012819
4214.000000	0.012832
4213.000000	0.012839
4212.000000	0.012836
4211.000000	0.012823
4210.000000	0.012805
4209.000000	0.012795
4208.000000	0.012799
4207.000000	0.012817
4206.000000	0.012838
4205.000000	0.012852
4204.000000	0.012857
4203.000000	0.012857
4202.000000	0.012859
4201.000000	0.012862
4200.000000	0.012861
4199.000000	0.012852
4198.000000	0.012836
4197.000000	0.012818
4196.000000	0.012803
4195.000000	0.012794
4194.000000	0.012796
4193.000000	0.012808
4192.000000	0.012827
4191.000000	0.012848
4190.000000	0.012868
4189.000000	0.012891
4188.000000	0.012921
4187.000000	0.012951
4186.000000	0.012965
4185.000000	0.012953
4184.000000	0.012916
4183.000000	0.012870
4182.000000	0.012838
4181.000000	0.012831
4180.000000	0.012846
4179.000000	0.012873
4178.000000	0.012899
4177.000000	0.012912
4176.000000	0.012909
4175.000000	0.012894
4174.000000	0.012879
4173.000000	0.012874
4172.000000	0.012882
4171.000000	0.012894
4170.000000	0.012900
4169.000000	0.012896
4168.000000	0.012889
4167.000000	0.012890
4166.000000	0.012905
4165.000000	0.012928
4164.000000	0.012944
4163.000000	0.012944
4162.000000	0.012929
4161.000000	0.012911
4160.000000	0.012899
4159.000000	0.012895
4158.000000	0.012895
4157.000000	0.012892
4156.000000	0.012882
4155.000000	0.012870
4154.000000	0.012865
4153.000000	0.012872
4152.000000	0.012892
4151.000000	0.012914
4150.000000	0.012924
4149.000000	0.012919
4148.000000	0.012904
4147.000000	0.012885
4146.000000	0.012867
4145.000000	0.012850
4144.000000	0.012835
4143.000000	0.012826
4142.000000	0.012826
4141.000000	0.012833
4140.000000	0.012842
4139.000000	0.012851
4138.000000	0.012860
4137.000000	0.012871
4136.000000	0.012878
4135.000000	0.012877
4134.000000	0.012866
4133.000000	0.012850
4132.000000	0.012838
4131.000000	0.012838
4130.000000	0.012854
4129.000000	0.012882
4128.000000	0.012916
4127.000000	0.012947
4126.000000	0.012964
4125.000000	0.012964
4124.000000	0.012945
4123.000000	0.012912
4122.000000	0.012874
4121.000000	0.012838
4120.000000	0.012815
4119.000000	0.012809
4118.000000	0.012822
4117.000000	0.012847
4116.000000	0.012873
4115.000000	0.012892
4114.000000	0.012903
4113.000000	0.012910
4112.000000	0.012914
4111.000000	0.012906
4110.000000	0.012882
4109.000000	0.012849
4108.000000	0.012822
4107.000000	0.012814
4106.000000	0.012821
4105.000000	0.012831
4104.000000	0.012831
4103.000000	0.012820
4102.000000	0.012811
4101.000000	0.012813
4100.000000	0.012833
4099.000000	0.012862
4098.000000	0.012891
4097.000000	0.012911
4096.000000	0.012921
4095.000000	0.012924
4094.000000	0.012921
4093.000000	0.012913
4092.000000	0.012901
4091.000000	0.012886
4090.000000	0.012873
4089.000000	0.012864
4088.000000	0.012859
4087.000000	0.012856
4086.000000	0.012856
4085.000000	0.012863
4084.000000	0.012876
4083.000000	0.012892
4082.000000	0.012901
4081.000000	0.012904
4080.000000	0.012908
4079.000000	0.012920
4078.000000	0.012940
4077.000000	0.012958
4076.000000	0.012965
4075.000000	0.012961
4074.000000	0.012951
4073.000000	0.012940
4072.000000	0.012931
4071.000000	0.012921
4070.000000	0.012910
4069.000000	0.012899
4068.000000	0.012892
4067.000000	0.012890
4066.000000	0.012895
4065.000000	0.012905
4064.000000	0.012916
4063.000000	0.012923
4062.000000	0.012922
4061.000000	0.012917
4060.000000	0.012918
4059.000000	0.012932
4058.000000	0.012958
4057.000000	0.012986
4056.000000	0.013000
4055.000000	0.012994
4054.000000	0.012973
4053.000000	0.012947
4052.000000	0.012929
4051.000000	0.012921
4050.000000	0.012922
4049.000000	0.012927
4048.000000	0.012937
4047.000000	0.012954
4046.000000	0.012977
4045.000000	0.012995
4044.000000	0.012997
4043.000000	0.012979
4042.000000	0.012951
4041.000000	0.012931
4040.000000	0.012924
4039.000000	0.012927
4038.000000	0.012928
4037.000000	0.012919
4036.000000	0.012904
4035.000000	0.012888
4034.000000	0.012877
4033.000000	0.012870
4032.000000	0.012864
4031.000000	0.012857
4030.000000	0.012849
4029.000000	0.012843
4028.000000	0.012842
4027.000000	0.012847
4026.000000	0.012855
4025.000000	0.012865
4024.000000	0.012878
4023.000000	0.012898
4022.000000	0.012925
4021.000000	0.012953
4020.000000	0.012973
4019.000000	0.012976
4018.000000	0.012963
4017.000000	0.012944
4016.000000	0.012929
4015.000000	0.012925
4014.000000	0.012935
4013.000000	0.012956
4012.000000	0.012980
4011.000000	0.012998
4010.000000	0.013005
4009.000000	0.013002
4008.000000	0.012998
4007.000000	0.013002
4006.000000	0.013013
4005.000000	0.013026
4004.000000	0.013032
4003.000000	0.013027
4002.000000	0.013010
4001.000000	0.012986
4000.000000	0.012963
3999.000000	0.012948
3998.000000	0.012945
3997.000000	0.012949
3996.000000	0.012952
3995.000000	0.012948
3994.000000	0.012943
3993.000000	0.012948
3992.000000	0.012971
3991.000000	0.013003
3990.000000	0.013028
3989.000000	0.013027
3988.000000	0.012998
3987.000000	0.012952
3986.000000	0.012902
3985.000000	0.012863
3984.000000	0.012840
3983.000000	0.012833
3982.000000	0.012842
3981.000000	0.012866
3980.000000	0.012903
3979.000000	0.012944
3978.000000	0.012978
3977.000000	0.012993
3976.000000	0.012987
3975.000000	0.012974
3974.000000	0.012969
3973.000000	0.012978
3972.000000	0.012988
3971.000000	0.012985
3970.000000	0.012962
3969.000000	0.012927
3968.000000	0.012895
3967.000000	0.012876
3966.000000	0.012873
3965.000000	0.012882
3964.000000	0.012895
3963.000000	0.012904
3962.000000	0.012903
3961.000000	0.012895
3960.000000	0.012888
3959.000000	0.012892
3958.000000	0.012906
3957.000000	0.012925
3956.000000	0.012942
3955.000000	0.012954
3954.000000	0.012960
3953.000000	0.012958
3952.000000	0.012947
3951.000000	0.012931
3950.000000	0.012921
3949.000000	0.012920
3948.000000	0.012928
3947.000000	0.012935
3946.000000	0.012934
3945.000000	0.012928
3944.000000	0.012924
3943.000000	0.012921
3942.000000	0.012910
3941.000000	0.012888
3940.000000	0.012865
3939.000000	0.012857
3938.000000	0.012871
3937.000000	0.012897
3936.000000	0.012920
3935.000000	0.012936
3934.000000	0.012948
3933.000000	0.012957
3932.000000	0.012958
3931.000000	0.012948
3930.000000	0.012933
3929.000000	0.012924
3928.000000	0.012930
3927.000000	0.012950
3926.000000	0.012973
3925.000000	0.012982
3924.000000	0.012963
3923.000000	0.012916
3922.000000	0.012866
3921.000000	0.012839
3920.000000	0.012839
3919.000000	0.012857
3918.000000	0.012878
3917.000000	0.012892
3916.000000	0.012896
3915.000000	0.012890
3914.000000	0.012879
3913.000000	0.012872
3912.000000	0.012871
3911.000000	0.012874
3910.000000	0.012876
3909.000000	0.012874
3908.000000	0.012867
3907.000000	0.012854
3906.000000	0.012841
3905.000000	0.012839
3904.000000	0.012847
3903.000000	0.012850
3902.000000	0.012838
3901.000000	0.012818
3900.000000	0.012808
3899.000000	0.012810
3898.000000	0.012811
3897.000000	0.012801
3896.000000	0.012784
3895.000000	0.012767
3894.000000	0.012754
3893.000000	0.012751
3892.000000	0.012761
3891.000000	0.012780
3890.000000	0.012793
3889.000000	0.012793
3888.000000	0.012789
3887.000000	0.012796
3886.000000	0.012813
3885.000000	0.012824
3884.000000	0.012817
3883.000000	0.012809
3882.000000	0.012816
3881.000000	0.012832
3880.000000	0.012835
3879.000000	0.012812
3878.000000	0.012772
3877.000000	0.012741
3876.000000	0.012735
3875.000000	0.012756
3874.000000	0.012786
3873.000000	0.012803
3872.000000	0.012806
3871.000000	0.012822
3870.000000	0.012864
3869.000000	0.012908
3868.000000	0.012923
3867.000000	0.012918
3866.000000	0.012918
3865.000000	0.012925
3864.000000	0.012913
3863.000000	0.012870
3862.000000	0.012815
3861.000000	0.012776
3860.000000	0.012763
3859.000000	0.012767
3858.000000	0.012766
3857.000000	0.012744
3856.000000	0.012702
3855.000000	0.012665
3854.000000	0.012664
3853.000000	0.012690
3852.000000	0.012700
3851.000000	0.012687
3850.000000	0.012679
3849.000000	0.012684
3848.000000	0.012693
3847.000000	0.012698
3846.000000	0.012698
3845.000000	0.012695
3844.000000	0.012692
3843.000000	0.012697
3842.000000	0.012705
3841.000000	0.012713
3840.000000	0.012716
3839.000000	0.012719
3838.000000	0.012724
3837.000000	0.012730
3836.000000	0.012731
3835.000000	0.012720
3834.000000	0.012701
3833.000000	0.012681
3832.000000	0.012667
3831.000000	0.012659
3830.000000	0.012652
3829.000000	0.012649
3828.000000	0.012654
3827.000000	0.012663
3826.000000	0.012666
3825.000000	0.012651
3824.000000	0.012626
3823.000000	0.012615
3822.000000	0.012634
3821.000000	0.012657
3820.000000	0.012642
3819.000000	0.012578
3818.000000	0.012513
3817.000000	0.012490
3816.000000	0.012507
3815.000000	0.012522
3814.000000	0.012506
3813.000000	0.012481
3812.000000	0.012474
3811.000000	0.012479
3810.000000	0.012477
3809.000000	0.012473
3808.000000	0.012496
3807.000000	0.012563
3806.000000	0.012643
3805.000000	0.012692
3804.000000	0.012698
3803.000000	0.012685
3802.000000	0.012680
3801.000000	0.012679
3800.000000	0.012656
3799.000000	0.012609
3798.000000	0.012566
3797.000000	0.012544
3796.000000	0.012536
3795.000000	0.012525
3794.000000	0.012509
3793.000000	0.012495
3792.000000	0.012484
3791.000000	0.012475
3790.000000	0.012468
3789.000000	0.012473
3788.000000	0.012496
3787.000000	0.012530
3786.000000	0.012560
3785.000000	0.012572
3784.000000	0.012558
3783.000000	0.012523
3782.000000	0.012485
3781.000000	0.012460
3780.000000	0.012448
3779.000000	0.012433
3778.000000	0.012403
3777.000000	0.012366
3776.000000	0.012342
3775.000000	0.012343
3774.000000	0.012359
3773.000000	0.012377
3772.000000	0.012393
3771.000000	0.012414
3770.000000	0.012433
3769.000000	0.012438
3768.000000	0.012426
3767.000000	0.012412
3766.000000	0.012412
3765.000000	0.012418
3764.000000	0.012415
3763.000000	0.012402
3762.000000	0.012395
3761.000000	0.012405
3760.000000	0.012414
3759.000000	0.012401
3758.000000	0.012368
3757.000000	0.012337
3756.000000	0.012321
3755.000000	0.012322
3754.000000	0.012337
3753.000000	0.012353
3752.000000	0.012355
3751.000000	0.012344
3750.000000	0.012345
3749.000000	0.012366
3748.000000	0.012376
3747.000000	0.012351
3746.000000	0.012304
3745.000000	0.012273
3744.000000	0.012266
3743.000000	0.012256
3742.000000	0.012247
3741.000000	0.012271
3740.000000	0.012324
3739.000000	0.012370
3738.000000	0.012386
3737.000000	0.012381
3736.000000	0.012367
3735.000000	0.012339
3734.000000	0.012293
3733.000000	0.012250
3732.000000	0.012236
3731.000000	0.012248
3730.000000	0.012266
3729.000000	0.012281
3728.000000	0.012300
3727.000000	0.012326
3726.000000	0.012354
3725.000000	0.012369
3724.000000	0.012361
3723.000000	0.012321
3722.000000	0.012248
3721.000000	0.012155
3720.000000	0.012078
3719.000000	0.012047
3718.000000	0.012070
3717.000000	0.012126
3716.000000	0.012184
3715.000000	0.012223
3714.000000	0.012245
3713.000000	0.012256
3712.000000	0.012260
3711.000000	0.012254
3710.000000	0.012240
3709.000000	0.012225
3708.000000	0.012218
3707.000000	0.012216
3706.000000	0.012209
3705.000000	0.012187
3704.000000	0.012148
3703.000000	0.012100
3702.000000	0.012056
3701.000000	0.012027
3700.000000	0.012018
3699.000000	0.012028
3698.000000	0.012053
3697.000000	0.012085
3696.000000	0.012107
3695.000000	0.012113
3694.000000	0.012107
3693.000000	0.012095
3692.000000	0.012077
3691.000000	0.012054
3690.000000	0.012035
3689.000000	0.012026
3688.000000	0.012017
3687.000000	0.011993
3686.000000	0.011958
3685.000000	0.011934
3684.000000	0.011933
3683.000000	0.011955
3682.000000	0.011990
3681.000000	0.012031
3680.000000	0.012070
3679.000000	0.012095
3678.000000	0.012109
3677.000000	0.012127
3676.000000	0.012161
3675.000000	0.012184
3674.000000	0.012167
3673.000000	0.012131
3672.000000	0.012116
3671.000000	0.012128
3670.000000	0.012136
3669.000000	0.012116
3668.000000	0.012081
3667.000000	0.012068
3666.000000	0.012090
3665.000000	0.012126
3664.000000	0.012149
3663.000000	0.012148
3662.000000	0.012130
3661.000000	0.012112
3660.000000	0.012106
3659.000000	0.012116
3658.000000	0.012148
3657.000000	0.012199
3656.000000	0.012254
3655.000000	0.012294
3654.000000	0.012313
3653.000000	0.012326
3652.000000	0.012347
3651.000000	0.012372
3650.000000	0.012383
3649.000000	0.012364
3648.000000	0.012322
3647.000000	0.012282
3646.000000	0.012263
3645.000000	0.012271
3644.000000	0.012301
3643.000000	0.012340
3642.000000	0.012367
3641.000000	0.012370
3640.000000	0.012361
3639.000000	0.012366
3638.000000	0.012395
3637.000000	0.012437
3636.000000	0.012468
3635.000000	0.012485
3634.000000	0.012494
3633.000000	0.012497
3632.000000	0.012494
3631.000000	0.012499
3630.000000	0.012530
3629.000000	0.012582
3628.000000	0.012620
3627.000000	0.012625
3626.000000	0.012625
3625.000000	0.012643
3624.000000	0.012672
3623.000000	0.012691
3622.000000	0.012694
3621.000000	0.012694
3620.000000	0.012705
3619.000000	0.012727
3618.000000	0.012752
3617.000000	0.012775
3616.000000	0.012802
3615.000000	0.012837
3614.000000	0.012881
3613.000000	0.012925
3612.000000	0.012963
3611.000000	0.012994
3610.000000	0.013026
3609.000000	0.013058
3608.000000	0.013076
3607.000000	0.013071
3606.000000	0.013059
3605.000000	0.013063
3604.000000	0.013092
3603.000000	0.013136
3602.000000	0.013179
3601.000000	0.013218
3600.000000	0.013260
3599.000000	0.013312
3598.000000	0.013367
3597.000000	0.013416
3596.000000	0.013449
3595.000000	0.013465
3594.000000	0.013469
3593.000000	0.013472
3592.000000	0.013483
3591.000000	0.013508
3590.000000	0.013546
3589.000000	0.013586
3588.000000	0.013622
3587.000000	0.013655
3586.000000	0.013691
3585.000000	0.013733
3584.000000	0.013776
3583.000000	0.013808
3582.000000	0.013824
3581.000000	0.013830
3580.000000	0.013835
3579.000000	0.013839
3578.000000	0.013841
3577.000000	0.013848
3576.000000	0.013868
3575.000000	0.013907
3574.000000	0.013963
3573.000000	0.014023
3572.000000	0.014078
3571.000000	0.014126
3570.000000	0.014175
3569.000000	0.014230
3568.000000	0.014287
3567.000000	0.014333
3566.000000	0.014359
3565.000000	0.014370
3564.000000	0.014379
3563.000000	0.014395
3562.000000	0.014416
3561.000000	0.014438
3560.000000	0.014458
3559.000000	0.014482
3558.000000	0.014520
3557.000000	0.014574
3556.000000	0.014634
3555.000000	0.014679
3554.000000	0.014698
3553.000000	0.014699
3552.000000	0.014702
3551.000000	0.014726
3550.000000	0.014776
3549.000000	0.014844
3548.000000	0.014915
3547.000000	0.014972
3546.000000	0.015011
3545.000000	0.015032
3544.000000	0.015043
3543.000000	0.015056
3542.000000	0.015085
3541.000000	0.015137
3540.000000	0.015203
3539.000000	0.015260
3538.000000	0.015295
3537.000000	0.015309
3536.000000	0.015320
3535.000000	0.015345
3534.000000	0.015389
3533.000000	0.015452
3532.000000	0.015523
3531.000000	0.015588
3530.000000	0.015632
3529.000000	0.015652
3528.000000	0.015656
3527.000000	0.015661
3526.000000	0.015679
3525.000000	0.015710
3524.000000	0.015753
3523.000000	0.015808
3522.000000	0.015878
3521.000000	0.015961
3520.000000	0.016039
3519.000000	0.016096
3518.000000	0.016133
3517.000000	0.016167
3516.000000	0.016215
3515.000000	0.016276
3514.000000	0.016336
3513.000000	0.016381
3512.000000	0.016405
3511.000000	0.016418
3510.000000	0.016433
3509.000000	0.016458
3508.000000	0.016496
3507.000000	0.016542
3506.000000	0.016591
3505.000000	0.016637
3504.000000	0.016677
3503.000000	0.016713
3502.000000	0.016750
3501.000000	0.016794
3500.000000	0.016850
3499.000000	0.016916
3498.000000	0.016986
3497.000000	0.017052
3496.000000	0.017107
3495.000000	0.017151
3494.000000	0.017195
3493.000000	0.017246
3492.000000	0.017302
3491.000000	0.017355
3490.000000	0.017398
3489.000000	0.017432
3488.000000	0.017465
3487.000000	0.017505
3486.000000	0.017552
3485.000000	0.017603
3484.000000	0.017655
3483.000000	0.017714
3482.000000	0.017783
3481.000000	0.017860
3480.000000	0.017938
3479.000000	0.018008
3478.000000	0.018069
3477.000000	0.018123
3476.000000	0.018176
3475.000000	0.018236
3474.000000	0.018304
3473.000000	0.018371
3472.000000	0.018426
3471.000000	0.018465
3470.000000	0.018497
3469.000000	0.018536
3468.000000	0.018588
3467.000000	0.018652
3466.000000	0.018719
3465.000000	0.018784
3464.000000	0.018839
3463.000000	0.018878
3462.000000	0.018899
3461.000000	0.018907
3460.000000	0.018918
3459.000000	0.018947
3458.000000	0.019002
3457.000000	0.019076
3456.000000	0.019156
3455.000000	0.019231
3454.000000	0.019293
3453.000000	0.019339
3452.000000	0.019374
3451.000000	0.019406
3450.000000	0.019444
3449.000000	0.019489
3448.000000	0.019533
3447.000000	0.019572
3446.000000	0.019617
3445.000000	0.019681
3444.000000	0.019759
3443.000000	0.019836
3442.000000	0.019901
3441.000000	0.019960
3440.000000	0.020020
3439.000000	0.020079
3438.000000	0.020127
3437.000000	0.020157
3436.000000	0.020171
3435.000000	0.020184
3434.000000	0.020215
3433.000000	0.020281
3432.000000	0.020380
3431.000000	0.020490
3430.000000	0.020582
3429.000000	0.020647
3428.000000	0.020693
3427.000000	0.020735
3426.000000	0.020779
3425.000000	0.020827
3424.000000	0.020884
3423.000000	0.020954
3422.000000	0.021035
3421.000000	0.021110
3420.000000	0.021165
3419.000000	0.021199
3418.000000	0.021229
3417.000000	0.021275
3416.000000	0.021342
3415.000000	0.021421
3414.000000	0.021492
3413.000000	0.021540
3412.000000	0.021572
3411.000000	0.021608
3410.000000	0.021664
3409.000000	0.021739
3408.000000	0.021817
3407.000000	0.021882
3406.000000	0.021936
3405.000000	0.021988
3404.000000	0.022047
3403.000000	0.022113
3402.000000	0.022178
3401.000000	0.022238
3400.000000	0.022293
3399.000000	0.022349
3398.000000	0.022408
3397.000000	0.022470
3396.000000	0.022536
3395.000000	0.022602
3394.000000	0.022660
3393.000000	0.022706
3392.000000	0.022743
3391.000000	0.022786
3390.000000	0.022853
3389.000000	0.022943
3388.000000	0.023042
3387.000000	0.023130
3386.000000	0.023199
3385.000000	0.023251
3384.000000	0.023292
3383.000000	0.023335
3382.000000	0.023388
3381.000000	0.023449
3380.000000	0.023511
3379.000000	0.023570
3378.000000	0.023634
3377.000000	0.023714
3376.000000	0.023812
3375.000000	0.023919
3374.000000	0.024021
3373.000000	0.024108
3372.000000	0.024177
3371.000000	0.024234
3370.000000	0.024290
3369.000000	0.024355
3368.000000	0.024434
3367.000000	0.024531
3366.000000	0.024649
3365.000000	0.024781
3364.000000	0.024909
3363.000000	0.025018
3362.000000	0.025112
3361.000000	0.025207
3360.000000	0.025319
3359.000000	0.025446
3358.000000	0.025579
3357.000000	0.025709
3356.000000	0.025832
3355.000000	0.025948
3354.000000	0.026059
3353.000000	0.026165
3352.000000	0.026266
3351.000000	0.026371
3350.000000	0.026493
3349.000000	0.026641
3348.000000	0.026807
3347.000000	0.026966
3346.000000	0.027102
3345.000000	0.027223
3344.000000	0.027346
3343.000000	0.027479
3342.000000	0.027618
3341.000000	0.027755
3340.000000	0.027892
3339.000000	0.028037
3338.000000	0.028188
3337.000000	0.028336
3336.000000	0.028484
3335.000000	0.028645
3334.000000	0.028831
3333.000000	0.029038
3332.000000	0.029251
3331.000000	0.029454
3330.000000	0.029640
3329.000000	0.029807
3328.000000	0.029961
3327.000000	0.030118
3326.000000	0.030294
3325.000000	0.030492
3324.000000	0.030703
3323.000000	0.030916
3322.000000	0.031128
3321.000000	0.031341
3320.000000	0.031553
3319.000000	0.031765
3318.000000	0.031980
3317.000000	0.032200
3316.000000	0.032422
3315.000000	0.032639
3314.000000	0.032846
3313.000000	0.033046
3312.000000	0.033245
3311.000000	0.033447
3310.000000	0.033648
3309.000000	0.033845
3308.000000	0.034045
3307.000000	0.034266
3306.000000	0.034532
3305.000000	0.034846
3304.000000	0.035189
3303.000000	0.035523
3302.000000	0.035824
3301.000000	0.036084
3300.000000	0.036314
3299.000000	0.036523
3298.000000	0.036723
3297.000000	0.036925
3296.000000	0.037134
3295.000000	0.037351
3294.000000	0.037574
3293.000000	0.037812
3292.000000	0.038067
3291.000000	0.038333
3290.000000	0.038591
3289.000000	0.038831
3288.000000	0.039061
3287.000000	0.039293
3286.000000	0.039524
3285.000000	0.039735
3284.000000	0.039909
3283.000000	0.040051
3282.000000	0.040177
3281.000000	0.040303
3280.000000	0.040432
3279.000000	0.040550
3278.000000	0.040640
3277.000000	0.040693
3276.000000	0.040719
3275.000000	0.040739
3274.000000	0.040760
3273.000000	0.040773
3272.000000	0.040770
3271.000000	0.040753
3270.000000	0.040728
3269.000000	0.040691
3268.000000	0.040630
3267.000000	0.040544
3266.000000	0.040443
3265.000000	0.040330
3264.000000	0.040203
3263.000000	0.040063
3262.000000	0.039925
3261.000000	0.039802
3260.000000	0.039688
3259.000000	0.039560
3258.000000	0.039401
3257.000000	0.039216
3256.000000	0.039028
3255.000000	0.038852
3254.000000	0.038687
3253.000000	0.038515
3252.000000	0.038323
3251.000000	0.038116
3250.000000	0.037914
3249.000000	0.037731
3248.000000	0.037564
3247.000000	0.037398
3246.000000	0.037225
3245.000000	0.037041
3244.000000	0.036852
3243.000000	0.036665
3242.000000	0.036487
3241.000000	0.036317
3240.000000	0.036152
3239.000000	0.035985
3238.000000	0.035811
3237.000000	0.035629
3236.000000	0.035446
3235.000000	0.035270
3234.000000	0.035114
3233.000000	0.034981
3232.000000	0.034863
3231.000000	0.034748
3230.000000	0.034632
3229.000000	0.034521
3228.000000	0.034419
3227.000000	0.034318
3226.000000	0.034207
3225.000000	0.034080
3224.000000	0.033944
3223.000000	0.033812
3222.000000	0.033687
3221.000000	0.033562
3220.000000	0.033428
3219.000000	0.033291
3218.000000	0.033164
3217.000000	0.033059
3216.000000	0.032977
3215.000000	0.032914
3214.000000	0.032860
3213.000000	0.032797
3212.000000	0.032708
3211.000000	0.032592
3210.000000	0.032471
3209.000000	0.032366
3208.000000	0.032281
3207.000000	0.032201
3206.000000	0.032110
3205.000000	0.032002
3204.000000	0.031883
3203.000000	0.031761
3202.000000	0.031646
3201.000000	0.031537
3200.000000	0.031429
3199.000000	0.031321
3198.000000	0.031215
3197.000000	0.031117
3196.000000	0.031028
3195.000000	0.030947
3194.000000	0.030871
3193.000000	0.030793
3192.000000	0.030703
3191.000000	0.030605
3190.000000	0.030509
3189.000000	0.030419
3188.000000	0.030329
3187.000000	0.030237
3186.000000	0.030145
3185.000000	0.030058
3184.000000	0.029965
3183.000000	0.029855
3182.000000	0.029725
3181.000000	0.029588
3180.000000	0.029458
3179.000000	0.029344
3178.000000	0.029244
3177.000000	0.029149
3176.000000	0.029048
3175.000000	0.028937
3174.000000	0.028823
3173.000000	0.028717
3172.000000	0.028612
3171.000000	0.028494
3170.000000	0.028360
3169.000000	0.028227
3168.000000	0.028106
3167.000000	0.027995
3166.000000	0.027881
3165.000000	0.027760
3164.000000	0.027641
3163.000000	0.027538
3162.000000	0.027455
3161.000000	0.027386
3160.000000	0.027318
3159.000000	0.027243
3158.000000	0.027158
3157.000000	0.027062
3156.000000	0.026953
3155.000000	0.026830
3154.000000	0.026704
3153.000000	0.026586
3152.000000	0.026483
3151.000000	0.026394
3150.000000	0.026317
3149.000000	0.026252
3148.000000	0.026199
3147.000000	0.026149
3146.000000	0.026086
3145.000000	0.026004
3144.000000	0.025903
3143.000000	0.025796
3142.000000	0.025695
3141.000000	0.025606
3140.000000	0.025527
3139.000000	0.025450
3138.000000	0.025374
3137.000000	0.025305
3136.000000	0.025253
3135.000000	0.025215
3134.000000	0.025181
3133.000000	0.025139
3132.000000	0.025089
3131.000000	0.025040
3130.000000	0.024993
3129.000000	0.024934
3128.000000	0.024849
3127.000000	0.024740
3126.000000	0.024637
3125.000000	0.024570
3124.000000	0.024544
3123.000000	0.024534
3122.000000	0.024510
3121.000000	0.024461
3120.000000	0.024401
3119.000000	0.024351
3118.000000	0.024324
3117.000000	0.024321
3116.000000	0.024330
3115.000000	0.024340
3114.000000	0.024342
3113.000000	0.024335
3112.000000	0.024322
3111.000000	0.024312
3110.000000	0.024310
3109.000000	0.024316
3108.000000	0.024327
3107.000000	0.024337
3106.000000	0.024342
3105.000000	0.024340
3104.000000	0.024327
3103.000000	0.024308
3102.000000	0.024298
3101.000000	0.024312
3100.000000	0.024349
3099.000000	0.024394
3098.000000	0.024431
3097.000000	0.024452
3096.000000	0.024457
3095.000000	0.024447
3094.000000	0.024425
3093.000000	0.024402
3092.000000	0.024391
3091.000000	0.024405
3090.000000	0.024446
3089.000000	0.024506
3088.000000	0.024566
3087.000000	0.024609
3086.000000	0.024632
3085.000000	0.024645
3084.000000	0.024653
3083.000000	0.024658
3082.000000	0.024662
3081.000000	0.024672
3080.000000	0.024698
3079.000000	0.024742
3078.000000	0.024794
3077.000000	0.024842
3076.000000	0.024883
3075.000000	0.024917
3074.000000	0.024945
3073.000000	0.024964
3072.000000	0.024967
3071.000000	0.024954
3070.000000	0.024928
3069.000000	0.024903
3068.000000	0.024889
3067.000000	0.024896
3066.000000	0.024924
3065.000000	0.024963
3064.000000	0.024993
3063.000000	0.024993
3062.000000	0.024953
3061.000000	0.024881
3060.000000	0.024798
3059.000000	0.024730
3058.000000	0.024692
3057.000000	0.024683
3056.000000	0.024678
3055.000000	0.024649
3054.000000	0.024582
3053.000000	0.024490
3052.000000	0.024403
3051.000000	0.024348
3050.000000	0.024328
3049.000000	0.024317
3048.000000	0.024282
3047.000000	0.024202
3046.000000	0.024083
3045.000000	0.023953
3044.000000	0.023844
3043.000000	0.023772
3042.000000	0.023735
3041.000000	0.023721
3040.000000	0.023710
3039.000000	0.023683
3038.000000	0.023631
3037.000000	0.023561
3036.000000	0.023489
3035.000000	0.023428
3034.000000	0.023376
3033.000000	0.023328
3032.000000	0.023287
3031.000000	0.023263
3030.000000	0.023253
3029.000000	0.023235
3028.000000	0.023182
3027.000000	0.023091
3026.000000	0.022988
3025.000000	0.022906
3024.000000	0.022852
3023.000000	0.022811
3022.000000	0.022761
3021.000000	0.022690
3020.000000	0.022603
3019.000000	0.022509
3018.000000	0.022419
3017.000000	0.022341
3016.000000	0.022280
3015.000000	0.022230
3014.000000	0.022186
3013.000000	0.022149
3012.000000	0.022129
3011.000000	0.022129
3010.000000	0.022141
3009.000000	0.022144
3008.000000	0.022129
3007.000000	0.022098
3006.000000	0.022062
3005.000000	0.022029
3004.000000	0.022006
3003.000000	0.021998
3002.000000	0.022003
3001.000000	0.022012
3000.000000	0.022011
2999.000000	0.021998
2998.000000	0.021990
2997.000000	0.022004
2996.000000	0.022048
2995.000000	0.022112
2994.000000	0.022183
2993.000000	0.022251
2992.000000	0.022313
2991.000000	0.022368
2990.000000	0.022425
2989.000000	0.022493
2988.000000	0.022578
2987.000000	0.022675
2986.000000	0.022776
2985.000000	0.022871
2984.000000	0.022962
2983.000000	0.023055
2982.000000	0.023156
2981.000000	0.023266
2980.000000	0.023382
2979.000000	0.023501
2978.000000	0.023623
2977.000000	0.023748
2976.000000	0.023869
2975.000000	0.023979
2974.000000	0.024079
2973.000000	0.024175
2972.000000	0.024272
2971.000000	0.024371
2970.000000	0.024465
2969.000000	0.024549
2968.000000	0.024620
2967.000000	0.024680
2966.000000	0.024731
2965.000000	0.024775
2964.000000	0.024815
2963.000000	0.024857
2962.000000	0.024906
2961.000000	0.024959
2960.000000	0.025001
2959.000000	0.025016
2958.000000	0.025007
2957.000000	0.024982
2956.000000	0.024943
2955.000000	0.024887
2954.000000	0.024816
2953.000000	0.024751
2952.000000	0.024707
2951.000000	0.024681
2950.000000	0.024655
2949.000000	0.024617
2948.000000	0.024578
2947.000000	0.024561
2946.000000	0.024586
2945.000000	0.024657
2944.000000	0.024766
2943.000000	0.024896
2942.000000	0.025030
2941.000000	0.025165
2940.000000	0.025307
2939.000000	0.025465
2938.000000	0.025644
2937.000000	0.025831
2936.000000	0.026002
2935.000000	0.026144
2934.000000	0.026258
2933.000000	0.026356
2932.000000	0.026438
2931.000000	0.026494
2930.000000	0.026522
2929.000000	0.026536
2928.000000	0.026555
2927.000000	0.026580
2926.000000	0.026589
2925.000000	0.026553
2924.000000	0.026456
2923.000000	0.026301
2922.000000	0.026102
2921.000000	0.025874
2920.000000	0.025626
2919.000000	0.025361
2918.000000	0.025082
2917.000000	0.024808
2916.000000	0.024570
2915.000000	0.024397
2914.000000	0.024292
2913.000000	0.024232
2912.000000	0.024187
2911.000000	0.024141
2910.000000	0.024089
2909.000000	0.024035
2908.000000	0.023979
2907.000000	0.023921
2906.000000	0.023855
2905.000000	0.023776
2904.000000	0.023685
2903.000000	0.023591
2902.000000	0.023510
2901.000000	0.023453
2900.000000	0.023417
2899.000000	0.023386
2898.000000	0.023345
2897.000000	0.023289
2896.000000	0.023227
2895.000000	0.023170
2894.000000	0.023125
2893.000000	0.023094
2892.000000	0.023077
2891.000000	0.023075
2890.000000	0.023083
2889.000000	0.023096
2888.000000	0.023114
2887.000000	0.023139
2886.000000	0.023173
2885.000000	0.023209
2884.000000	0.023239
2883.000000	0.023267
2882.000000	0.023304
2881.000000	0.023360
2880.000000	0.023430
2879.000000	0.023500
2878.000000	0.023556
2877.000000	0.023593
2876.000000	0.023606
2875.000000	0.023598
2874.000000	0.023579
2873.000000	0.023561
2872.000000	0.023547
2871.000000	0.023530
2870.000000	0.023497
2869.000000	0.023439
2868.000000	0.023351
2867.000000	0.023242
2866.000000	0.023129
2865.000000	0.023034
2864.000000	0.022963
2863.000000	0.022908
2862.000000	0.022861
2861.000000	0.022827
2860.000000	0.022818
2859.000000	0.022839
2858.000000	0.022875
2857.000000	0.022906
2856.000000	0.022910
2855.000000	0.022875
2854.000000	0.022791
2853.000000	0.022656
2852.000000	0.022470
2851.000000	0.022249
2850.000000	0.022019
2849.000000	0.021814
2848.000000	0.021662
2847.000000	0.021574
2846.000000	0.021539
2845.000000	0.021535
2844.000000	0.021531
2843.000000	0.021504
2842.000000	0.021447
2841.000000	0.021370
2840.000000	0.021292
2839.000000	0.021222
2838.000000	0.021157
2837.000000	0.021099
2836.000000	0.021051
2835.000000	0.021020
2834.000000	0.021000
2833.000000	0.020986
2832.000000	0.020973
2831.000000	0.020960
2830.000000	0.020941
2829.000000	0.020916
2828.000000	0.020891
2827.000000	0.020870
2826.000000	0.020850
2825.000000	0.020823
2824.000000	0.020792
2823.000000	0.020764
2822.000000	0.020740
2821.000000	0.020712
2820.000000	0.020676
2819.000000	0.020637
2818.000000	0.020605
2817.000000	0.020583
2816.000000	0.020566
2815.000000	0.020552
2814.000000	0.020537
2813.000000	0.020518
2812.000000	0.020496
2811.000000	0.020475
2810.000000	0.020460
2809.000000	0.020440
2808.000000	0.020404
2807.000000	0.020354
2806.000000	0.020311
2805.000000	0.020294
2804.000000	0.020297
2803.000000	0.020299
2802.000000	0.020278
2801.000000	0.020233
2800.000000	0.020177
2799.000000	0.020131
2798.000000	0.020104
2797.000000	0.020095
2796.000000	0.020095
2795.000000	0.020095
2794.000000	0.020093
2793.000000	0.020088
2792.000000	0.020079
2791.000000	0.020062
2790.000000	0.020035
2789.000000	0.020001
2788.000000	0.019970
2787.000000	0.019952
2786.000000	0.019948
2785.000000	0.019945
2784.000000	0.019933
2783.000000	0.019908
2782.000000	0.019878
2781.000000	0.019850
2780.000000	0.019826
2779.000000	0.019810
2778.000000	0.019807
2777.000000	0.019813
2776.000000	0.019817
2775.000000	0.019809
2774.000000	0.019787
2773.000000	0.019753
2772.000000	0.019709
2771.000000	0.019662
2770.000000	0.019627
2769.000000	0.019615
2768.000000	0.019621
2767.000000	0.019625
2766.000000	0.019612
2765.000000	0.019584
2764.000000	0.019558
2763.000000	0.019546
2762.000000	0.019542
2761.000000	0.019536
2760.000000	0.019518
2759.000000	0.019490
2758.000000	0.019457
2757.000000	0.019421
2756.000000	0.019389
2755.000000	0.019366
2754.000000	0.019354
2753.000000	0.019347
2752.000000	0.019334
2751.000000	0.019314
2750.000000	0.019293
2749.000000	0.019274
2748.000000	0.019258
2747.000000	0.019242
2746.000000	0.019224
2745.000000	0.019206
2744.000000	0.019195
2743.000000	0.019192
2742.000000	0.019196
2741.000000	0.019191
2740.000000	0.019167
2739.000000	0.019127
2738.000000	0.019089
2737.000000	0.019068
2736.000000	0.019059
2735.000000	0.019050
2734.000000	0.019038
2733.000000	0.019024
2732.000000	0.019009
2731.000000	0.018986
2730.000000	0.018958
2729.000000	0.018930
2728.000000	0.018911
2727.000000	0.018900
2726.000000	0.018893
2725.000000	0.018884
2724.000000	0.018872
2723.000000	0.018854
2722.000000	0.018831
2721.000000	0.018804
2720.000000	0.018784
2719.000000	0.018777
2718.000000	0.018784
2717.000000	0.018793
2716.000000	0.018792
2715.000000	0.018772
2714.000000	0.018737
2713.000000	0.018699
2712.000000	0.018671
2711.000000	0.018656
2710.000000	0.018644
2709.000000	0.018623
2708.000000	0.018587
2707.000000	0.018542
2706.000000	0.018501
2705.000000	0.018475
2704.000000	0.018467
2703.000000	0.018475
2702.000000	0.018493
2701.000000	0.018509
2700.000000	0.018505
2699.000000	0.018477
2698.000000	0.018439
2697.000000	0.018411
2696.000000	0.018401
2695.000000	0.018400
2694.000000	0.018399
2693.000000	0.018389
2692.000000	0.018371
2691.000000	0.018345
2690.000000	0.018317
2689.000000	0.018291
2688.000000	0.018269
2687.000000	0.018252
2686.000000	0.018237
2685.000000	0.018222
2684.000000	0.018200
2683.000000	0.018177
2682.000000	0.018163
2681.000000	0.018169
2680.000000	0.018191
2679.000000	0.018214
2678.000000	0.018223
2677.000000	0.018215
2676.000000	0.018193
2675.000000	0.018163
2674.000000	0.018137
2673.000000	0.018119
2672.000000	0.018109
2671.000000	0.018100
2670.000000	0.018090
2669.000000	0.018082
2668.000000	0.018078
2667.000000	0.018072
2666.000000	0.018059
2665.000000	0.018043
2664.000000	0.018038
2663.000000	0.018052
2662.000000	0.018078
2661.000000	0.018098
2660.000000	0.018099
2659.000000	0.018083
2658.000000	0.018064
2657.000000	0.018048
2656.000000	0.018028
2655.000000	0.017995
2654.000000	0.017952
2653.000000	0.017912
2652.000000	0.017893
2651.000000	0.017896
2650.000000	0.017909
2649.000000	0.017909
2648.000000	0.017884
2647.000000	0.017844
2646.000000	0.017809
2645.000000	0.017795
2644.000000	0.017794
2643.000000	0.017791
2642.000000	0.017776
2641.000000	0.017761
2640.000000	0.017754
2639.000000	0.017757
2638.000000	0.017760
2637.000000	0.017760
2636.000000	0.017759
2635.000000	0.017758
2634.000000	0.017752
2633.000000	0.017735
2632.000000	0.017712
2631.000000	0.017692
2630.000000	0.017682
2629.000000	0.017680
2628.000000	0.017671
2627.000000	0.017648
2626.000000	0.017612
2625.000000	0.017573
2624.000000	0.017548
2623.000000	0.017541
2622.000000	0.017549
2621.000000	0.017561
2620.000000	0.017572
2619.000000	0.017584
2618.000000	0.017599
2617.000000	0.017612
2616.000000	0.017618
2615.000000	0.017618
2614.000000	0.017615
2613.000000	0.017601
2612.000000	0.017569
2611.000000	0.017524
2610.000000	0.017485
2609.000000	0.017463
2608.000000	0.017452
2607.000000	0.017440
2606.000000	0.017419
2605.000000	0.017391
2604.000000	0.017363
2603.000000	0.017344
2602.000000	0.017338
2601.000000	0.017346
2600.000000	0.017362
2599.000000	0.017375
2598.000000	0.017377
2597.000000	0.017359
2596.000000	0.017322
2595.000000	0.017279
2594.000000	0.017247
2593.000000	0.017235
2592.000000	0.017237
2591.000000	0.017244
2590.000000	0.017245
2589.000000	0.017236
2588.000000	0.017222
2587.000000	0.017213
2586.000000	0.017222
2585.000000	0.017239
2584.000000	0.017244
2583.000000	0.017223
2582.000000	0.017186
2581.000000	0.017149
2580.000000	0.017121
2579.000000	0.017102
2578.000000	0.017093
2577.000000	0.017097
2576.000000	0.017112
2575.000000	0.017134
2574.000000	0.017148
2573.000000	0.017141
2572.000000	0.017104
2571.000000	0.017046
2570.000000	0.016992
2569.000000	0.016964
2568.000000	0.016967
2567.000000	0.016991
2566.000000	0.017022
2565.000000	0.017044
2564.000000	0.017050
2563.000000	0.017042
2562.000000	0.017030
2561.000000	0.017016
2560.000000	0.016991
2559.000000	0.016946
2558.000000	0.016890
2557.000000	0.016842
2556.000000	0.016819
2555.000000	0.016830
2554.000000	0.016871
2553.000000	0.016921
2552.000000	0.016949
2551.000000	0.016935
2550.000000	0.016890
2549.000000	0.016843
2548.000000	0.016815
2547.000000	0.016806
2546.000000	0.016810
2545.000000	0.016816
2544.000000	0.016817
2543.000000	0.016811
2542.000000	0.016799
2541.000000	0.016785
2540.000000	0.016770
2539.000000	0.016758
2538.000000	0.016756
2537.000000	0.016765
2536.000000	0.016767
2535.000000	0.016735
2534.000000	0.016662
2533.000000	0.016573
2532.000000	0.016509
2531.000000	0.016499
2530.000000	0.016539
2529.000000	0.016600
2528.000000	0.016651
2527.000000	0.016676
2526.000000	0.016675
2525.000000	0.016653
2524.000000	0.016616
2523.000000	0.016577
2522.000000	0.016561
2521.000000	0.016581
2520.000000	0.016627
2519.000000	0.016668
2518.000000	0.016683
2517.000000	0.016677
2516.000000	0.016673
2515.000000	0.016688
2514.000000	0.016708
2513.000000	0.016703
2512.000000	0.016657
2511.000000	0.016592
2510.000000	0.016543
2509.000000	0.016529
2508.000000	0.016537
2507.000000	0.016556
2506.000000	0.016580
2505.000000	0.016606
2504.000000	0.016618
2503.000000	0.016605
2502.000000	0.016575
2501.000000	0.016536
2500.000000	0.016487
2499.000000	0.016426
2498.000000	0.016367
2497.000000	0.016331
2496.000000	0.016327
2495.000000	0.016342
2494.000000	0.016365
2493.000000	0.016393
2492.000000	0.016423
2491.000000	0.016446
2490.000000	0.016458
2489.000000	0.016457
2488.000000	0.016449
2487.000000	0.016447
2486.000000	0.016457
2485.000000	0.016480
2484.000000	0.016498
2483.000000	0.016493
2482.000000	0.016459
2481.000000	0.016399
2480.000000	0.016326
2479.000000	0.016264
2478.000000	0.016242
2477.000000	0.016271
2476.000000	0.016328
2475.000000	0.016371
2474.000000	0.016377
2473.000000	0.016354
2472.000000	0.016334
2471.000000	0.016339
2470.000000	0.016376
2469.000000	0.016431
2468.000000	0.016481
2467.000000	0.016508
2466.000000	0.016501
2465.000000	0.016462
2464.000000	0.016401
2463.000000	0.016337
2462.000000	0.016287
2461.000000	0.016264
2460.000000	0.016258
2459.000000	0.016251
2458.000000	0.016225
2457.000000	0.016183
2456.000000	0.016145
2455.000000	0.016130
2454.000000	0.016140
2453.000000	0.016159
2452.000000	0.016165
2451.000000	0.016151
2450.000000	0.016125
2449.000000	0.016093
2448.000000	0.016057
2447.000000	0.016023
2446.000000	0.016006
2445.000000	0.016015
2444.000000	0.016043
2443.000000	0.016077
2442.000000	0.016110
2441.000000	0.016142
2440.000000	0.016172
2439.000000	0.016184
2438.000000	0.016163
2437.000000	0.016106
2436.000000	0.016038
2435.000000	0.015993
2434.000000	0.015986
2433.000000	0.016002
2432.000000	0.016017
2431.000000	0.016022
2430.000000	0.016018
2429.000000	0.016003
2428.000000	0.015971
2427.000000	0.015932
2426.000000	0.015904
2425.000000	0.015899
2424.000000	0.015909
2423.000000	0.015917
2422.000000	0.015909
2421.000000	0.015878
2420.000000	0.015834
2419.000000	0.015807
2418.000000	0.015823
2417.000000	0.015873
2416.000000	0.015921
2415.000000	0.015942
2414.000000	0.015945
2413.000000	0.015946
2412.000000	0.015941
2411.000000	0.015922
2410.000000	0.015894
2409.000000	0.015869
2408.000000	0.015848
2407.000000	0.015821
2406.000000	0.015790
2405.000000	0.015767
2404.000000	0.015762
2403.000000	0.015770
2402.000000	0.015775
2401.000000	0.015761
2400.000000	0.015730
2399.000000	0.015706
2398.000000	0.015711
2397.000000	0.015742
2396.000000	0.015768
2395.000000	0.015764
2394.000000	0.015737
2393.000000	0.015711
2392.000000	0.015701
2391.000000	0.015709
2390.000000	0.015726
2389.000000	0.015738
2388.000000	0.015738
2387.000000	0.015728
2386.000000	0.015717
2385.000000	0.015710
2384.000000	0.015703
2383.000000	0.015693
2382.000000	0.015680
2381.000000	0.015659
2380.000000	0.015628
2379.000000	0.015599
2378.000000	0.015597
2377.000000	0.015629
2376.000000	0.015667
2375.000000	0.015683
2374.000000	0.015678
2373.000000	0.015667
2372.000000	0.015656
2371.000000	0.015637
2370.000000	0.015614
2369.000000	0.015594
2368.000000	0.015571
2367.000000	0.015539
2366.000000	0.015512
2365.000000	0.015518
2364.000000	0.015573
2363.000000	0.015662
2362.000000	0.015744
2361.000000	0.015772
2360.000000	0.015732
2359.000000	0.015662
2358.000000	0.015608
2357.000000	0.015579
2356.000000	0.015553
2355.000000	0.015532
2354.000000	0.015537
2353.000000	0.015565
2352.000000	0.015588
2351.000000	0.015592
2350.000000	0.015585
2349.000000	0.015577
2348.000000	0.015575
2347.000000	0.015573
2346.000000	0.015571
2345.000000	0.015574
2344.000000	0.015575
2343.000000	0.015560
2342.000000	0.015532
2341.000000	0.015511
2340.000000	0.015513
2339.000000	0.015539
2338.000000	0.015573
2337.000000	0.015586
2336.000000	0.015557
2335.000000	0.015492
2334.000000	0.015435
2333.000000	0.015424
2332.000000	0.015454
2331.000000	0.015486
2330.000000	0.015498
2329.000000	0.015498
2328.000000	0.015508
2327.000000	0.015529
2326.000000	0.015545
2325.000000	0.015539
2324.000000	0.015501
2323.000000	0.015442
2322.000000	0.015387
2321.000000	0.015362
2320.000000	0.015369
2319.000000	0.015392
2318.000000	0.015414
2317.000000	0.015424
2316.000000	0.015420
2315.000000	0.015400
2314.000000	0.015372
2313.000000	0.015345
2312.000000	0.015328
2311.000000	0.015325
2310.000000	0.015334
2309.000000	0.015340
2308.000000	0.015326
2307.000000	0.015293
2306.000000	0.015265
2305.000000	0.015256
2304.000000	0.015251
2303.000000	0.015221
2302.000000	0.015173
2301.000000	0.015144
2300.000000	0.015155
2299.000000	0.015181
2298.000000	0.015186
2297.000000	0.015160
2296.000000	0.015123
2295.000000	0.015104
2294.000000	0.015114
2293.000000	0.015148
2292.000000	0.015187
2291.000000	0.015218
2290.000000	0.015241
2289.000000	0.015264
2288.000000	0.015275
2287.000000	0.015252
2286.000000	0.015195
2285.000000	0.015138
2284.000000	0.015124
2283.000000	0.015160
2282.000000	0.015214
2281.000000	0.015255
2280.000000	0.015281
2279.000000	0.015305
2278.000000	0.015324
2277.000000	0.015311
2276.000000	0.015246
2275.000000	0.015161
2274.000000	0.015114
2273.000000	0.015130
2272.000000	0.015176
2271.000000	0.015197
2270.000000	0.015174
2269.000000	0.015129
2268.000000	0.015095
2267.000000	0.015090
2266.000000	0.015112
2265.000000	0.015148
2264.000000	0.015178
2263.000000	0.015183
2262.000000	0.015154
2261.000000	0.015091
2260.000000	0.015011
2259.000000	0.014940
2258.000000	0.014894
2257.000000	0.014860
2256.000000	0.014831
2255.000000	0.014828
2254.000000	0.014883
2253.000000	0.014977
2252.000000	0.015047
2251.000000	0.015056
2250.000000	0.015024
2249.000000	0.014986
2248.000000	0.014951
2247.000000	0.014918
2246.000000	0.014896
2245.000000	0.014879
2244.000000	0.014839
2243.000000	0.014760
2242.000000	0.014670
2241.000000	0.014600
2240.000000	0.014557
2239.000000	0.014540
2238.000000	0.014562
2237.000000	0.014615
2236.000000	0.014654
2235.000000	0.014646
2234.000000	0.014621
2233.000000	0.014632
2232.000000	0.014686
2231.000000	0.014752
2230.000000	0.014810
2229.000000	0.014862
2228.000000	0.014900
2227.000000	0.014911
2226.000000	0.014907
2225.000000	0.014903
2224.000000	0.014893
2223.000000	0.014859
2222.000000	0.014808
2221.000000	0.014764
2220.000000	0.014744
2219.000000	0.014752
2218.000000	0.014770
2217.000000	0.014753
2216.000000	0.014672
2215.000000	0.014571
2214.000000	0.014547
2213.000000	0.014623
2212.000000	0.014697
2211.000000	0.014666
2210.000000	0.014555
2209.000000	0.014468
2208.000000	0.014458
2207.000000	0.014500
2206.000000	0.014569
2205.000000	0.014651
2204.000000	0.014700
2203.000000	0.014663
2202.000000	0.014551
2201.000000	0.014439
2200.000000	0.014378
2199.000000	0.014366
2198.000000	0.014392
2197.000000	0.014447
2196.000000	0.014499
2195.000000	0.014506
2194.000000	0.014474
2193.000000	0.014458
2192.000000	0.014514
2191.000000	0.014650
2190.000000	0.014832
2189.000000	0.014988
2188.000000	0.015031
2187.000000	0.014943
2186.000000	0.014816
2185.000000	0.014760
2184.000000	0.014789
2183.000000	0.014826
2182.000000	0.014803
2181.000000	0.014713
2180.000000	0.014569
2179.000000	0.014395
2178.000000	0.014247
2177.000000	0.014189
2176.000000	0.014226
2175.000000	0.014303
2174.000000	0.014361
2173.000000	0.014361
2172.000000	0.014287
2171.000000	0.014166
2170.000000	0.014067
2169.000000	0.014039
2168.000000	0.014067
2167.000000	0.014111
2166.000000	0.014175
2165.000000	0.014290
2164.000000	0.014431
2163.000000	0.014507
2162.000000	0.014427
2161.000000	0.014169
2160.000000	0.013826
2159.000000	0.013594
2158.000000	0.013619
2157.000000	0.013834
2156.000000	0.014025
2155.000000	0.014076
2154.000000	0.014050
2153.000000	0.014036
2152.000000	0.014012
2151.000000	0.013919
2150.000000	0.013775
2149.000000	0.013652
2148.000000	0.013571
2147.000000	0.013522
2146.000000	0.013532
2145.000000	0.013629
2144.000000	0.013770
2143.000000	0.013878
2142.000000	0.013943
2141.000000	0.014002
2140.000000	0.014064
2139.000000	0.014090
2138.000000	0.014065
2137.000000	0.014020
2136.000000	0.013992
2135.000000	0.013991
2134.000000	0.014018
2133.000000	0.014054
2132.000000	0.014069
2131.000000	0.014048
2130.000000	0.014016
2129.000000	0.014007
2128.000000	0.014022
2127.000000	0.014049
2126.000000	0.014093
2125.000000	0.014161
2124.000000	0.014224
2123.000000	0.014253
2122.000000	0.014265
2121.000000	0.014300
2120.000000	0.014359
2119.000000	0.014395
2118.000000	0.014375
2117.000000	0.014308
2116.000000	0.014236
2115.000000	0.014194
2114.000000	0.014202
2113.000000	0.014250
2112.000000	0.014297
2111.000000	0.014303
2110.000000	0.014267
2109.000000	0.014214
2108.000000	0.014165
2107.000000	0.014123
2106.000000	0.014088
2105.000000	0.014059
2104.000000	0.014026
2103.000000	0.013989
2102.000000	0.013974
2101.000000	0.014003
2100.000000	0.014060
2099.000000	0.014095
2098.000000	0.014076
2097.000000	0.014001
2096.000000	0.013902
2095.000000	0.013835
2094.000000	0.013851
2093.000000	0.013949
2092.000000	0.014069
2091.000000	0.014147
2090.000000	0.014163
2089.000000	0.014130
2088.000000	0.014066
2087.000000	0.013998
2086.000000	0.013960
2085.000000	0.013960
2084.000000	0.013963
2083.000000	0.013949
2082.000000	0.013948
2081.000000	0.013992
2080.000000	0.014049
2079.000000	0.014068
2078.000000	0.014053
2077.000000	0.014050
2076.000000	0.014063
2075.000000	0.014042
2074.000000	0.013945
2073.000000	0.013787
2072.000000	0.013628
2071.000000	0.013543
2070.000000	0.013570
2069.000000	0.013670
2068.000000	0.013755
2067.000000	0.013788
2066.000000	0.013818
2065.000000	0.013888
2064.000000	0.013942
2063.000000	0.013893
2062.000000	0.013747
2061.000000	0.013595
2060.000000	0.013515
2059.000000	0.013522
2058.000000	0.013586
2057.000000	0.013648
2056.000000	0.013646
2055.000000	0.013573
2054.000000	0.013497
2053.000000	0.013469
2052.000000	0.013455
2051.000000	0.013409
2050.000000	0.013379
2049.000000	0.013453
2048.000000	0.013617
2047.000000	0.013758
2046.000000	0.013795
2045.000000	0.013725
2044.000000	0.013575
2043.000000	0.013392
2042.000000	0.013246
2041.000000	0.013175
2040.000000	0.013153
2039.000000	0.013192
2038.000000	0.013394
2037.000000	0.013775
2036.000000	0.014115
2035.000000	0.014156
2034.000000	0.013922
2033.000000	0.013661
2032.000000	0.013509
2031.000000	0.013396
2030.000000	0.013268
2029.000000	0.013205
2028.000000	0.013266
2027.000000	0.013377
2026.000000	0.013432
2025.000000	0.013399
2024.000000	0.013303
2023.000000	0.013193
2022.000000	0.013139
2021.000000	0.013159
2020.000000	0.013165
2019.000000	0.013065
2018.000000	0.012920
2017.000000	0.012871
2016.000000	0.012931
2015.000000	0.012967
2014.000000	0.012904
2013.000000	0.012808
2012.000000	0.012760
2011.000000	0.012752
2010.000000	0.012741
2009.000000	0.012709
2008.000000	0.012651
2007.000000	0.012586
2006.000000	0.012578
2005.000000	0.012692
2004.000000	0.012889
2003.000000	0.013049
2002.000000	0.013088
2001.000000	0.013018
2000.000000	0.012898
1999.000000	0.012795
1998.000000	0.012766
1997.000000	0.012827
1996.000000	0.012934
1995.000000	0.013039
1994.000000	0.013124
1993.000000	0.013160
1992.000000	0.013079
1991.000000	0.012879
1990.000000	0.012707
1989.000000	0.012729
1988.000000	0.012943
1987.000000	0.013196
1986.000000	0.013364
1985.000000	0.013437
1984.000000	0.013443
1983.000000	0.013380
1982.000000	0.013242
1981.000000	0.013047
1980.000000	0.012833
1979.000000	0.012673
1978.000000	0.012658
1977.000000	0.012778
1976.000000	0.012872
1975.000000	0.012782
1974.000000	0.012541
1973.000000	0.012311
1972.000000	0.012213
1971.000000	0.012253
1970.000000	0.012369
1969.000000	0.012458
1968.000000	0.012432
1967.000000	0.012334
1966.000000	0.012332
1965.000000	0.012512
1964.000000	0.012753
1963.000000	0.012888
1962.000000	0.012895
1961.000000	0.012852
1960.000000	0.012770
1959.000000	0.012618
1958.000000	0.012437
1957.000000	0.012322
1956.000000	0.012289
1955.000000	0.012277
1954.000000	0.012257
1953.000000	0.012261
1952.000000	0.012308
1951.000000	0.012379
1950.000000	0.012464
1949.000000	0.012552
1948.000000	0.012604
1947.000000	0.012583
1946.000000	0.012508
1945.000000	0.012424
1944.000000	0.012337
1943.000000	0.012239
1942.000000	0.012160
1941.000000	0.012136
1940.000000	0.012155
1939.000000	0.012190
1938.000000	0.012250
1937.000000	0.012332
1936.000000	0.012365
1935.000000	0.012286
1934.000000	0.012155
1933.000000	0.012097
1932.000000	0.012149
1931.000000	0.012240
1930.000000	0.012310
1929.000000	0.012360
1928.000000	0.012391
1927.000000	0.012378
1926.000000	0.012324
1925.000000	0.012282
1924.000000	0.012286
1923.000000	0.012314
1922.000000	0.012319
1921.000000	0.012278
1920.000000	0.012186
1919.000000	0.012054
1918.000000	0.011919
1917.000000	0.011828
1916.000000	0.011794
1915.000000	0.011797
1914.000000	0.011824
1913.000000	0.011868
1912.000000	0.011902
1911.000000	0.011900
1910.000000	0.011869
1909.000000	0.011834
1908.000000	0.011802
1907.000000	0.011780
1906.000000	0.011796
1905.000000	0.011857
1904.000000	0.011918
1903.000000	0.011928
1902.000000	0.011893
1901.000000	0.011853
1900.000000	0.011811
1899.000000	0.011747
1898.000000	0.011678
1897.000000	0.011654
1896.000000	0.011686
1895.000000	0.011724
1894.000000	0.011733
1893.000000	0.011725
1892.000000	0.011724
1891.000000	0.011745
1890.000000	0.011787
1889.000000	0.011828
1888.000000	0.011829
1887.000000	0.011772
1886.000000	0.011693
1885.000000	0.011644
1884.000000	0.011639
1883.000000	0.011653
1882.000000	0.011659
1881.000000	0.011648
1880.000000	0.011617
1879.000000	0.011580
1878.000000	0.011569
1877.000000	0.011583
1876.000000	0.011575
1875.000000	0.011517
1874.000000	0.011442
1873.000000	0.011396
1872.000000	0.011361
1871.000000	0.011296
1870.000000	0.011216
1869.000000	0.011188
1868.000000	0.011221
1867.000000	0.011260
1866.000000	0.011266
1865.000000	0.011246
1864.000000	0.011208
1863.000000	0.011158
1862.000000	0.011115
1861.000000	0.011099
1860.000000	0.011086
1859.000000	0.011046
1858.000000	0.010994
1857.000000	0.010977
1856.000000	0.011003
1855.000000	0.011029
1854.000000	0.011025
1853.000000	0.011000
1852.000000	0.010961
1851.000000	0.010913
1850.000000	0.010881
1849.000000	0.010882
1848.000000	0.010888
1847.000000	0.010863
1846.000000	0.010810
1845.000000	0.010772
1844.000000	0.010761
1843.000000	0.010756
1842.000000	0.010755
1841.000000	0.010774
1840.000000	0.010804
1839.000000	0.010823
1838.000000	0.010830
1837.000000	0.010836
1836.000000	0.010830
1835.000000	0.010776
1834.000000	0.010679
1833.000000	0.010587
1832.000000	0.010534
1831.000000	0.010516
1830.000000	0.010515
1829.000000	0.010516
1828.000000	0.010510
1827.000000	0.010503
1826.000000	0.010512
1825.000000	0.010540
1824.000000	0.010558
1823.000000	0.010543
1822.000000	0.010507
1821.000000	0.010477
1820.000000	0.010449
1819.000000	0.010407
1818.000000	0.010356
1817.000000	0.010319
1816.000000	0.010303
1815.000000	0.010293
1814.000000	0.010286
1813.000000	0.010285
1812.000000	0.010273
1811.000000	0.010233
1810.000000	0.010176
1809.000000	0.010133
1808.000000	0.010108
1807.000000	0.010079
1806.000000	0.010044
1805.000000	0.010010
1804.000000	0.009967
1803.000000	0.009899
1802.000000	0.009833
1801.000000	0.009814
1800.000000	0.009839
1799.000000	0.009865
1798.000000	0.009870
1797.000000	0.009860
1796.000000	0.009835
1795.000000	0.009792
1794.000000	0.009751
1793.000000	0.009738
1792.000000	0.009730
1791.000000	0.009690
1790.000000	0.009634
1789.000000	0.009604
1788.000000	0.009596
1787.000000	0.009568
1786.000000	0.009509
1785.000000	0.009454
1784.000000	0.009428
1783.000000	0.009418
1782.000000	0.009418
1781.000000	0.009426
1780.000000	0.009419
1779.000000	0.009378
1778.000000	0.009325
1777.000000	0.009292
1776.000000	0.009279
1775.000000	0.009273
1774.000000	0.009285
1773.000000	0.009320
1772.000000	0.009320
1771.000000	0.009229
1770.000000	0.009088
1769.000000	0.008980
1768.000000	0.008925
1767.000000	0.008892
1766.000000	0.008876
1765.000000	0.008895
1764.000000	0.008935
1763.000000	0.008942
1762.000000	0.008894
1761.000000	0.008837
1760.000000	0.008818
1759.000000	0.008835
1758.000000	0.008873
1757.000000	0.008922
1756.000000	0.008953
1755.000000	0.008954
1754.000000	0.008968
1753.000000	0.009038
1752.000000	0.009138
1751.000000	0.009193
1750.000000	0.009187
1749.000000	0.009170
1748.000000	0.009154
1747.000000	0.009109
1746.000000	0.009054
1745.000000	0.009031
1744.000000	0.009028
1743.000000	0.008993
1742.000000	0.008923
1741.000000	0.008878
1740.000000	0.008870
1739.000000	0.008832
1738.000000	0.008741
1737.000000	0.008670
1736.000000	0.008667
1735.000000	0.008679
1734.000000	0.008637
1733.000000	0.008560
1732.000000	0.008478
1731.000000	0.008379
1730.000000	0.008280
1729.000000	0.008224
1728.000000	0.008209
1727.000000	0.008203
1726.000000	0.008214
1725.000000	0.008272
1724.000000	0.008356
1723.000000	0.008393
1722.000000	0.008363
1721.000000	0.008339
1720.000000	0.008392
1719.000000	0.008522
1718.000000	0.008687
1717.000000	0.008845
1716.000000	0.008955
1715.000000	0.009007
1714.000000	0.009074
1713.000000	0.009253
1712.000000	0.009546
1711.000000	0.009888
1710.000000	0.010275
1709.000000	0.010769
1708.000000	0.011380
1707.000000	0.012087
1706.000000	0.012931
1705.000000	0.013937
1704.000000	0.015010
1703.000000	0.016118
1702.000000	0.017483
1701.000000	0.019404
1700.000000	0.021627
1699.000000	0.023430
1698.000000	0.024626
1697.000000	0.025544
1696.000000	0.026358
1695.000000	0.026976
1694.000000	0.027374
1693.000000	0.027717
1692.000000	0.028163
1691.000000	0.028764
1690.000000	0.029484
1689.000000	0.030262
1688.000000	0.031048
1687.000000	0.031868
1686.000000	0.032830
1685.000000	0.034047
1684.000000	0.035359
1683.000000	0.036403
1682.000000	0.037200
1681.000000	0.038032
1680.000000	0.038985
1679.000000	0.039972
1678.000000	0.040927
1677.000000	0.041936
1676.000000	0.043099
1675.000000	0.044355
1674.000000	0.045554
1673.000000	0.046652
1672.000000	0.047724
1671.000000	0.048860
1670.000000	0.050122
1669.000000	0.051494
1668.000000	0.052840
1667.000000	0.054039
1666.000000	0.055111
1665.000000	0.056196
1664.000000	0.057421
1663.000000	0.058767
1662.000000	0.060106
1661.000000	0.061350
1660.000000	0.062492
1659.000000	0.063539
1658.000000	0.064482
1657.000000	0.065300
1656.000000	0.066011
1655.000000	0.066701
1654.000000	0.067587
1653.000000	0.068771
1652.000000	0.069852
1651.000000	0.070436
1650.000000	0.070598
1649.000000	0.070652
1648.000000	0.070847
1647.000000	0.071188
1646.000000	0.071542
1645.000000	0.071841
1644.000000	0.072059
1643.000000	0.072156
1642.000000	0.072182
1641.000000	0.072243
1640.000000	0.072359
1639.000000	0.072470
1638.000000	0.072558
1637.000000	0.072728
1636.000000	0.073074
1635.000000	0.073509
1634.000000	0.073910
1633.000000	0.074291
1632.000000	0.074709
1631.000000	0.075195
1630.000000	0.075779
1629.000000	0.076514
1628.000000	0.077407
1627.000000	0.078353
1626.000000	0.079281
1625.000000	0.080258
1624.000000	0.081387
1623.000000	0.082608
1622.000000	0.083713
1621.000000	0.084576
1620.000000	0.085214
1619.000000	0.085676
1618.000000	0.085983
1617.000000	0.086105
1616.000000	0.085927
1615.000000	0.085327
1614.000000	0.084309
1613.000000	0.082987
1612.000000	0.081462
1611.000000	0.079753
1610.000000	0.077864
1609.000000	0.075835
1608.000000	0.073740
1607.000000	0.071637
1606.000000	0.069548
1605.000000	0.067485
1604.000000	0.065456
1603.000000	0.063481
1602.000000	0.061563
1601.000000	0.059700
1600.000000	0.057916
1599.000000	0.056236
1598.000000	0.054656
1597.000000	0.053150
1596.000000	0.051722
1595.000000	0.050404
1594.000000	0.049190
1593.000000	0.048033
1592.000000	0.046913
1591.000000	0.045861
1590.000000	0.044895
1589.000000	0.043991
1588.000000	0.043133
1587.000000	0.042353
1586.000000	0.041673
1585.000000	0.041064
1584.000000	0.040491
1583.000000	0.039972
1582.000000	0.039528
1581.000000	0.039138
1580.000000	0.038780
1579.000000	0.038493
1578.000000	0.038328
1577.000000	0.038275
1576.000000	0.038292
1575.000000	0.038337
1574.000000	0.038374
1573.000000	0.038381
1572.000000	0.038407
1571.000000	0.038560
1570.000000	0.038908
1569.000000	0.039371
1568.000000	0.039826
1567.000000	0.040288
1566.000000	0.040835
1565.000000	0.041474
1564.000000	0.042132
1563.000000	0.042755
1562.000000	0.043369
1561.000000	0.044072
1560.000000	0.045086
1559.000000	0.046568
1558.000000	0.048019
1557.000000	0.049048
1556.000000	0.049871
1555.000000	0.050758
1554.000000	0.051818
1553.000000	0.052932
1552.000000	0.053992
1551.000000	0.055071
1550.000000	0.056238
1549.000000	0.057405
1548.000000	0.058443
1547.000000	0.059370
1546.000000	0.060287
1545.000000	0.061218
1544.000000	0.062093
1543.000000	0.062891
1542.000000	0.063718
1541.000000	0.064707
1540.000000	0.065831
1539.000000	0.066857
1538.000000	0.067604
1537.000000	0.068067
1536.000000	0.068384
1535.000000	0.068778
1534.000000	0.069401
1533.000000	0.070166
1532.000000	0.070871
1531.000000	0.071469
1530.000000	0.072034
1529.000000	0.072609
1528.000000	0.073211
1527.000000	0.073847
1526.000000	0.074494
1525.000000	0.075077
1524.000000	0.075572
1523.000000	0.076102
1522.000000	0.076814
1521.000000	0.077634
1520.000000	0.078322
1519.000000	0.078817
1518.000000	0.079258
1517.000000	0.079745
1516.000000	0.080204
1515.000000	0.080501
1514.000000	0.080586
1513.000000	0.080462
1512.000000	0.080177
1511.000000	0.079801
1510.000000	0.079378
1509.000000	0.078897
1508.000000	0.078324
1507.000000	0.077629
1506.000000	0.076807
1505.000000	0.075958
1504.000000	0.075094
1503.000000	0.074138
1502.000000	0.073086
1501.000000	0.071961
1500.000000	0.070798
1499.000000	0.069637
1498.000000	0.068474
1497.000000	0.067259
1496.000000	0.066002
1495.000000	0.064746
1494.000000	0.063478
1493.000000	0.062148
1492.000000	0.060738
1491.000000	0.059282
1490.000000	0.057846
1489.000000	0.056475
1488.000000	0.055177
1487.000000	0.053940
1486.000000	0.052754
1485.000000	0.051641
1484.000000	0.050610
1483.000000	0.049649
1482.000000	0.048748
1481.000000	0.047922
1480.000000	0.047185
1479.000000	0.046528
1478.000000	0.045939
1477.000000	0.045441
1476.000000	0.045062
1475.000000	0.044792
1474.000000	0.044623
1473.000000	0.044572
1472.000000	0.044617
1471.000000	0.044683
1470.000000	0.044719
1469.000000	0.044721
1468.000000	0.044709
1467.000000	0.044696
1466.000000	0.044702
1465.000000	0.044749
1464.000000	0.044835
1463.000000	0.044940
1462.000000	0.045055
1461.000000	0.045190
1460.000000	0.045378
1459.000000	0.045676
1458.000000	0.046168
1457.000000	0.046851
1456.000000	0.047527
1455.000000	0.047993
1454.000000	0.048240
1453.000000	0.048376
1452.000000	0.048478
1451.000000	0.048528
1450.000000	0.048490
1449.000000	0.048375
1448.000000	0.048214
1447.000000	0.048006
1446.000000	0.047747
1445.000000	0.047441
1444.000000	0.047096
1443.000000	0.046716
1442.000000	0.046298
1441.000000	0.045850
1440.000000	0.045386
1439.000000	0.044916
1438.000000	0.044434
1437.000000	0.043960
1436.000000	0.043547
1435.000000	0.043206
1434.000000	0.042883
1433.000000	0.042548
1432.000000	0.042224
1431.000000	0.041938
1430.000000	0.041696
1429.000000	0.041499
1428.000000	0.041358
1427.000000	0.041265
1426.000000	0.041206
1425.000000	0.041193
1424.000000	0.041238
1423.000000	0.041309
1422.000000	0.041368
1421.000000	0.041439
1420.000000	0.041594
1419.000000	0.041856
1418.000000	0.042134
1417.000000	0.042356
1416.000000	0.042550
1415.000000	0.042753
1414.000000	0.042955
1413.000000	0.043137
1412.000000	0.043302
1411.000000	0.043455
1410.000000	0.043585
1409.000000	0.043680
1408.000000	0.043743
1407.000000	0.043776
1406.000000	0.043792
1405.000000	0.043808
1404.000000	0.043826
1403.000000	0.043817
1402.000000	0.043758
1401.000000	0.043662
1400.000000	0.043576
1399.000000	0.043528
1398.000000	0.043501
1397.000000	0.043476
1396.000000	0.043460
1395.000000	0.043459
1394.000000	0.043469
1393.000000	0.043485
1392.000000	0.043505
1391.000000	0.043516
1390.000000	0.043516
1389.000000	0.043521
1388.000000	0.043545
1387.000000	0.043571
1386.000000	0.043565
1385.000000	0.043516
1384.000000	0.043447
1383.000000	0.043373
1382.000000	0.043288
1381.000000	0.043181
1380.000000	0.043053
1379.000000	0.042919
1378.000000	0.042790
1377.000000	0.042675
1376.000000	0.042582
1375.000000	0.042511
1374.000000	0.042452
1373.000000	0.042387
1372.000000	0.042305
1371.000000	0.042190
1370.000000	0.042032
1369.000000	0.041837
1368.000000	0.041618
1367.000000	0.041369
1366.000000	0.041082
1365.000000	0.040765
1364.000000	0.040451
1363.000000	0.040167
1362.000000	0.039917
1361.000000	0.039701
1360.000000	0.039525
1359.000000	0.039378
1358.000000	0.039245
1357.000000	0.039122
1356.000000	0.039022
1355.000000	0.038952
1354.000000	0.038900
1353.000000	0.038856
1352.000000	0.038825
1351.000000	0.038805
1350.000000	0.038790
1349.000000	0.038775
1348.000000	0.038774
1347.000000	0.038798
1346.000000	0.038840
1345.000000	0.038887
1344.000000	0.038940
1343.000000	0.039002
1342.000000	0.039062
1341.000000	0.039110
1340.000000	0.039146
1339.000000	0.039176
1338.000000	0.039200
1337.000000	0.039217
1336.000000	0.039226
1335.000000	0.039222
1334.000000	0.039195
1333.000000	0.039146
1332.000000	0.039097
1331.000000	0.039070
1330.000000	0.039063
1329.000000	0.039054
1328.000000	0.039030
1327.000000	0.038995
1326.000000	0.038963
1325.000000	0.038939
1324.000000	0.038923
1323.000000	0.038916
1322.000000	0.038918
1321.000000	0.038931
1320.000000	0.038956
1319.000000	0.038996
1318.000000	0.039049
1317.000000	0.039116
1316.000000	0.039195
1315.000000	0.039270
1314.000000	0.039322
1313.000000	0.039343
1312.000000	0.039344
1311.000000	0.039341
1310.000000	0.039338
1309.000000	0.039336
1308.000000	0.039344
1307.000000	0.039367
1306.000000	0.039405
1305.000000	0.039447
1304.000000	0.039480
1303.000000	0.039491
1302.000000	0.039475
1301.000000	0.039440
1300.000000	0.039395
1299.000000	0.039346
1298.000000	0.039290
1297.000000	0.039234
1296.000000	0.039185
1295.000000	0.039144
1294.000000	0.039101
1293.000000	0.039056
1292.000000	0.039024
1291.000000	0.039013
1290.000000	0.039008
1289.000000	0.038984
1288.000000	0.038931
1287.000000	0.038866
1286.000000	0.038807
1285.000000	0.038761
1284.000000	0.038722
1283.000000	0.038679
1282.000000	0.038626
1281.000000	0.038568
1280.000000	0.038513
1279.000000	0.038466
1278.000000	0.038428
1277.000000	0.038394
1276.000000	0.038362
1275.000000	0.038326
1274.000000	0.038286
1273.000000	0.038245
1272.000000	0.038215
1271.000000	0.038199
1270.000000	0.038193
1269.000000	0.038198
1268.000000	0.038222
1267.000000	0.038272
1266.000000	0.038344
1265.000000	0.038428
1264.000000	0.038518
1263.000000	0.038621
1262.000000	0.038752
1261.000000	0.038927
1260.000000	0.039146
1259.000000	0.039390
1258.000000	0.039633
1257.000000	0.039863
1256.000000	0.040086
1255.000000	0.040316
1254.000000	0.040560
1253.000000	0.040828
1252.000000	0.041118
1251.000000	0.041416
1250.000000	0.041698
1249.000000	0.041955
1248.000000	0.042190
1247.000000	0.042412
1246.000000	0.042623
1245.000000	0.042825
1244.000000	0.043017
1243.000000	0.043187
1242.000000	0.043322
1241.000000	0.043426
1240.000000	0.043515
1239.000000	0.043599
1238.000000	0.043678
1237.000000	0.043757
1236.000000	0.043840
1235.000000	0.043914
1234.000000	0.043949
1233.000000	0.043927
1232.000000	0.043859
1231.000000	0.043772
1230.000000	0.043678
1229.000000	0.043576
1228.000000	0.043464
1227.000000	0.043341
1226.000000	0.043202
1225.000000	0.043043
1224.000000	0.042861
1223.000000	0.042665
1222.000000	0.042467
1221.000000	0.042278
1220.000000	0.042098
1219.000000	0.041915
1218.000000	0.041711
1217.000000	0.041474
1216.000000	0.041211
1215.000000	0.040942
1214.000000	0.040683
1213.000000	0.040428
1212.000000	0.040163
1211.000000	0.039873
1210.000000	0.039555
1209.000000	0.039213
1208.000000	0.038864
1207.000000	0.038522
1206.000000	0.038196
1205.000000	0.037875
1204.000000	0.037538
1203.000000	0.037171
1202.000000	0.036789
1201.000000	0.036422
1200.000000	0.036090
1199.000000	0.035788
1198.000000	0.035504
1197.000000	0.035237
1196.000000	0.034990
1195.000000	0.034761
1194.000000	0.034538
1193.000000	0.034322
1192.000000	0.034123
1191.000000	0.033944
1190.000000	0.033778
1189.000000	0.033617
1188.000000	0.033469
1187.000000	0.033346
1186.000000	0.033248
1185.000000	0.033167
1184.000000	0.033094
1183.000000	0.033023
1182.000000	0.032956
1181.000000	0.032907
1180.000000	0.032893
1179.000000	0.032926
1178.000000	0.033017
1177.000000	0.033183
1176.000000	0.033436
1175.000000	0.033753
1174.000000	0.034083
1173.000000	0.034387
1172.000000	0.034660
1171.000000	0.034905
1170.000000	0.035113
1169.000000	0.035286
1168.000000	0.035449
1167.000000	0.035628
1166.000000	0.035811
1165.000000	0.035966
1164.000000	0.036073
1163.000000	0.036141
1162.000000	0.036170
1161.000000	0.036146
1160.000000	0.036054
1159.000000	0.035907
1158.000000	0.035724
1157.000000	0.035524
1156.000000	0.035310
1155.000000	0.035083
1154.000000	0.034839
1153.000000	0.034586
1152.000000	0.034345
1151.000000	0.034131
1150.000000	0.033929
1149.000000	0.033704
1148.000000	0.033443
1147.000000	0.033167
1146.000000	0.032904
1145.000000	0.032659
1144.000000	0.032426
1143.000000	0.032209
1142.000000	0.032025
1141.000000	0.031887
1140.000000	0.031800
1139.000000	0.031752
1138.000000	0.031714
1137.000000	0.031661
1136.000000	0.031592
1135.000000	0.031537
1134.000000	0.031520
1133.000000	0.031530
1132.000000	0.031530
1131.000000	0.031501
1130.000000	0.031448
1129.000000	0.031385
1128.000000	0.031318
1127.000000	0.031248
1126.000000	0.031179
1125.000000	0.031114
1124.000000	0.031050
1123.000000	0.030990
1122.000000	0.030939
1121.000000	0.030898
1120.000000	0.030851
1119.000000	0.030779
1118.000000	0.030684
1117.000000	0.030595
1116.000000	0.030543
1115.000000	0.030527
1114.000000	0.030518
1113.000000	0.030487
1112.000000	0.030435
1111.000000	0.030384
1110.000000	0.030357
1109.000000	0.030361
1108.000000	0.030397
1107.000000	0.030460
1106.000000	0.030538
1105.000000	0.030612
1104.000000	0.030666
1103.000000	0.030699
1102.000000	0.030726
1101.000000	0.030762
1100.000000	0.030810
1099.000000	0.030867
1098.000000	0.030938
1097.000000	0.031045
1096.000000	0.031202
1095.000000	0.031404
1094.000000	0.031632
1093.000000	0.031882
1092.000000	0.032165
1091.000000	0.032481
1090.000000	0.032814
1089.000000	0.033148
1088.000000	0.033495
1087.000000	0.033885
1086.000000	0.034330
1085.000000	0.034813
1084.000000	0.035298
1083.000000	0.035760
1082.000000	0.036204
1081.000000	0.036663
1080.000000	0.037157
1079.000000	0.037671
1078.000000	0.038165
1077.000000	0.038612
1076.000000	0.039020
1075.000000	0.039410
1074.000000	0.039789
1073.000000	0.040143
1072.000000	0.040458
1071.000000	0.040734
1070.000000	0.040992
1069.000000	0.041252
1068.000000	0.041504
1067.000000	0.041719
1066.000000	0.041871
1065.000000	0.041956
1064.000000	0.041982
1063.000000	0.041955
1062.000000	0.041883
1061.000000	0.041777
1060.000000	0.041643
1059.000000	0.041480
1058.000000	0.041294
1057.000000	0.041105
1056.000000	0.040926
1055.000000	0.040752
1054.000000	0.040564
1053.000000	0.040364
1052.000000	0.040158
1051.000000	0.039939
1050.000000	0.039690
1049.000000	0.039412
1048.000000	0.039132
1047.000000	0.038876
1046.000000	0.038629
1045.000000	0.038356
1044.000000	0.038048
1043.000000	0.037731
1042.000000	0.037442
1041.000000	0.037185
1040.000000	0.036931
1039.000000	0.036656
1038.000000	0.036357
1037.000000	0.036045
1036.000000	0.035738
1035.000000	0.035459
1034.000000	0.035233
1033.000000	0.035049
1032.000000	0.034864
1031.000000	0.034631
1030.000000	0.034354
1029.000000	0.034069
1028.000000	0.033792
1027.000000	0.033498
1026.000000	0.033155
1025.000000	0.032767
1024.000000	0.032362
1023.000000	0.031958
1022.000000	0.031559
1021.000000	0.031173
1020.000000	0.030822
1019.000000	0.030522
1018.000000	0.030256
1017.000000	0.029983
1016.000000	0.029674
1015.000000	0.029341
1014.000000	0.029030
1013.000000	0.028785
1012.000000	0.028614
1011.000000	0.028488
1010.000000	0.028367
1009.000000	0.028224
1008.000000	0.028044
1007.000000	0.027820
1006.000000	0.027566
1005.000000	0.027319
1004.000000	0.027112
1003.000000	0.026949
1002.000000	0.026804
1001.000000	0.026663
1000.000000	0.026548
999.000000	0.026483
998.000000	0.026457
997.000000	0.026425
996.000000	0.026351
995.000000	0.026234
994.000000	0.026102
993.000000	0.025984
992.000000	0.025888
991.000000	0.025802
990.000000	0.025710
989.000000	0.025605
988.000000	0.025499
987.000000	0.025409
986.000000	0.025358
985.000000	0.025366
984.000000	0.025439
983.000000	0.025551
982.000000	0.025651
981.000000	0.025688
980.000000	0.025647
979.000000	0.025552
978.000000	0.025451
977.000000	0.025396
976.000000	0.025410
975.000000	0.025486
974.000000	0.025594
973.000000	0.025705
972.000000	0.025806
971.000000	0.025894
970.000000	0.025970
969.000000	0.026044
968.000000	0.026130
967.000000	0.026235
966.000000	0.026346
965.000000	0.026443
964.000000	0.026514
963.000000	0.026563
962.000000	0.026596
961.000000	0.026620
960.000000	0.026641
959.000000	0.026664
958.000000	0.026681
957.000000	0.026659
956.000000	0.026561
955.000000	0.026382
954.000000	0.026169
953.000000	0.025994
952.000000	0.025894
951.000000	0.025844
950.000000	0.025784
949.000000	0.025684
948.000000	0.025561
947.000000	0.025454
946.000000	0.025384
945.000000	0.025351
944.000000	0.025334
943.000000	0.025318
942.000000	0.025300
941.000000	0.025291
940.000000	0.025296
939.000000	0.025312
938.000000	0.025329
937.000000	0.025350
936.000000	0.025382
935.000000	0.025422
934.000000	0.025459
933.000000	0.025486
932.000000	0.025504
931.000000	0.025509
930.000000	0.025490
929.000000	0.025451
928.000000	0.025409
927.000000	0.025374
926.000000	0.025337
925.000000	0.025277
924.000000	0.025185
923.000000	0.025067
922.000000	0.024947
921.000000	0.024849
920.000000	0.024775
919.000000	0.024692
918.000000	0.024567
917.000000	0.024407
916.000000	0.024269
915.000000	0.024200
914.000000	0.024198
913.000000	0.024230
912.000000	0.024257
911.000000	0.024254
910.000000	0.024196
909.000000	0.024083
908.000000	0.023944
907.000000	0.023834
906.000000	0.023795
905.000000	0.023834
904.000000	0.023925
903.000000	0.024023
902.000000	0.024088
901.000000	0.024100
900.000000	0.024065
899.000000	0.024001
898.000000	0.023933
897.000000	0.023883
896.000000	0.023853
895.000000	0.023816
894.000000	0.023742
893.000000	0.023623
892.000000	0.023480
891.000000	0.023336
890.000000	0.023191
889.000000	0.023041
888.000000	0.022905
887.000000	0.022813
886.000000	0.022780
885.000000	0.022783
884.000000	0.022782
883.000000	0.022747
882.000000	0.022685
881.000000	0.022630
880.000000	0.022618
879.000000	0.022646
878.000000	0.022666
877.000000	0.022630
876.000000	0.022537
875.000000	0.022438
874.000000	0.022377
873.000000	0.022354
872.000000	0.022328
871.000000	0.022273
870.000000	0.022201
869.000000	0.022149
868.000000	0.022124
867.000000	0.022092
866.000000	0.022011
865.000000	0.021877
864.000000	0.021730
863.000000	0.021620
862.000000	0.021574
861.000000	0.021585
860.000000	0.021626
859.000000	0.021670
858.000000	0.021704
857.000000	0.021724
856.000000	0.021717
855.000000	0.021668
854.000000	0.021600
853.000000	0.021566
852.000000	0.021593
851.000000	0.021637
850.000000	0.021629
849.000000	0.021558
848.000000	0.021484
847.000000	0.021460
846.000000	0.021488
845.000000	0.021539
844.000000	0.021601
843.000000	0.021672
842.000000	0.021741
841.000000	0.021799
840.000000	0.021857
839.000000	0.021929
838.000000	0.022018
837.000000	0.022116
836.000000	0.022217
835.000000	0.022313
834.000000	0.022395
833.000000	0.022468
832.000000	0.022554
831.000000	0.022678
830.000000	0.022836
829.000000	0.022998
828.000000	0.023128
827.000000	0.023216
826.000000	0.023279
825.000000	0.023337
824.000000	0.023378
823.000000	0.023366
822.000000	0.023298
821.000000	0.023233
820.000000	0.023245
819.000000	0.023350
818.000000	0.023491
817.000000	0.023597
816.000000	0.023652
815.000000	0.023700
814.000000	0.023791
813.000000	0.023938
812.000000	0.024094
811.000000	0.024200
810.000000	0.024250
809.000000	0.024292
808.000000	0.024370
807.000000	0.024463
806.000000	0.024519
805.000000	0.024525
804.000000	0.024522
803.000000	0.024554
802.000000	0.024624
801.000000	0.024712
800.000000	0.024793
799.000000	0.024854
798.000000	0.024901
797.000000	0.024957
796.000000	0.025040
795.000000	0.025135
794.000000	0.025222
793.000000	0.025309
792.000000	0.025423
791.000000	0.025560
790.000000	0.025700
789.000000	0.025853
788.000000	0.026063
787.000000	0.026350
786.000000	0.026669
785.000000	0.026949
784.000000	0.027149
783.000000	0.027293
782.000000	0.027447
781.000000	0.027675
780.000000	0.027969
779.000000	0.028249
778.000000	0.028433
777.000000	0.028520
776.000000	0.028580
775.000000	0.028685
774.000000	0.028859
773.000000	0.029095
772.000000	0.029355
771.000000	0.029579
770.000000	0.029724
769.000000	0.029817
768.000000	0.029929
767.000000	0.030083
766.000000	0.030233
765.000000	0.030331
764.000000	0.030381
763.000000	0.030405
762.000000	0.030402
761.000000	0.030391
760.000000	0.030432
759.000000	0.030577
758.000000	0.030807
757.000000	0.031056
756.000000	0.031273
755.000000	0.031439
754.000000	0.031551
753.000000	0.031637
752.000000	0.031767
751.000000	0.031993
750.000000	0.032272
749.000000	0.032497
748.000000	0.032602
747.000000	0.032641
746.000000	0.032717
745.000000	0.032867
744.000000	0.033029
743.000000	0.033121
742.000000	0.033137
741.000000	0.033144
740.000000	0.033189
739.000000	0.033238
738.000000	0.033233
737.000000	0.033181
736.000000	0.033160
735.000000	0.033232
734.000000	0.033378
733.000000	0.033550
732.000000	0.033739
731.000000	0.033986
730.000000	0.034317
729.000000	0.034704
728.000000	0.035076
727.000000	0.035379
726.000000	0.035641
725.000000	0.035971
724.000000	0.036457
723.000000	0.037053
722.000000	0.037612
721.000000	0.038035
720.000000	0.038388
719.000000	0.038820
718.000000	0.039389
717.000000	0.040010
716.000000	0.040570
715.000000	0.041044
714.000000	0.041498
713.000000	0.042003
712.000000	0.042592
711.000000	0.043257
710.000000	0.043952
709.000000	0.044608
708.000000	0.045179
707.000000	0.045700
706.000000	0.046269
705.000000	0.046951
704.000000	0.047697
703.000000	0.048412
702.000000	0.049054
701.000000	0.049645
700.000000	0.050174
699.000000	0.050552
698.000000	0.050697
697.000000	0.050633
696.000000	0.050472
695.000000	0.050317
694.000000	0.050214
693.000000	0.050175
692.000000	0.050213
691.000000	0.050303
690.000000	0.050366
689.000000	0.050333
688.000000	0.050233
687.000000	0.050183
686.000000	0.050257
685.000000	0.050405
684.000000	0.050527
683.000000	0.050601
682.000000	0.050698
681.000000	0.050881
680.000000	0.051110
679.000000	0.051286
678.000000	0.051362
677.000000	0.051396
676.000000	0.051479
675.000000	0.051626
674.000000	0.051766
673.000000	0.051840
672.000000	0.051860
671.000000	0.051867
670.000000	0.051865
669.000000	0.051832
668.000000	0.051846
667.000000	0.052033
666.000000	0.052315
665.000000	0.052617
664.000000	0.052907
663.000000	0.053148
662.000000	0.053327
661.000000	0.053456
660.000000	0.053536
659.000000	0.053572
658.000000	0.053619
657.000000	0.053749
656.000000	0.053938
655.000000	0.054053
654.000000	0.054010
653.000000	0.053884
652.000000	0.053823
651.000000	0.053904
650.000000	0.054114
649.000000	0.054413
648.000000	0.054763
647.000000	0.055112
646.000000	0.055424
645.000000	0.055694
644.000000	0.055936
643.000000	0.056161
642.000000	0.056357
641.000000	0.056499
640.000000	0.056555
639.000000	0.056534
638.000000	0.056507
637.000000	0.056554
636.000000	0.056691
635.000000	0.056882
634.000000	0.057111
633.000000	0.057378
632.000000	0.057658
631.000000	0.057911
630.000000	0.058146
629.000000	0.058386
628.000000	0.058578
627.000000	0.058632
626.000000	0.058553
625.000000	0.058466
624.000000	0.058482
623.000000	0.058613
622.000000	0.058824
621.000000	0.059075
620.000000	0.059272
619.000000	0.059289
618.000000	0.059117
617.000000	0.058918
616.000000	0.058877
615.000000	0.059018
614.000000	0.059224
613.000000	0.059366
612.000000	0.059365
611.000000	0.059198
610.000000	0.058935
609.000000	0.058711
608.000000	0.058603
607.000000	0.058529
606.000000	0.058338
605.000000	0.057997
604.000000	0.057655
603.000000	0.057513
602.000000	0.057625
601.000000	0.057823
600.000000	0.057867
599.000000	0.057684
598.000000	0.057456
597.000000	0.057423
596.000000	0.057622
595.000000	0.057888
594.000000	0.058071
593.000000	0.058158
592.000000	0.058188
591.000000	0.058177
590.000000	0.058163
589.000000	0.058215
588.000000	0.058325
587.000000	0.058379
586.000000	0.058319
585.000000	0.058258
584.000000	0.058361
583.000000	0.058646
582.000000	0.058996
581.000000	0.059328
580.000000	0.059649
579.000000	0.059967
578.000000	0.060227
577.000000	0.060364
576.000000	0.060383
575.000000	0.060362
574.000000	0.060364
573.000000	0.060345
572.000000	0.060194
571.000000	0.059916
570.000000	0.059717
569.000000	0.059792
568.000000	0.060056
567.000000	0.060240
566.000000	0.060258
565.000000	0.060298
564.000000	0.060527
563.000000	0.060867
562.000000	0.061147
561.000000	0.061327
560.000000	0.061442
559.000000	0.061468
558.000000	0.061411
557.000000	0.061408
556.000000	0.061567
555.000000	0.061763
554.000000	0.061746
553.000000	0.061457
552.000000	0.061095
551.000000	0.060894
550.000000	0.060913
549.000000	0.061029
548.000000	0.061048
547.000000	0.060884
546.000000	0.060693
545.000000	0.060772
544.000000	0.061210
543.000000	0.061728
542.000000	0.061964
541.000000	0.061865
540.000000	0.061664
539.000000	0.061543
538.000000	0.061474
537.000000	0.061431
536.000000	0.061555
535.000000	0.062001
534.000000	0.062678
533.000000	0.063246
532.000000	0.063420
531.000000	0.063254
530.000000	0.063123
529.000000	0.063367
528.000000	0.063940
527.000000	0.064452
526.000000	0.064576
525.000000	0.064378
524.000000	0.064158
523.000000	0.064079
522.000000	0.064054
521.000000	0.063901
520.000000	0.063504
519.000000	0.062898
518.000000	0.062301
517.000000	0.061972
516.000000	0.061929
515.000000	0.061902
514.000000	0.061665
513.000000	0.061329
512.000000	0.061203
511.000000	0.061432
510.000000	0.061883
509.000000	0.062342
508.000000	0.062685
507.000000	0.062842
506.000000	0.062791
505.000000	0.062595
504.000000	0.062318
503.000000	0.061900
502.000000	0.061255
501.000000	0.060540
500.000000	0.060128
499.000000	0.060217
498.000000	0.060574
497.000000	0.060756
496.000000	0.060573
495.000000	0.060257
494.000000	0.060155
493.000000	0.060311
492.000000	0.060444
491.000000	0.060300
490.000000	0.059942
489.000000	0.059610
488.000000	0.059377
487.000000	0.059086
486.000000	0.058627
485.000000	0.058191
484.000000	0.058147
483.000000	0.058644
482.000000	0.059406
481.000000	0.059988
480.000000	0.060185
479.000000	0.060167
478.000000	0.060244
477.000000	0.060514
476.000000	0.060795
475.000000	0.060912
474.000000	0.060957
473.000000	0.061148
472.000000	0.061456
471.000000	0.061546
470.000000	0.061098
469.000000	0.060076
468.000000	0.058761
467.000000	0.057742
466.000000	0.057653
465.000000	0.058595
464.000000	0.059864
463.000000	0.060442
462.000000	0.059946
461.000000	0.059025
460.000000	0.058623
459.000000	0.059019
458.000000	0.059631
457.000000	0.059703
456.000000	0.059183
455.000000	0.058683
454.000000	0.058706
453.000000	0.059090
452.000000	0.059100
451.000000	0.058224
450.000000	0.056861
449.000000	0.055970
448.000000	0.056047
447.000000	0.056610
446.000000	0.056767
445.000000	0.056191
444.000000	0.055368
443.000000	0.055041
442.000000	0.055488
441.000000	0.056295
440.000000	0.056843
439.000000	0.056881
438.000000	0.056611
437.000000	0.056232
436.000000	0.055543
435.000000	0.054238
434.000000	0.052529
433.000000	0.051144
432.000000	0.050654
431.000000	0.050988
430.000000	0.051569
429.000000	0.051889
428.000000	0.051868
427.000000	0.051794
426.000000	0.052049
425.000000	0.052666
424.000000	0.053108
423.000000	0.052820
422.000000	0.052096
421.000000	0.051908
420.000000	0.052666
419.000000	0.053248
418.000000	0.052052
417.000000	0.049385
416.000000	0.046857
415.000000	0.045530
414.000000	0.045636
413.000000	0.046741
412.000000	0.047993
411.000000	0.048661
410.000000	0.048842
409.000000	0.049461
408.000000	0.051029
407.000000	0.052704
406.000000	0.053114
405.000000	0.052089
404.000000	0.050820
403.000000	0.050338
402.000000	0.050492
401.000000	0.050175
400.000000	0.048349
