PE IR       SUBTECH     SPECTRUM    ASCII       PEDS        4.00        
   -1
BW outer post ssNMR WET 2 4_1_24.ASC
24/04/01
20:43:24.00
24/04/01
20:43:36.00
Yarger Lab
Sample 069 By YargerLab Date Monday, April 01 2024
400.000000
#HDR
-1
-1
#GR
cm-1
A
1.0
0.0
4500.000000
-1.000000
4101
8
0.279045
0.002489
#DATA
4500.000000	0.002580
4499.000000	0.002596
4498.000000	0.002597
4497.000000	0.002593
4496.000000	0.002600
4495.000000	0.002625
4494.000000	0.002655
4493.000000	0.002673
4492.000000	0.002664
4491.000000	0.002634
4490.000000	0.002595
4489.000000	0.002561
4488.000000	0.002537
4487.000000	0.002520
4486.000000	0.002504
4485.000000	0.002491
4484.000000	0.002489
4483.000000	0.002504
4482.000000	0.002538
4481.000000	0.002580
4480.000000	0.002622
4479.000000	0.002655
4478.000000	0.002676
4477.000000	0.002690
4476.000000	0.002704
4475.000000	0.002725
4474.000000	0.002755
4473.000000	0.002789
4472.000000	0.002819
4471.000000	0.002833
4470.000000	0.002825
4469.000000	0.002797
4468.000000	0.002763
4467.000000	0.002731
4466.000000	0.002701
4465.000000	0.002669
4464.000000	0.002632
4463.000000	0.002595
4462.000000	0.002567
4461.000000	0.002553
4460.000000	0.002550
4459.000000	0.002547
4458.000000	0.002537
4457.000000	0.002526
4456.000000	0.002527
4455.000000	0.002551
4454.000000	0.002597
4453.000000	0.002652
4452.000000	0.002701
4451.000000	0.002732
4450.000000	0.002740
4449.000000	0.002734
4448.000000	0.002725
4447.000000	0.002720
4446.000000	0.002718
4445.000000	0.002717
4444.000000	0.002721
4443.000000	0.002734
4442.000000	0.002758
4441.000000	0.002786
4440.000000	0.002811
4439.000000	0.002823
4438.000000	0.002819
4437.000000	0.002801
4436.000000	0.002779
4435.000000	0.002761
4434.000000	0.002744
4433.000000	0.002727
4432.000000	0.002710
4431.000000	0.002693
4430.000000	0.002679
4429.000000	0.002667
4428.000000	0.002660
4427.000000	0.002662
4426.000000	0.002672
4425.000000	0.002692
4424.000000	0.002723
4423.000000	0.002762
4422.000000	0.002802
4421.000000	0.002833
4420.000000	0.002848
4419.000000	0.002850
4418.000000	0.002845
4417.000000	0.002842
4416.000000	0.002849
4415.000000	0.002859
4414.000000	0.002862
4413.000000	0.002848
4412.000000	0.002819
4411.000000	0.002786
4410.000000	0.002758
4409.000000	0.002741
4408.000000	0.002740
4407.000000	0.002754
4406.000000	0.002776
4405.000000	0.002796
4404.000000	0.002808
4403.000000	0.002812
4402.000000	0.002821
4401.000000	0.002841
4400.000000	0.002869
4399.000000	0.002888
4398.000000	0.002879
4397.000000	0.002840
4396.000000	0.002789
4395.000000	0.002751
4394.000000	0.002738
4393.000000	0.002742
4392.000000	0.002750
4391.000000	0.002755
4390.000000	0.002757
4389.000000	0.002763
4388.000000	0.002779
4387.000000	0.002804
4386.000000	0.002831
4385.000000	0.002852
4384.000000	0.002862
4383.000000	0.002862
4382.000000	0.002856
4381.000000	0.002849
4380.000000	0.002849
4379.000000	0.002858
4378.000000	0.002872
4377.000000	0.002881
4376.000000	0.002880
4375.000000	0.002871
4374.000000	0.002863
4373.000000	0.002865
4372.000000	0.002878
4371.000000	0.002898
4370.000000	0.002911
4369.000000	0.002913
4368.000000	0.002908
4367.000000	0.002901
4366.000000	0.002894
4365.000000	0.002884
4364.000000	0.002868
4363.000000	0.002852
4362.000000	0.002847
4361.000000	0.002862
4360.000000	0.002891
4359.000000	0.002918
4358.000000	0.002928
4357.000000	0.002914
4356.000000	0.002884
4355.000000	0.002855
4354.000000	0.002836
4353.000000	0.002829
4352.000000	0.002838
4351.000000	0.002864
4350.000000	0.002901
4349.000000	0.002938
4348.000000	0.002964
4347.000000	0.002974
4346.000000	0.002973
4345.000000	0.002968
4344.000000	0.002960
4343.000000	0.002950
4342.000000	0.002935
4341.000000	0.002917
4340.000000	0.002897
4339.000000	0.002878
4338.000000	0.002860
4337.000000	0.002843
4336.000000	0.002826
4335.000000	0.002815
4334.000000	0.002813
4333.000000	0.002824
4332.000000	0.002851
4331.000000	0.002886
4330.000000	0.002914
4329.000000	0.002924
4328.000000	0.002916
4327.000000	0.002898
4326.000000	0.002878
4325.000000	0.002856
4324.000000	0.002828
4323.000000	0.002794
4322.000000	0.002760
4321.000000	0.002740
4320.000000	0.002745
4319.000000	0.002771
4318.000000	0.002805
4317.000000	0.002833
4316.000000	0.002851
4315.000000	0.002867
4314.000000	0.002888
4313.000000	0.002912
4312.000000	0.002931
4311.000000	0.002938
4310.000000	0.002934
4309.000000	0.002927
4308.000000	0.002924
4307.000000	0.002923
4306.000000	0.002917
4305.000000	0.002904
4304.000000	0.002890
4303.000000	0.002886
4302.000000	0.002893
4301.000000	0.002902
4300.000000	0.002901
4299.000000	0.002883
4298.000000	0.002852
4297.000000	0.002820
4296.000000	0.002796
4295.000000	0.002783
4294.000000	0.002778
4293.000000	0.002780
4292.000000	0.002790
4291.000000	0.002811
4290.000000	0.002838
4289.000000	0.002863
4288.000000	0.002879
4287.000000	0.002882
4286.000000	0.002874
4285.000000	0.002861
4284.000000	0.002851
4283.000000	0.002854
4282.000000	0.002872
4281.000000	0.002900
4280.000000	0.002925
4279.000000	0.002939
4278.000000	0.002936
4277.000000	0.002925
4276.000000	0.002913
4275.000000	0.002909
4274.000000	0.002911
4273.000000	0.002911
4272.000000	0.002902
4271.000000	0.002885
4270.000000	0.002862
4269.000000	0.002843
4268.000000	0.002834
4267.000000	0.002837
4266.000000	0.002851
4265.000000	0.002871
4264.000000	0.002894
4263.000000	0.002915
4262.000000	0.002931
4261.000000	0.002936
4260.000000	0.002934
4259.000000	0.002932
4258.000000	0.002940
4257.000000	0.002960
4256.000000	0.002988
4255.000000	0.003013
4254.000000	0.003023
4253.000000	0.003016
4252.000000	0.002996
4251.000000	0.002974
4250.000000	0.002961
4249.000000	0.002964
4248.000000	0.002983
4247.000000	0.003008
4246.000000	0.003024
4245.000000	0.003020
4244.000000	0.002992
4243.000000	0.002952
4242.000000	0.002917
4241.000000	0.002898
4240.000000	0.002899
4239.000000	0.002910
4238.000000	0.002919
4237.000000	0.002910
4236.000000	0.002881
4235.000000	0.002844
4234.000000	0.002822
4233.000000	0.002833
4232.000000	0.002876
4231.000000	0.002929
4230.000000	0.002967
4229.000000	0.002978
4228.000000	0.002969
4227.000000	0.002953
4226.000000	0.002937
4225.000000	0.002913
4224.000000	0.002872
4223.000000	0.002818
4222.000000	0.002767
4221.000000	0.002743
4220.000000	0.002755
4219.000000	0.002795
4218.000000	0.002844
4217.000000	0.002883
4216.000000	0.002907
4215.000000	0.002927
4214.000000	0.002950
4213.000000	0.002975
4212.000000	0.002996
4211.000000	0.003005
4210.000000	0.003005
4209.000000	0.002999
4208.000000	0.002992
4207.000000	0.002981
4206.000000	0.002963
4205.000000	0.002936
4204.000000	0.002908
4203.000000	0.002889
4202.000000	0.002887
4201.000000	0.002901
4200.000000	0.002926
4199.000000	0.002955
4198.000000	0.002987
4197.000000	0.003022
4196.000000	0.003057
4195.000000	0.003084
4194.000000	0.003098
4193.000000	0.003099
4192.000000	0.003092
4191.000000	0.003079
4190.000000	0.003059
4189.000000	0.003031
4188.000000	0.002994
4187.000000	0.002959
4186.000000	0.002935
4185.000000	0.002928
4184.000000	0.002940
4183.000000	0.002966
4182.000000	0.002996
4181.000000	0.003020
4180.000000	0.003030
4179.000000	0.003024
4178.000000	0.003006
4177.000000	0.002986
4176.000000	0.002975
4175.000000	0.002985
4174.000000	0.003013
4173.000000	0.003046
4172.000000	0.003067
4171.000000	0.003067
4170.000000	0.003054
4169.000000	0.003045
4168.000000	0.003051
4167.000000	0.003066
4166.000000	0.003075
4165.000000	0.003070
4164.000000	0.003053
4163.000000	0.003037
4162.000000	0.003034
4161.000000	0.003048
4160.000000	0.003079
4159.000000	0.003118
4158.000000	0.003153
4157.000000	0.003174
4156.000000	0.003177
4155.000000	0.003168
4154.000000	0.003154
4153.000000	0.003144
4152.000000	0.003136
4151.000000	0.003128
4150.000000	0.003116
4149.000000	0.003100
4148.000000	0.003081
4147.000000	0.003062
4146.000000	0.003042
4145.000000	0.003025
4144.000000	0.003014
4143.000000	0.003009
4142.000000	0.003004
4141.000000	0.002998
4140.000000	0.002997
4139.000000	0.003009
4138.000000	0.003036
4137.000000	0.003071
4136.000000	0.003105
4135.000000	0.003132
4134.000000	0.003151
4133.000000	0.003160
4132.000000	0.003160
4131.000000	0.003153
4130.000000	0.003143
4129.000000	0.003133
4128.000000	0.003119
4127.000000	0.003101
4126.000000	0.003088
4125.000000	0.003089
4124.000000	0.003109
4123.000000	0.003134
4122.000000	0.003144
4121.000000	0.003132
4120.000000	0.003107
4119.000000	0.003092
4118.000000	0.003102
4117.000000	0.003133
4116.000000	0.003168
4115.000000	0.003188
4114.000000	0.003188
4113.000000	0.003183
4112.000000	0.003191
4111.000000	0.003220
4110.000000	0.003262
4109.000000	0.003296
4108.000000	0.003304
4107.000000	0.003281
4106.000000	0.003238
4105.000000	0.003192
4104.000000	0.003161
4103.000000	0.003153
4102.000000	0.003164
4101.000000	0.003183
4100.000000	0.003204
4099.000000	0.003221
4098.000000	0.003231
4097.000000	0.003236
4096.000000	0.003239
4095.000000	0.003251
4094.000000	0.003281
4093.000000	0.003329
4092.000000	0.003378
4091.000000	0.003412
4090.000000	0.003424
4089.000000	0.003424
4088.000000	0.003423
4087.000000	0.003421
4086.000000	0.003407
4085.000000	0.003373
4084.000000	0.003325
4083.000000	0.003278
4082.000000	0.003248
4081.000000	0.003243
4080.000000	0.003266
4079.000000	0.003313
4078.000000	0.003374
4077.000000	0.003429
4076.000000	0.003458
4075.000000	0.003453
4074.000000	0.003421
4073.000000	0.003380
4072.000000	0.003350
4071.000000	0.003341
4070.000000	0.003348
4069.000000	0.003358
4068.000000	0.003358
4067.000000	0.003343
4066.000000	0.003321
4065.000000	0.003306
4064.000000	0.003311
4063.000000	0.003336
4062.000000	0.003369
4061.000000	0.003398
4060.000000	0.003417
4059.000000	0.003430
4058.000000	0.003441
4057.000000	0.003447
4056.000000	0.003440
4055.000000	0.003419
4054.000000	0.003390
4053.000000	0.003367
4052.000000	0.003358
4051.000000	0.003359
4050.000000	0.003363
4049.000000	0.003371
4048.000000	0.003388
4047.000000	0.003419
4046.000000	0.003454
4045.000000	0.003478
4044.000000	0.003477
4043.000000	0.003456
4042.000000	0.003426
4041.000000	0.003401
4040.000000	0.003387
4039.000000	0.003380
4038.000000	0.003380
4037.000000	0.003389
4036.000000	0.003410
4035.000000	0.003443
4034.000000	0.003479
4033.000000	0.003500
4032.000000	0.003496
4031.000000	0.003473
4030.000000	0.003448
4029.000000	0.003440
4028.000000	0.003454
4027.000000	0.003482
4026.000000	0.003513
4025.000000	0.003540
4024.000000	0.003560
4023.000000	0.003572
4022.000000	0.003572
4021.000000	0.003556
4020.000000	0.003524
4019.000000	0.003483
4018.000000	0.003446
4017.000000	0.003427
4016.000000	0.003432
4015.000000	0.003452
4014.000000	0.003474
4013.000000	0.003486
4012.000000	0.003486
4011.000000	0.003475
4010.000000	0.003456
4009.000000	0.003437
4008.000000	0.003428
4007.000000	0.003440
4006.000000	0.003473
4005.000000	0.003518
4004.000000	0.003555
4003.000000	0.003574
4002.000000	0.003573
4001.000000	0.003563
4000.000000	0.003555
3999.000000	0.003551
3998.000000	0.003547
3997.000000	0.003534
3996.000000	0.003510
3995.000000	0.003485
3994.000000	0.003470
3993.000000	0.003471
3992.000000	0.003484
3991.000000	0.003500
3990.000000	0.003506
3989.000000	0.003497
3988.000000	0.003474
3987.000000	0.003451
3986.000000	0.003441
3985.000000	0.003454
3984.000000	0.003483
3983.000000	0.003520
3982.000000	0.003554
3981.000000	0.003586
3980.000000	0.003615
3979.000000	0.003636
3978.000000	0.003639
3977.000000	0.003619
3976.000000	0.003584
3975.000000	0.003549
3974.000000	0.003529
3973.000000	0.003524
3972.000000	0.003525
3971.000000	0.003525
3970.000000	0.003527
3969.000000	0.003539
3968.000000	0.003562
3967.000000	0.003586
3966.000000	0.003592
3965.000000	0.003575
3964.000000	0.003545
3963.000000	0.003522
3962.000000	0.003516
3961.000000	0.003523
3960.000000	0.003535
3959.000000	0.003546
3958.000000	0.003555
3957.000000	0.003559
3956.000000	0.003553
3955.000000	0.003535
3954.000000	0.003508
3953.000000	0.003481
3952.000000	0.003463
3951.000000	0.003456
3950.000000	0.003460
3949.000000	0.003469
3948.000000	0.003479
3947.000000	0.003489
3946.000000	0.003501
3945.000000	0.003515
3944.000000	0.003528
3943.000000	0.003540
3942.000000	0.003548
3941.000000	0.003553
3940.000000	0.003550
3939.000000	0.003544
3938.000000	0.003542
3937.000000	0.003556
3936.000000	0.003586
3935.000000	0.003620
3934.000000	0.003641
3933.000000	0.003642
3932.000000	0.003632
3931.000000	0.003626
3930.000000	0.003630
3929.000000	0.003634
3928.000000	0.003617
3927.000000	0.003571
3926.000000	0.003506
3925.000000	0.003456
3924.000000	0.003453
3923.000000	0.003500
3922.000000	0.003570
3921.000000	0.003631
3920.000000	0.003665
3919.000000	0.003672
3918.000000	0.003661
3917.000000	0.003645
3916.000000	0.003630
3915.000000	0.003622
3914.000000	0.003618
3913.000000	0.003616
3912.000000	0.003614
3911.000000	0.003618
3910.000000	0.003633
3909.000000	0.003658
3908.000000	0.003683
3907.000000	0.003700
3906.000000	0.003706
3905.000000	0.003711
3904.000000	0.003729
3903.000000	0.003765
3902.000000	0.003800
3901.000000	0.003810
3900.000000	0.003784
3899.000000	0.003742
3898.000000	0.003713
3897.000000	0.003714
3896.000000	0.003741
3895.000000	0.003782
3894.000000	0.003817
3893.000000	0.003828
3892.000000	0.003815
3891.000000	0.003801
3890.000000	0.003805
3889.000000	0.003820
3888.000000	0.003822
3887.000000	0.003800
3886.000000	0.003765
3885.000000	0.003747
3884.000000	0.003758
3883.000000	0.003777
3882.000000	0.003773
3881.000000	0.003743
3880.000000	0.003721
3879.000000	0.003741
3878.000000	0.003799
3877.000000	0.003863
3876.000000	0.003903
3875.000000	0.003911
3874.000000	0.003899
3873.000000	0.003885
3872.000000	0.003867
3871.000000	0.003833
3870.000000	0.003795
3869.000000	0.003787
3868.000000	0.003817
3867.000000	0.003850
3866.000000	0.003853
3865.000000	0.003819
3864.000000	0.003776
3863.000000	0.003761
3862.000000	0.003787
3861.000000	0.003837
3860.000000	0.003884
3859.000000	0.003910
3858.000000	0.003913
3857.000000	0.003905
3856.000000	0.003898
3855.000000	0.003881
3854.000000	0.003833
3853.000000	0.003779
3852.000000	0.003770
3851.000000	0.003788
3850.000000	0.003796
3849.000000	0.003798
3848.000000	0.003809
3847.000000	0.003837
3846.000000	0.003874
3845.000000	0.003907
3844.000000	0.003925
3843.000000	0.003931
3842.000000	0.003932
3841.000000	0.003930
3840.000000	0.003924
3839.000000	0.003917
3838.000000	0.003916
3837.000000	0.003923
3836.000000	0.003925
3835.000000	0.003912
3834.000000	0.003889
3833.000000	0.003875
3832.000000	0.003885
3831.000000	0.003918
3830.000000	0.003956
3829.000000	0.003979
3828.000000	0.003980
3827.000000	0.003975
3826.000000	0.003986
3825.000000	0.004017
3824.000000	0.004046
3823.000000	0.004043
3822.000000	0.003995
3821.000000	0.003940
3820.000000	0.003937
3819.000000	0.003977
3818.000000	0.004000
3817.000000	0.003965
3816.000000	0.003885
3815.000000	0.003817
3814.000000	0.003793
3813.000000	0.003802
3812.000000	0.003822
3811.000000	0.003843
3810.000000	0.003863
3809.000000	0.003875
3808.000000	0.003871
3807.000000	0.003863
3806.000000	0.003873
3805.000000	0.003907
3804.000000	0.003938
3803.000000	0.003934
3802.000000	0.003889
3801.000000	0.003841
3800.000000	0.003831
3799.000000	0.003839
3798.000000	0.003829
3797.000000	0.003793
3796.000000	0.003751
3795.000000	0.003728
3794.000000	0.003735
3793.000000	0.003762
3792.000000	0.003800
3791.000000	0.003836
3790.000000	0.003866
3789.000000	0.003885
3788.000000	0.003895
3787.000000	0.003888
3786.000000	0.003862
3785.000000	0.003820
3784.000000	0.003781
3783.000000	0.003763
3782.000000	0.003772
3781.000000	0.003794
3780.000000	0.003811
3779.000000	0.003814
3778.000000	0.003809
3777.000000	0.003805
3776.000000	0.003811
3775.000000	0.003838
3774.000000	0.003888
3773.000000	0.003947
3772.000000	0.003986
3771.000000	0.003983
3770.000000	0.003952
3769.000000	0.003929
3768.000000	0.003929
3767.000000	0.003939
3766.000000	0.003941
3765.000000	0.003937
3764.000000	0.003938
3763.000000	0.003944
3762.000000	0.003943
3761.000000	0.003922
3760.000000	0.003881
3759.000000	0.003836
3758.000000	0.003806
3757.000000	0.003800
3756.000000	0.003815
3755.000000	0.003847
3754.000000	0.003897
3753.000000	0.003963
3752.000000	0.004026
3751.000000	0.004071
3750.000000	0.004098
3749.000000	0.004114
3748.000000	0.004115
3747.000000	0.004101
3746.000000	0.004079
3745.000000	0.004051
3744.000000	0.004032
3743.000000	0.004032
3742.000000	0.004032
3741.000000	0.004020
3740.000000	0.004011
3739.000000	0.004023
3738.000000	0.004062
3737.000000	0.004108
3736.000000	0.004125
3735.000000	0.004097
3734.000000	0.004055
3733.000000	0.004040
3732.000000	0.004069
3731.000000	0.004122
3730.000000	0.004162
3729.000000	0.004165
3728.000000	0.004132
3727.000000	0.004083
3726.000000	0.004044
3725.000000	0.004027
3724.000000	0.004028
3723.000000	0.004042
3722.000000	0.004063
3721.000000	0.004082
3720.000000	0.004087
3719.000000	0.004082
3718.000000	0.004084
3717.000000	0.004112
3716.000000	0.004163
3715.000000	0.004223
3714.000000	0.004280
3713.000000	0.004331
3712.000000	0.004382
3711.000000	0.004441
3710.000000	0.004504
3709.000000	0.004548
3708.000000	0.004560
3707.000000	0.004551
3706.000000	0.004543
3705.000000	0.004538
3704.000000	0.004525
3703.000000	0.004499
3702.000000	0.004477
3701.000000	0.004491
3700.000000	0.004549
3699.000000	0.004625
3698.000000	0.004683
3697.000000	0.004713
3696.000000	0.004725
3695.000000	0.004747
3694.000000	0.004798
3693.000000	0.004867
3692.000000	0.004921
3691.000000	0.004933
3690.000000	0.004920
3689.000000	0.004938
3688.000000	0.005022
3687.000000	0.005145
3686.000000	0.005264
3685.000000	0.005362
3684.000000	0.005445
3683.000000	0.005520
3682.000000	0.005589
3681.000000	0.005651
3680.000000	0.005713
3679.000000	0.005787
3678.000000	0.005884
3677.000000	0.005996
3676.000000	0.006108
3675.000000	0.006227
3674.000000	0.006361
3673.000000	0.006487
3672.000000	0.006594
3671.000000	0.006697
3670.000000	0.006813
3669.000000	0.006946
3668.000000	0.007076
3667.000000	0.007178
3666.000000	0.007256
3665.000000	0.007329
3664.000000	0.007412
3663.000000	0.007507
3662.000000	0.007617
3661.000000	0.007742
3660.000000	0.007888
3659.000000	0.008058
3658.000000	0.008245
3657.000000	0.008424
3656.000000	0.008570
3655.000000	0.008677
3654.000000	0.008765
3653.000000	0.008867
3652.000000	0.009012
3651.000000	0.009215
3650.000000	0.009461
3649.000000	0.009721
3648.000000	0.009963
3647.000000	0.010156
3646.000000	0.010297
3645.000000	0.010398
3644.000000	0.010476
3643.000000	0.010546
3642.000000	0.010624
3641.000000	0.010730
3640.000000	0.010869
3639.000000	0.011030
3638.000000	0.011199
3637.000000	0.011372
3636.000000	0.011551
3635.000000	0.011731
3634.000000	0.011898
3633.000000	0.012049
3632.000000	0.012212
3631.000000	0.012444
3630.000000	0.012772
3629.000000	0.013138
3628.000000	0.013434
3627.000000	0.013600
3626.000000	0.013658
3625.000000	0.013678
3624.000000	0.013714
3623.000000	0.013787
3622.000000	0.013902
3621.000000	0.014069
3620.000000	0.014294
3619.000000	0.014563
3618.000000	0.014837
3617.000000	0.015075
3616.000000	0.015258
3615.000000	0.015408
3614.000000	0.015558
3613.000000	0.015730
3612.000000	0.015920
3611.000000	0.016123
3610.000000	0.016349
3609.000000	0.016610
3608.000000	0.016882
3607.000000	0.017124
3606.000000	0.017307
3605.000000	0.017441
3604.000000	0.017561
3603.000000	0.017700
3602.000000	0.017873
3601.000000	0.018067
3600.000000	0.018259
3599.000000	0.018440
3598.000000	0.018621
3597.000000	0.018824
3596.000000	0.019055
3595.000000	0.019300
3594.000000	0.019534
3593.000000	0.019735
3592.000000	0.019903
3591.000000	0.020061
3590.000000	0.020247
3589.000000	0.020490
3588.000000	0.020786
3587.000000	0.021100
3586.000000	0.021398
3585.000000	0.021657
3584.000000	0.021881
3583.000000	0.022085
3582.000000	0.022283
3581.000000	0.022481
3580.000000	0.022680
3579.000000	0.022887
3578.000000	0.023107
3577.000000	0.023344
3576.000000	0.023589
3575.000000	0.023838
3574.000000	0.024086
3573.000000	0.024326
3572.000000	0.024543
3571.000000	0.024746
3570.000000	0.024972
3569.000000	0.025267
3568.000000	0.025642
3567.000000	0.026050
3566.000000	0.026416
3565.000000	0.026692
3564.000000	0.026879
3563.000000	0.027029
3562.000000	0.027201
3561.000000	0.027426
3560.000000	0.027694
3559.000000	0.027969
3558.000000	0.028222
3557.000000	0.028450
3556.000000	0.028668
3555.000000	0.028904
3554.000000	0.029180
3553.000000	0.029498
3552.000000	0.029833
3551.000000	0.030149
3550.000000	0.030429
3549.000000	0.030687
3548.000000	0.030954
3547.000000	0.031254
3546.000000	0.031589
3545.000000	0.031936
3544.000000	0.032262
3543.000000	0.032546
3542.000000	0.032794
3541.000000	0.033029
3540.000000	0.033276
3539.000000	0.033547
3538.000000	0.033847
3537.000000	0.034165
3536.000000	0.034481
3535.000000	0.034767
3534.000000	0.035017
3533.000000	0.035246
3532.000000	0.035490
3531.000000	0.035777
3530.000000	0.036117
3529.000000	0.036486
3528.000000	0.036845
3527.000000	0.037168
3526.000000	0.037458
3525.000000	0.037739
3524.000000	0.038033
3523.000000	0.038344
3522.000000	0.038662
3521.000000	0.038974
3520.000000	0.039270
3519.000000	0.039557
3518.000000	0.039853
3517.000000	0.040172
3516.000000	0.040508
3515.000000	0.040841
3514.000000	0.041153
3513.000000	0.041435
3512.000000	0.041694
3511.000000	0.041951
3510.000000	0.042224
3509.000000	0.042514
3508.000000	0.042811
3507.000000	0.043109
3506.000000	0.043419
3505.000000	0.043756
3504.000000	0.044114
3503.000000	0.044467
3502.000000	0.044788
3501.000000	0.045071
3500.000000	0.045334
3499.000000	0.045603
3498.000000	0.045897
3497.000000	0.046214
3496.000000	0.046535
3495.000000	0.046841
3494.000000	0.047127
3493.000000	0.047397
3492.000000	0.047659
3491.000000	0.047921
3490.000000	0.048200
3489.000000	0.048506
3488.000000	0.048831
3487.000000	0.049151
3486.000000	0.049453
3485.000000	0.049738
3484.000000	0.050016
3483.000000	0.050296
3482.000000	0.050581
3481.000000	0.050866
3480.000000	0.051137
3479.000000	0.051390
3478.000000	0.051635
3477.000000	0.051893
3476.000000	0.052169
3475.000000	0.052454
3474.000000	0.052728
3473.000000	0.052985
3472.000000	0.053234
3471.000000	0.053500
3470.000000	0.053800
3469.000000	0.054124
3468.000000	0.054440
3467.000000	0.054711
3466.000000	0.054935
3465.000000	0.055141
3464.000000	0.055369
3463.000000	0.055641
3462.000000	0.055948
3461.000000	0.056258
3460.000000	0.056540
3459.000000	0.056785
3458.000000	0.057008
3457.000000	0.057223
3456.000000	0.057436
3455.000000	0.057647
3454.000000	0.057861
3453.000000	0.058088
3452.000000	0.058320
3451.000000	0.058545
3450.000000	0.058761
3449.000000	0.058983
3448.000000	0.059222
3447.000000	0.059465
3446.000000	0.059686
3445.000000	0.059872
3444.000000	0.060044
3443.000000	0.060232
3442.000000	0.060451
3441.000000	0.060690
3440.000000	0.060935
3439.000000	0.061180
3438.000000	0.061422
3437.000000	0.061656
3436.000000	0.061868
3435.000000	0.062058
3434.000000	0.062239
3433.000000	0.062423
3432.000000	0.062612
3431.000000	0.062797
3430.000000	0.062971
3429.000000	0.063129
3428.000000	0.063268
3427.000000	0.063398
3426.000000	0.063532
3425.000000	0.063681
3424.000000	0.063842
3423.000000	0.064007
3422.000000	0.064175
3421.000000	0.064343
3420.000000	0.064504
3419.000000	0.064648
3418.000000	0.064773
3417.000000	0.064888
3416.000000	0.065005
3415.000000	0.065134
3414.000000	0.065274
3413.000000	0.065418
3412.000000	0.065558
3411.000000	0.065686
3410.000000	0.065794
3409.000000	0.065879
3408.000000	0.065952
3407.000000	0.066036
3406.000000	0.066150
3405.000000	0.066296
3404.000000	0.066458
3403.000000	0.066618
3402.000000	0.066759
3401.000000	0.066872
3400.000000	0.066953
3399.000000	0.067007
3398.000000	0.067047
3397.000000	0.067082
3396.000000	0.067114
3395.000000	0.067154
3394.000000	0.067217
3393.000000	0.067304
3392.000000	0.067401
3391.000000	0.067485
3390.000000	0.067541
3389.000000	0.067563
3388.000000	0.067558
3387.000000	0.067542
3386.000000	0.067545
3385.000000	0.067584
3384.000000	0.067650
3383.000000	0.067717
3382.000000	0.067766
3381.000000	0.067794
3380.000000	0.067817
3379.000000	0.067851
3378.000000	0.067898
3377.000000	0.067945
3376.000000	0.067979
3375.000000	0.068003
3374.000000	0.068032
3373.000000	0.068071
3372.000000	0.068103
3371.000000	0.068104
3370.000000	0.068076
3369.000000	0.068041
3368.000000	0.068028
3367.000000	0.068048
3366.000000	0.068091
3365.000000	0.068129
3364.000000	0.068138
3363.000000	0.068120
3362.000000	0.068099
3361.000000	0.068098
3360.000000	0.068125
3359.000000	0.068173
3358.000000	0.068225
3357.000000	0.068267
3356.000000	0.068295
3355.000000	0.068312
3354.000000	0.068332
3353.000000	0.068355
3352.000000	0.068377
3351.000000	0.068397
3350.000000	0.068423
3349.000000	0.068458
3348.000000	0.068491
3347.000000	0.068508
3346.000000	0.068512
3345.000000	0.068519
3344.000000	0.068547
3343.000000	0.068596
3342.000000	0.068652
3341.000000	0.068694
3340.000000	0.068716
3339.000000	0.068731
3338.000000	0.068763
3337.000000	0.068826
3336.000000	0.068915
3335.000000	0.069010
3334.000000	0.069092
3333.000000	0.069152
3332.000000	0.069195
3331.000000	0.069240
3330.000000	0.069305
3329.000000	0.069393
3328.000000	0.069489
3327.000000	0.069583
3326.000000	0.069672
3325.000000	0.069758
3324.000000	0.069845
3323.000000	0.069946
3322.000000	0.070078
3321.000000	0.070245
3320.000000	0.070421
3319.000000	0.070575
3318.000000	0.070694
3317.000000	0.070790
3316.000000	0.070879
3315.000000	0.070968
3314.000000	0.071057
3313.000000	0.071136
3312.000000	0.071197
3311.000000	0.071248
3310.000000	0.071305
3309.000000	0.071381
3308.000000	0.071476
3307.000000	0.071587
3306.000000	0.071718
3305.000000	0.071870
3304.000000	0.072032
3303.000000	0.072186
3302.000000	0.072317
3301.000000	0.072418
3300.000000	0.072486
3299.000000	0.072530
3298.000000	0.072567
3297.000000	0.072608
3296.000000	0.072647
3295.000000	0.072669
3294.000000	0.072677
3293.000000	0.072687
3292.000000	0.072710
3291.000000	0.072739
3290.000000	0.072754
3289.000000	0.072740
3288.000000	0.072695
3287.000000	0.072623
3286.000000	0.072519
3285.000000	0.072374
3284.000000	0.072178
3283.000000	0.071939
3282.000000	0.071671
3281.000000	0.071384
3280.000000	0.071075
3279.000000	0.070734
3278.000000	0.070356
3277.000000	0.069934
3276.000000	0.069466
3275.000000	0.068958
3274.000000	0.068426
3273.000000	0.067887
3272.000000	0.067348
3271.000000	0.066820
3270.000000	0.066310
3269.000000	0.065817
3268.000000	0.065319
3267.000000	0.064790
3266.000000	0.064219
3265.000000	0.063608
3264.000000	0.062963
3263.000000	0.062294
3262.000000	0.061612
3261.000000	0.060924
3260.000000	0.060226
3259.000000	0.059518
3258.000000	0.058821
3257.000000	0.058165
3256.000000	0.057568
3255.000000	0.057017
3254.000000	0.056484
3253.000000	0.055942
3252.000000	0.055371
3251.000000	0.054760
3250.000000	0.054115
3249.000000	0.053462
3248.000000	0.052844
3247.000000	0.052301
3246.000000	0.051847
3245.000000	0.051456
3244.000000	0.051083
3243.000000	0.050695
3242.000000	0.050278
3241.000000	0.049837
3240.000000	0.049370
3239.000000	0.048876
3238.000000	0.048357
3237.000000	0.047820
3236.000000	0.047282
3235.000000	0.046774
3234.000000	0.046329
3233.000000	0.045954
3232.000000	0.045616
3231.000000	0.045275
3230.000000	0.044914
3229.000000	0.044547
3228.000000	0.044194
3227.000000	0.043861
3226.000000	0.043538
3225.000000	0.043210
3224.000000	0.042864
3223.000000	0.042491
3222.000000	0.042090
3221.000000	0.041673
3220.000000	0.041260
3219.000000	0.040873
3218.000000	0.040520
3217.000000	0.040194
3216.000000	0.039875
3215.000000	0.039552
3214.000000	0.039225
3213.000000	0.038892
3212.000000	0.038549
3211.000000	0.038201
3210.000000	0.037860
3209.000000	0.037534
3208.000000	0.037212
3207.000000	0.036879
3206.000000	0.036540
3205.000000	0.036213
3204.000000	0.035907
3203.000000	0.035615
3202.000000	0.035320
3201.000000	0.035008
3200.000000	0.034677
3199.000000	0.034344
3198.000000	0.034024
3197.000000	0.033719
3196.000000	0.033412
3195.000000	0.033095
3194.000000	0.032788
3193.000000	0.032517
3192.000000	0.032281
3191.000000	0.032054
3190.000000	0.031814
3189.000000	0.031556
3188.000000	0.031289
3187.000000	0.031021
3186.000000	0.030754
3185.000000	0.030490
3184.000000	0.030228
3183.000000	0.029962
3182.000000	0.029693
3181.000000	0.029425
3180.000000	0.029162
3179.000000	0.028907
3178.000000	0.028664
3177.000000	0.028433
3176.000000	0.028209
3175.000000	0.027988
3174.000000	0.027769
3173.000000	0.027555
3172.000000	0.027339
3171.000000	0.027115
3170.000000	0.026881
3169.000000	0.026643
3168.000000	0.026407
3167.000000	0.026174
3166.000000	0.025943
3165.000000	0.025714
3164.000000	0.025489
3163.000000	0.025274
3162.000000	0.025072
3161.000000	0.024878
3160.000000	0.024683
3159.000000	0.024492
3158.000000	0.024314
3157.000000	0.024147
3156.000000	0.023969
3155.000000	0.023762
3154.000000	0.023539
3153.000000	0.023336
3152.000000	0.023176
3151.000000	0.023050
3150.000000	0.022931
3149.000000	0.022797
3148.000000	0.022648
3147.000000	0.022498
3146.000000	0.022362
3145.000000	0.022240
3144.000000	0.022108
3143.000000	0.021943
3142.000000	0.021749
3141.000000	0.021557
3140.000000	0.021403
3139.000000	0.021302
3138.000000	0.021241
3137.000000	0.021189
3136.000000	0.021116
3135.000000	0.021008
3134.000000	0.020878
3133.000000	0.020747
3132.000000	0.020625
3131.000000	0.020511
3130.000000	0.020407
3129.000000	0.020317
3128.000000	0.020244
3127.000000	0.020175
3126.000000	0.020095
3125.000000	0.019986
3124.000000	0.019847
3123.000000	0.019691
3122.000000	0.019546
3121.000000	0.019427
3120.000000	0.019327
3119.000000	0.019230
3118.000000	0.019134
3117.000000	0.019059
3116.000000	0.019027
3115.000000	0.019039
3114.000000	0.019074
3113.000000	0.019099
3112.000000	0.019087
3111.000000	0.019037
3110.000000	0.018970
3109.000000	0.018907
3108.000000	0.018856
3107.000000	0.018815
3106.000000	0.018786
3105.000000	0.018769
3104.000000	0.018747
3103.000000	0.018701
3102.000000	0.018629
3101.000000	0.018555
3100.000000	0.018512
3099.000000	0.018510
3098.000000	0.018536
3097.000000	0.018561
3096.000000	0.018558
3095.000000	0.018515
3094.000000	0.018443
3093.000000	0.018369
3092.000000	0.018318
3091.000000	0.018300
3090.000000	0.018302
3089.000000	0.018292
3088.000000	0.018246
3087.000000	0.018163
3086.000000	0.018076
3085.000000	0.018016
3084.000000	0.017982
3083.000000	0.017943
3082.000000	0.017873
3081.000000	0.017777
3080.000000	0.017693
3079.000000	0.017658
3078.000000	0.017678
3077.000000	0.017723
3076.000000	0.017754
3075.000000	0.017749
3074.000000	0.017711
3073.000000	0.017652
3072.000000	0.017575
3071.000000	0.017474
3070.000000	0.017351
3069.000000	0.017229
3068.000000	0.017136
3067.000000	0.017087
3066.000000	0.017071
3065.000000	0.017056
3064.000000	0.017017
3063.000000	0.016947
3062.000000	0.016862
3061.000000	0.016768
3060.000000	0.016659
3059.000000	0.016529
3058.000000	0.016384
3057.000000	0.016244
3056.000000	0.016120
3055.000000	0.016010
3054.000000	0.015906
3053.000000	0.015796
3052.000000	0.015677
3051.000000	0.015559
3050.000000	0.015457
3049.000000	0.015375
3048.000000	0.015296
3047.000000	0.015200
3046.000000	0.015080
3045.000000	0.014949
3044.000000	0.014817
3043.000000	0.014699
3042.000000	0.014617
3041.000000	0.014580
3040.000000	0.014571
3039.000000	0.014553
3038.000000	0.014497
3037.000000	0.014404
3036.000000	0.014297
3035.000000	0.014201
3034.000000	0.014130
3033.000000	0.014089
3032.000000	0.014069
3031.000000	0.014055
3030.000000	0.014034
3029.000000	0.013991
3028.000000	0.013920
3027.000000	0.013823
3026.000000	0.013722
3025.000000	0.013642
3024.000000	0.013589
3023.000000	0.013548
3022.000000	0.013502
3021.000000	0.013446
3020.000000	0.013388
3019.000000	0.013338
3018.000000	0.013300
3017.000000	0.013271
3016.000000	0.013247
3015.000000	0.013234
3014.000000	0.013253
3013.000000	0.013315
3012.000000	0.013413
3011.000000	0.013526
3010.000000	0.013641
3009.000000	0.013755
3008.000000	0.013866
3007.000000	0.013973
3006.000000	0.014076
3005.000000	0.014174
3004.000000	0.014274
3003.000000	0.014383
3002.000000	0.014512
3001.000000	0.014660
3000.000000	0.014813
2999.000000	0.014966
2998.000000	0.015127
2997.000000	0.015306
2996.000000	0.015502
2995.000000	0.015705
2994.000000	0.015921
2993.000000	0.016163
2992.000000	0.016433
2991.000000	0.016724
2990.000000	0.017028
2989.000000	0.017345
2988.000000	0.017671
2987.000000	0.017999
2986.000000	0.018321
2985.000000	0.018634
2984.000000	0.018940
2983.000000	0.019239
2982.000000	0.019535
2981.000000	0.019837
2980.000000	0.020153
2979.000000	0.020479
2978.000000	0.020803
2977.000000	0.021112
2976.000000	0.021398
2975.000000	0.021671
2974.000000	0.021948
2973.000000	0.022235
2972.000000	0.022521
2971.000000	0.022794
2970.000000	0.023050
2969.000000	0.023296
2968.000000	0.023532
2967.000000	0.023752
2966.000000	0.023947
2965.000000	0.024110
2964.000000	0.024236
2963.000000	0.024338
2962.000000	0.024437
2961.000000	0.024546
2960.000000	0.024649
2959.000000	0.024719
2958.000000	0.024754
2957.000000	0.024765
2956.000000	0.024761
2955.000000	0.024737
2954.000000	0.024699
2953.000000	0.024667
2952.000000	0.024651
2951.000000	0.024643
2950.000000	0.024632
2949.000000	0.024627
2948.000000	0.024656
2947.000000	0.024747
2946.000000	0.024916
2945.000000	0.025171
2944.000000	0.025501
2943.000000	0.025885
2942.000000	0.026295
2941.000000	0.026710
2940.000000	0.027119
2939.000000	0.027517
2938.000000	0.027900
2937.000000	0.028262
2936.000000	0.028593
2935.000000	0.028883
2934.000000	0.029118
2933.000000	0.029294
2932.000000	0.029421
2931.000000	0.029529
2930.000000	0.029650
2929.000000	0.029785
2928.000000	0.029898
2927.000000	0.029944
2926.000000	0.029909
2925.000000	0.029813
2924.000000	0.029679
2923.000000	0.029516
2922.000000	0.029315
2921.000000	0.029070
2920.000000	0.028773
2919.000000	0.028417
2918.000000	0.027981
2917.000000	0.027437
2916.000000	0.026776
2915.000000	0.026033
2914.000000	0.025271
2913.000000	0.024550
2912.000000	0.023896
2911.000000	0.023319
2910.000000	0.022824
2909.000000	0.022406
2908.000000	0.022037
2907.000000	0.021680
2906.000000	0.021323
2905.000000	0.020980
2904.000000	0.020676
2903.000000	0.020422
2902.000000	0.020207
2901.000000	0.020009
2900.000000	0.019804
2899.000000	0.019588
2898.000000	0.019386
2897.000000	0.019229
2896.000000	0.019120
2895.000000	0.019036
2894.000000	0.018950
2893.000000	0.018856
2892.000000	0.018761
2891.000000	0.018674
2890.000000	0.018598
2889.000000	0.018535
2888.000000	0.018485
2887.000000	0.018447
2886.000000	0.018421
2885.000000	0.018401
2884.000000	0.018388
2883.000000	0.018383
2882.000000	0.018395
2881.000000	0.018424
2880.000000	0.018463
2879.000000	0.018498
2878.000000	0.018515
2877.000000	0.018496
2876.000000	0.018431
2875.000000	0.018336
2874.000000	0.018257
2873.000000	0.018224
2872.000000	0.018221
2871.000000	0.018197
2870.000000	0.018117
2869.000000	0.017981
2868.000000	0.017812
2867.000000	0.017636
2866.000000	0.017475
2865.000000	0.017340
2864.000000	0.017234
2863.000000	0.017157
2862.000000	0.017123
2861.000000	0.017153
2860.000000	0.017255
2859.000000	0.017410
2858.000000	0.017590
2857.000000	0.017766
2856.000000	0.017918
2855.000000	0.018040
2854.000000	0.018135
2853.000000	0.018198
2852.000000	0.018194
2851.000000	0.018068
2850.000000	0.017774
2849.000000	0.017304
2848.000000	0.016686
2847.000000	0.015980
2846.000000	0.015258
2845.000000	0.014571
2844.000000	0.013939
2843.000000	0.013353
2842.000000	0.012803
2841.000000	0.012300
2840.000000	0.011872
2839.000000	0.011537
2838.000000	0.011291
2837.000000	0.011109
2836.000000	0.010958
2835.000000	0.010824
2834.000000	0.010713
2833.000000	0.010629
2832.000000	0.010558
2831.000000	0.010478
2830.000000	0.010384
2829.000000	0.010281
2828.000000	0.010175
2827.000000	0.010066
2826.000000	0.009956
2825.000000	0.009853
2824.000000	0.009765
2823.000000	0.009697
2822.000000	0.009652
2821.000000	0.009627
2820.000000	0.009606
2819.000000	0.009572
2818.000000	0.009522
2817.000000	0.009456
2816.000000	0.009379
2815.000000	0.009294
2814.000000	0.009213
2813.000000	0.009145
2812.000000	0.009092
2811.000000	0.009049
2810.000000	0.009022
2809.000000	0.009013
2808.000000	0.009007
2807.000000	0.008986
2806.000000	0.008945
2805.000000	0.008899
2804.000000	0.008855
2803.000000	0.008803
2802.000000	0.008738
2801.000000	0.008663
2800.000000	0.008595
2799.000000	0.008543
2798.000000	0.008510
2797.000000	0.008494
2796.000000	0.008488
2795.000000	0.008480
2794.000000	0.008464
2793.000000	0.008441
2792.000000	0.008414
2791.000000	0.008392
2790.000000	0.008382
2789.000000	0.008388
2788.000000	0.008404
2787.000000	0.008422
2786.000000	0.008434
2785.000000	0.008435
2784.000000	0.008423
2783.000000	0.008402
2782.000000	0.008380
2781.000000	0.008365
2780.000000	0.008352
2779.000000	0.008331
2778.000000	0.008300
2777.000000	0.008268
2776.000000	0.008246
2775.000000	0.008240
2774.000000	0.008254
2773.000000	0.008285
2772.000000	0.008322
2771.000000	0.008349
2770.000000	0.008363
2769.000000	0.008370
2768.000000	0.008379
2767.000000	0.008397
2766.000000	0.008426
2765.000000	0.008456
2764.000000	0.008471
2763.000000	0.008467
2762.000000	0.008461
2761.000000	0.008477
2760.000000	0.008517
2759.000000	0.008567
2758.000000	0.008610
2757.000000	0.008644
2756.000000	0.008673
2755.000000	0.008701
2754.000000	0.008732
2753.000000	0.008771
2752.000000	0.008818
2751.000000	0.008871
2750.000000	0.008927
2749.000000	0.008992
2748.000000	0.009068
2747.000000	0.009156
2746.000000	0.009252
2745.000000	0.009349
2744.000000	0.009446
2743.000000	0.009545
2742.000000	0.009649
2741.000000	0.009757
2740.000000	0.009861
2739.000000	0.009966
2738.000000	0.010086
2737.000000	0.010229
2736.000000	0.010386
2735.000000	0.010544
2734.000000	0.010703
2733.000000	0.010867
2732.000000	0.011037
2731.000000	0.011204
2730.000000	0.011370
2729.000000	0.011548
2728.000000	0.011745
2727.000000	0.011959
2726.000000	0.012187
2725.000000	0.012427
2724.000000	0.012675
2723.000000	0.012932
2722.000000	0.013201
2721.000000	0.013486
2720.000000	0.013783
2719.000000	0.014090
2718.000000	0.014410
2717.000000	0.014740
2716.000000	0.015068
2715.000000	0.015388
2714.000000	0.015710
2713.000000	0.016051
2712.000000	0.016418
2711.000000	0.016804
2710.000000	0.017202
2709.000000	0.017607
2708.000000	0.018013
2707.000000	0.018419
2706.000000	0.018832
2705.000000	0.019254
2704.000000	0.019676
2703.000000	0.020088
2702.000000	0.020496
2701.000000	0.020915
2700.000000	0.021349
2699.000000	0.021796
2698.000000	0.022247
2697.000000	0.022700
2696.000000	0.023150
2695.000000	0.023596
2694.000000	0.024046
2693.000000	0.024506
2692.000000	0.024968
2691.000000	0.025426
2690.000000	0.025879
2689.000000	0.026341
2688.000000	0.026811
2687.000000	0.027281
2686.000000	0.027740
2685.000000	0.028187
2684.000000	0.028631
2683.000000	0.029084
2682.000000	0.029549
2681.000000	0.030018
2680.000000	0.030482
2679.000000	0.030947
2678.000000	0.031426
2677.000000	0.031926
2676.000000	0.032429
2675.000000	0.032918
2674.000000	0.033388
2673.000000	0.033849
2672.000000	0.034306
2671.000000	0.034763
2670.000000	0.035227
2669.000000	0.035708
2668.000000	0.036204
2667.000000	0.036704
2666.000000	0.037203
2665.000000	0.037703
2664.000000	0.038205
2663.000000	0.038712
2662.000000	0.039226
2661.000000	0.039744
2660.000000	0.040252
2659.000000	0.040743
2658.000000	0.041228
2657.000000	0.041725
2656.000000	0.042236
2655.000000	0.042746
2654.000000	0.043241
2653.000000	0.043722
2652.000000	0.044199
2651.000000	0.044684
2650.000000	0.045185
2649.000000	0.045706
2648.000000	0.046237
2647.000000	0.046769
2646.000000	0.047300
2645.000000	0.047833
2644.000000	0.048364
2643.000000	0.048886
2642.000000	0.049408
2641.000000	0.049948
2640.000000	0.050511
2639.000000	0.051079
2638.000000	0.051631
2637.000000	0.052162
2636.000000	0.052688
2635.000000	0.053227
2634.000000	0.053787
2633.000000	0.054355
2632.000000	0.054914
2631.000000	0.055453
2630.000000	0.055983
2629.000000	0.056517
2628.000000	0.057054
2627.000000	0.057582
2626.000000	0.058094
2625.000000	0.058603
2624.000000	0.059127
2623.000000	0.059681
2622.000000	0.060260
2621.000000	0.060852
2620.000000	0.061436
2619.000000	0.062006
2618.000000	0.062568
2617.000000	0.063129
2616.000000	0.063685
2615.000000	0.064236
2614.000000	0.064793
2613.000000	0.065364
2612.000000	0.065939
2611.000000	0.066502
2610.000000	0.067051
2609.000000	0.067600
2608.000000	0.068164
2607.000000	0.068745
2606.000000	0.069338
2605.000000	0.069930
2604.000000	0.070502
2603.000000	0.071047
2602.000000	0.071581
2601.000000	0.072131
2600.000000	0.072710
2599.000000	0.073305
2598.000000	0.073895
2597.000000	0.074462
2596.000000	0.075005
2595.000000	0.075534
2594.000000	0.076069
2593.000000	0.076617
2592.000000	0.077168
2591.000000	0.077705
2590.000000	0.078227
2589.000000	0.078741
2588.000000	0.079252
2587.000000	0.079756
2586.000000	0.080253
2585.000000	0.080747
2584.000000	0.081248
2583.000000	0.081763
2582.000000	0.082301
2581.000000	0.082861
2580.000000	0.083433
2579.000000	0.084002
2578.000000	0.084557
2577.000000	0.085088
2576.000000	0.085593
2575.000000	0.086073
2574.000000	0.086540
2573.000000	0.087000
2572.000000	0.087458
2571.000000	0.087917
2570.000000	0.088386
2569.000000	0.088877
2568.000000	0.089394
2567.000000	0.089932
2566.000000	0.090478
2565.000000	0.091015
2564.000000	0.091520
2563.000000	0.091990
2562.000000	0.092440
2561.000000	0.092891
2560.000000	0.093355
2559.000000	0.093832
2558.000000	0.094327
2557.000000	0.094835
2556.000000	0.095343
2555.000000	0.095837
2554.000000	0.096325
2553.000000	0.096828
2552.000000	0.097352
2551.000000	0.097879
2550.000000	0.098383
2549.000000	0.098850
2548.000000	0.099294
2547.000000	0.099741
2546.000000	0.100215
2545.000000	0.100726
2544.000000	0.101262
2543.000000	0.101800
2542.000000	0.102318
2541.000000	0.102807
2540.000000	0.103277
2539.000000	0.103740
2538.000000	0.104209
2537.000000	0.104691
2536.000000	0.105191
2535.000000	0.105707
2534.000000	0.106227
2533.000000	0.106736
2532.000000	0.107228
2531.000000	0.107706
2530.000000	0.108174
2529.000000	0.108641
2528.000000	0.109119
2527.000000	0.109626
2526.000000	0.110157
2525.000000	0.110685
2524.000000	0.111179
2523.000000	0.111637
2522.000000	0.112083
2521.000000	0.112546
2520.000000	0.113030
2519.000000	0.113523
2518.000000	0.114006
2517.000000	0.114470
2516.000000	0.114915
2515.000000	0.115350
2514.000000	0.115787
2513.000000	0.116235
2512.000000	0.116701
2511.000000	0.117175
2510.000000	0.117641
2509.000000	0.118089
2508.000000	0.118533
2507.000000	0.118989
2506.000000	0.119452
2505.000000	0.119906
2504.000000	0.120356
2503.000000	0.120828
2502.000000	0.121330
2501.000000	0.121824
2500.000000	0.122264
2499.000000	0.122645
2498.000000	0.122996
2497.000000	0.123350
2496.000000	0.123724
2495.000000	0.124120
2494.000000	0.124530
2493.000000	0.124938
2492.000000	0.125330
2491.000000	0.125707
2490.000000	0.126081
2489.000000	0.126451
2488.000000	0.126809
2487.000000	0.127146
2486.000000	0.127457
2485.000000	0.127740
2484.000000	0.127997
2483.000000	0.128237
2482.000000	0.128455
2481.000000	0.128631
2480.000000	0.128755
2479.000000	0.128842
2478.000000	0.128913
2477.000000	0.128966
2476.000000	0.128983
2475.000000	0.128963
2474.000000	0.128934
2473.000000	0.128923
2472.000000	0.128922
2471.000000	0.128895
2470.000000	0.128808
2469.000000	0.128656
2468.000000	0.128459
2467.000000	0.128230
2466.000000	0.127967
2465.000000	0.127673
2464.000000	0.127366
2463.000000	0.127075
2462.000000	0.126808
2461.000000	0.126551
2460.000000	0.126289
2459.000000	0.126015
2458.000000	0.125720
2457.000000	0.125389
2456.000000	0.125021
2455.000000	0.124642
2454.000000	0.124281
2453.000000	0.123947
2452.000000	0.123627
2451.000000	0.123302
2450.000000	0.122966
2449.000000	0.122621
2448.000000	0.122275
2447.000000	0.121941
2446.000000	0.121632
2445.000000	0.121357
2444.000000	0.121124
2443.000000	0.120942
2442.000000	0.120809
2441.000000	0.120700
2440.000000	0.120580
2439.000000	0.120431
2438.000000	0.120265
2437.000000	0.120110
2436.000000	0.119992
2435.000000	0.119916
2434.000000	0.119870
2433.000000	0.119833
2432.000000	0.119798
2431.000000	0.119773
2430.000000	0.119765
2429.000000	0.119769
2428.000000	0.119772
2427.000000	0.119755
2426.000000	0.119709
2425.000000	0.119629
2424.000000	0.119528
2423.000000	0.119429
2422.000000	0.119345
2421.000000	0.119263
2420.000000	0.119161
2419.000000	0.119021
2418.000000	0.118835
2417.000000	0.118603
2416.000000	0.118332
2415.000000	0.118047
2414.000000	0.117758
2413.000000	0.117448
2412.000000	0.117087
2411.000000	0.116671
2410.000000	0.116222
2409.000000	0.115767
2408.000000	0.115305
2407.000000	0.114811
2406.000000	0.114256
2405.000000	0.113629
2404.000000	0.112955
2403.000000	0.112276
2402.000000	0.111613
2401.000000	0.110950
2400.000000	0.110255
2399.000000	0.109526
2398.000000	0.108779
2397.000000	0.108019
2396.000000	0.107224
2395.000000	0.106394
2394.000000	0.105560
2393.000000	0.104758
2392.000000	0.103987
2391.000000	0.103213
2390.000000	0.102415
2389.000000	0.101594
2388.000000	0.100761
2387.000000	0.099919
2386.000000	0.099063
2385.000000	0.098194
2384.000000	0.097311
2383.000000	0.096408
2382.000000	0.095478
2381.000000	0.094514
2380.000000	0.093514
2379.000000	0.092499
2378.000000	0.091510
2377.000000	0.090587
2376.000000	0.089734
2375.000000	0.088928
2374.000000	0.088139
2373.000000	0.087348
2372.000000	0.086537
2371.000000	0.085682
2370.000000	0.084768
2369.000000	0.083810
2368.000000	0.082846
2367.000000	0.081919
2366.000000	0.081049
2365.000000	0.080219
2364.000000	0.079410
2363.000000	0.078639
2362.000000	0.077925
2361.000000	0.077206
2360.000000	0.076417
2359.000000	0.075545
2358.000000	0.074622
2357.000000	0.073729
2356.000000	0.072897
2355.000000	0.072157
2354.000000	0.071461
2353.000000	0.070692
2352.000000	0.069776
2351.000000	0.068787
2350.000000	0.067888
2349.000000	0.067145
2348.000000	0.066517
2347.000000	0.065887
2346.000000	0.065163
2345.000000	0.064385
2344.000000	0.063624
2343.000000	0.062937
2342.000000	0.062249
2341.000000	0.061498
2340.000000	0.060729
2339.000000	0.060014
2338.000000	0.059359
2337.000000	0.058691
2336.000000	0.057971
2335.000000	0.057198
2334.000000	0.056427
2333.000000	0.055663
2332.000000	0.054939
2331.000000	0.054252
2330.000000	0.053678
2329.000000	0.053169
2328.000000	0.052676
2327.000000	0.052094
2326.000000	0.051415
2325.000000	0.050675
2324.000000	0.049933
2323.000000	0.049235
2322.000000	0.048616
2321.000000	0.048072
2320.000000	0.047585
2319.000000	0.047090
2318.000000	0.046586
2317.000000	0.046058
2316.000000	0.045529
2315.000000	0.044958
2314.000000	0.044357
2313.000000	0.043732
2312.000000	0.043135
2311.000000	0.042570
2310.000000	0.042056
2309.000000	0.041570
2308.000000	0.041093
2307.000000	0.040583
2306.000000	0.040055
2305.000000	0.039548
2304.000000	0.039110
2303.000000	0.038727
2302.000000	0.038369
2301.000000	0.037986
2300.000000	0.037566
2299.000000	0.037104
2298.000000	0.036635
2297.000000	0.036169
2296.000000	0.035723
2295.000000	0.035301
2294.000000	0.034929
2293.000000	0.034608
2292.000000	0.034286
2291.000000	0.033894
2290.000000	0.033426
2289.000000	0.032951
2288.000000	0.032528
2287.000000	0.032167
2286.000000	0.031833
2285.000000	0.031499
2284.000000	0.031154
2283.000000	0.030809
2282.000000	0.030492
2281.000000	0.030221
2280.000000	0.029965
2279.000000	0.029663
2278.000000	0.029298
2277.000000	0.028907
2276.000000	0.028541
2275.000000	0.028219
2274.000000	0.027939
2273.000000	0.027684
2272.000000	0.027420
2271.000000	0.027115
2270.000000	0.026783
2269.000000	0.026463
2268.000000	0.026172
2267.000000	0.025889
2266.000000	0.025605
2265.000000	0.025338
2264.000000	0.025095
2263.000000	0.024858
2262.000000	0.024611
2261.000000	0.024351
2260.000000	0.024078
2259.000000	0.023806
2258.000000	0.023570
2257.000000	0.023385
2256.000000	0.023210
2255.000000	0.022996
2254.000000	0.022761
2253.000000	0.022566
2252.000000	0.022433
2251.000000	0.022319
2250.000000	0.022172
2249.000000	0.021967
2248.000000	0.021700
2247.000000	0.021395
2246.000000	0.021118
2245.000000	0.020925
2244.000000	0.020798
2243.000000	0.020676
2242.000000	0.020534
2241.000000	0.020380
2240.000000	0.020204
2239.000000	0.019997
2238.000000	0.019800
2237.000000	0.019673
2236.000000	0.019614
2235.000000	0.019563
2234.000000	0.019475
2233.000000	0.019329
2232.000000	0.019106
2231.000000	0.018818
2230.000000	0.018542
2229.000000	0.018347
2228.000000	0.018215
2227.000000	0.018091
2226.000000	0.017984
2225.000000	0.017923
2224.000000	0.017862
2223.000000	0.017714
2222.000000	0.017473
2221.000000	0.017215
2220.000000	0.016980
2219.000000	0.016771
2218.000000	0.016613
2217.000000	0.016530
2216.000000	0.016455
2215.000000	0.016294
2214.000000	0.016085
2213.000000	0.015959
2212.000000	0.015951
2211.000000	0.015939
2210.000000	0.015808
2209.000000	0.015579
2208.000000	0.015356
2207.000000	0.015212
2206.000000	0.015145
2205.000000	0.015095
2204.000000	0.014990
2203.000000	0.014837
2202.000000	0.014738
2201.000000	0.014765
2200.000000	0.014859
2199.000000	0.014910
2198.000000	0.014897
2197.000000	0.014845
2196.000000	0.014719
2195.000000	0.014485
2194.000000	0.014222
2193.000000	0.014049
2192.000000	0.013961
2191.000000	0.013852
2190.000000	0.013679
2189.000000	0.013475
2188.000000	0.013256
2187.000000	0.013046
2186.000000	0.012941
2185.000000	0.013006
2184.000000	0.013117
2183.000000	0.013078
2182.000000	0.012869
2181.000000	0.012625
2180.000000	0.012406
2179.000000	0.012171
2178.000000	0.011951
2177.000000	0.011846
2176.000000	0.011851
2175.000000	0.011862
2174.000000	0.011863
2173.000000	0.011936
2172.000000	0.012073
2171.000000	0.012162
2170.000000	0.012140
2169.000000	0.012039
2168.000000	0.011860
2167.000000	0.011572
2166.000000	0.011254
2165.000000	0.011051
2164.000000	0.010955
2163.000000	0.010797
2162.000000	0.010515
2161.000000	0.010258
2160.000000	0.010175
2159.000000	0.010223
2158.000000	0.010273
2157.000000	0.010243
2156.000000	0.010123
2155.000000	0.009990
2154.000000	0.009978
2153.000000	0.010118
2152.000000	0.010241
2151.000000	0.010179
2150.000000	0.009970
2149.000000	0.009775
2148.000000	0.009656
2147.000000	0.009574
2146.000000	0.009537
2145.000000	0.009594
2144.000000	0.009712
2143.000000	0.009802
2142.000000	0.009850
2141.000000	0.009889
2140.000000	0.009903
2139.000000	0.009853
2138.000000	0.009777
2137.000000	0.009731
2136.000000	0.009687
2135.000000	0.009581
2134.000000	0.009439
2133.000000	0.009331
2132.000000	0.009267
2131.000000	0.009221
2130.000000	0.009229
2129.000000	0.009337
2128.000000	0.009493
2127.000000	0.009580
2126.000000	0.009559
2125.000000	0.009485
2124.000000	0.009411
2123.000000	0.009351
2122.000000	0.009327
2121.000000	0.009367
2120.000000	0.009448
2119.000000	0.009522
2118.000000	0.009574
2117.000000	0.009598
2116.000000	0.009547
2115.000000	0.009390
2114.000000	0.009190
2113.000000	0.009057
2112.000000	0.009013
2111.000000	0.008999
2110.000000	0.008980
2109.000000	0.008970
2108.000000	0.008976
2107.000000	0.009004
2106.000000	0.009074
2105.000000	0.009165
2104.000000	0.009181
2103.000000	0.009066
2102.000000	0.008918
2101.000000	0.008872
2100.000000	0.008919
2099.000000	0.008940
2098.000000	0.008894
2097.000000	0.008857
2096.000000	0.008875
2095.000000	0.008905
2094.000000	0.008894
2093.000000	0.008813
2092.000000	0.008655
2091.000000	0.008472
2090.000000	0.008396
2089.000000	0.008500
2088.000000	0.008680
2087.000000	0.008762
2086.000000	0.008723
2085.000000	0.008673
2084.000000	0.008655
2083.000000	0.008612
2082.000000	0.008533
2081.000000	0.008495
2080.000000	0.008533
2079.000000	0.008591
2078.000000	0.008621
2077.000000	0.008621
2076.000000	0.008578
2075.000000	0.008465
2074.000000	0.008333
2073.000000	0.008271
2072.000000	0.008272
2071.000000	0.008255
2070.000000	0.008202
2069.000000	0.008175
2068.000000	0.008183
2067.000000	0.008155
2066.000000	0.008070
2065.000000	0.007999
2064.000000	0.007988
2063.000000	0.008012
2062.000000	0.008042
2061.000000	0.008059
2060.000000	0.008011
2059.000000	0.007858
2058.000000	0.007654
2057.000000	0.007503
2056.000000	0.007444
2055.000000	0.007485
2054.000000	0.007663
2053.000000	0.007954
2052.000000	0.008173
2051.000000	0.008146
2050.000000	0.007953
2049.000000	0.007841
2048.000000	0.007884
2047.000000	0.007942
2046.000000	0.007935
2045.000000	0.007906
2044.000000	0.007849
2043.000000	0.007715
2042.000000	0.007583
2041.000000	0.007580
2040.000000	0.007655
2039.000000	0.007660
2038.000000	0.007632
2037.000000	0.007706
2036.000000	0.007790
2035.000000	0.007640
2034.000000	0.007294
2033.000000	0.007106
2032.000000	0.007274
2031.000000	0.007621
2030.000000	0.007885
2029.000000	0.007949
2028.000000	0.007794
2027.000000	0.007485
2026.000000	0.007226
2025.000000	0.007185
2024.000000	0.007262
2023.000000	0.007258
2022.000000	0.007200
2021.000000	0.007249
2020.000000	0.007366
2019.000000	0.007355
2018.000000	0.007194
2017.000000	0.007040
2016.000000	0.006943
2015.000000	0.006849
2014.000000	0.006836
2013.000000	0.007017
2012.000000	0.007266
2011.000000	0.007336
2010.000000	0.007245
2009.000000	0.007233
2008.000000	0.007364
2007.000000	0.007460
2006.000000	0.007444
2005.000000	0.007422
2004.000000	0.007434
2003.000000	0.007423
2002.000000	0.007451
2001.000000	0.007644
2000.000000	0.007929
1999.000000	0.008060
1998.000000	0.007942
1997.000000	0.007708
1996.000000	0.007490
1995.000000	0.007315
1994.000000	0.007218
1993.000000	0.007249
1992.000000	0.007323
1991.000000	0.007301
1990.000000	0.007219
1989.000000	0.007221
1988.000000	0.007294
1987.000000	0.007303
1986.000000	0.007267
1985.000000	0.007350
1984.000000	0.007559
1983.000000	0.007700
1982.000000	0.007650
1981.000000	0.007460
1980.000000	0.007171
1979.000000	0.006802
1978.000000	0.006520
1977.000000	0.006513
1976.000000	0.006659
1975.000000	0.006671
1974.000000	0.006543
1973.000000	0.006531
1972.000000	0.006724
1971.000000	0.006942
1970.000000	0.007068
1969.000000	0.007159
1968.000000	0.007239
1967.000000	0.007246
1966.000000	0.007215
1965.000000	0.007244
1964.000000	0.007286
1963.000000	0.007204
1962.000000	0.007032
1961.000000	0.006942
1960.000000	0.006977
1959.000000	0.007031
1958.000000	0.007075
1957.000000	0.007162
1956.000000	0.007250
1955.000000	0.007228
1954.000000	0.007123
1953.000000	0.007066
1952.000000	0.007087
1951.000000	0.007095
1950.000000	0.007063
1949.000000	0.007046
1948.000000	0.007036
1947.000000	0.006991
1946.000000	0.006963
1945.000000	0.007043
1944.000000	0.007189
1943.000000	0.007267
1942.000000	0.007280
1941.000000	0.007346
1940.000000	0.007490
1939.000000	0.007619
1938.000000	0.007671
1937.000000	0.007656
1936.000000	0.007574
1935.000000	0.007452
1934.000000	0.007407
1933.000000	0.007525
1932.000000	0.007703
1931.000000	0.007771
1930.000000	0.007739
1929.000000	0.007749
1928.000000	0.007838
1927.000000	0.007889
1926.000000	0.007821
1925.000000	0.007679
1924.000000	0.007523
1923.000000	0.007380
1922.000000	0.007302
1921.000000	0.007325
1920.000000	0.007389
1919.000000	0.007397
1918.000000	0.007360
1917.000000	0.007371
1916.000000	0.007447
1915.000000	0.007527
1914.000000	0.007587
1913.000000	0.007642
1912.000000	0.007665
1911.000000	0.007623
1910.000000	0.007567
1909.000000	0.007567
1908.000000	0.007595
1907.000000	0.007589
1906.000000	0.007583
1905.000000	0.007655
1904.000000	0.007775
1903.000000	0.007842
1902.000000	0.007841
1901.000000	0.007829
1900.000000	0.007802
1899.000000	0.007714
1898.000000	0.007606
1897.000000	0.007582
1896.000000	0.007649
1895.000000	0.007717
1894.000000	0.007750
1893.000000	0.007785
1892.000000	0.007814
1891.000000	0.007780
1890.000000	0.007693
1889.000000	0.007634
1888.000000	0.007635
1887.000000	0.007661
1886.000000	0.007715
1885.000000	0.007813
1884.000000	0.007898
1883.000000	0.007886
1882.000000	0.007799
1881.000000	0.007737
1880.000000	0.007728
1879.000000	0.007727
1878.000000	0.007733
1877.000000	0.007793
1876.000000	0.007890
1875.000000	0.007949
1874.000000	0.007952
1873.000000	0.007948
1872.000000	0.007949
1871.000000	0.007917
1870.000000	0.007859
1869.000000	0.007829
1868.000000	0.007821
1867.000000	0.007791
1866.000000	0.007764
1865.000000	0.007794
1864.000000	0.007853
1863.000000	0.007873
1862.000000	0.007863
1861.000000	0.007883
1860.000000	0.007929
1859.000000	0.007947
1858.000000	0.007954
1857.000000	0.008010
1856.000000	0.008102
1855.000000	0.008151
1854.000000	0.008142
1853.000000	0.008125
1852.000000	0.008104
1851.000000	0.008049
1850.000000	0.007977
1849.000000	0.007939
1848.000000	0.007926
1847.000000	0.007895
1846.000000	0.007869
1845.000000	0.007910
1844.000000	0.007988
1843.000000	0.008001
1842.000000	0.007962
1841.000000	0.007975
1840.000000	0.008055
1839.000000	0.008129
1838.000000	0.008162
1837.000000	0.008194
1836.000000	0.008235
1835.000000	0.008252
1834.000000	0.008251
1833.000000	0.008267
1832.000000	0.008269
1831.000000	0.008201
1830.000000	0.008103
1829.000000	0.008083
1828.000000	0.008134
1827.000000	0.008163
1826.000000	0.008156
1825.000000	0.008172
1824.000000	0.008220
1823.000000	0.008237
1822.000000	0.008221
1821.000000	0.008223
1820.000000	0.008247
1819.000000	0.008243
1818.000000	0.008221
1817.000000	0.008240
1816.000000	0.008297
1815.000000	0.008329
1814.000000	0.008328
1813.000000	0.008338
1812.000000	0.008360
1811.000000	0.008350
1810.000000	0.008321
1809.000000	0.008337
1808.000000	0.008395
1807.000000	0.008433
1806.000000	0.008437
1805.000000	0.008454
1804.000000	0.008487
1803.000000	0.008492
1802.000000	0.008469
1801.000000	0.008470
1800.000000	0.008509
1799.000000	0.008545
1798.000000	0.008580
1797.000000	0.008658
1796.000000	0.008764
1795.000000	0.008835
1794.000000	0.008858
1793.000000	0.008878
1792.000000	0.008909
1791.000000	0.008910
1790.000000	0.008891
1789.000000	0.008913
1788.000000	0.008969
1787.000000	0.008997
1786.000000	0.008989
1785.000000	0.009003
1784.000000	0.009046
1783.000000	0.009069
1782.000000	0.009071
1781.000000	0.009105
1780.000000	0.009180
1779.000000	0.009238
1778.000000	0.009265
1777.000000	0.009301
1776.000000	0.009354
1775.000000	0.009395
1774.000000	0.009429
1773.000000	0.009501
1772.000000	0.009600
1771.000000	0.009655
1770.000000	0.009685
1769.000000	0.009771
1768.000000	0.009886
1767.000000	0.009930
1766.000000	0.009908
1765.000000	0.009923
1764.000000	0.010008
1763.000000	0.010091
1762.000000	0.010149
1761.000000	0.010247
1760.000000	0.010407
1759.000000	0.010575
1758.000000	0.010744
1757.000000	0.010950
1756.000000	0.011171
1755.000000	0.011343
1754.000000	0.011491
1753.000000	0.011697
1752.000000	0.011959
1751.000000	0.012190
1750.000000	0.012383
1749.000000	0.012645
1748.000000	0.012981
1747.000000	0.013290
1746.000000	0.013554
1745.000000	0.013846
1744.000000	0.014166
1743.000000	0.014423
1742.000000	0.014625
1741.000000	0.014885
1740.000000	0.015205
1739.000000	0.015426
1738.000000	0.015519
1737.000000	0.015645
1736.000000	0.015891
1735.000000	0.016150
1734.000000	0.016306
1733.000000	0.016406
1732.000000	0.016508
1731.000000	0.016610
1730.000000	0.016739
1729.000000	0.016941
1728.000000	0.017172
1727.000000	0.017343
1726.000000	0.017460
1725.000000	0.017627
1724.000000	0.017866
1723.000000	0.018074
1722.000000	0.018218
1721.000000	0.018408
1720.000000	0.018704
1719.000000	0.019012
1718.000000	0.019261
1717.000000	0.019539
1716.000000	0.019883
1715.000000	0.020212
1714.000000	0.020526
1713.000000	0.020905
1712.000000	0.021329
1711.000000	0.021703
1710.000000	0.022029
1709.000000	0.022422
1708.000000	0.022933
1707.000000	0.023507
1706.000000	0.024131
1705.000000	0.024857
1704.000000	0.025641
1703.000000	0.026459
1702.000000	0.027546
1701.000000	0.029326
1700.000000	0.031694
1699.000000	0.033860
1698.000000	0.035776
1697.000000	0.038140
1696.000000	0.041174
1695.000000	0.044135
1694.000000	0.046387
1693.000000	0.048166
1692.000000	0.049851
1691.000000	0.051493
1690.000000	0.053018
1689.000000	0.054430
1688.000000	0.055747
1687.000000	0.056970
1686.000000	0.058206
1685.000000	0.059670
1684.000000	0.061286
1683.000000	0.062606
1682.000000	0.063650
1681.000000	0.064823
1680.000000	0.066224
1679.000000	0.067652
1678.000000	0.069038
1677.000000	0.070599
1676.000000	0.072477
1675.000000	0.074417
1674.000000	0.076109
1673.000000	0.077672
1672.000000	0.079384
1671.000000	0.081326
1670.000000	0.083465
1669.000000	0.085738
1668.000000	0.087938
1667.000000	0.089870
1666.000000	0.091629
1665.000000	0.093517
1664.000000	0.095702
1663.000000	0.098016
1662.000000	0.100219
1661.000000	0.102340
1660.000000	0.104509
1659.000000	0.106661
1658.000000	0.108669
1657.000000	0.110577
1656.000000	0.112576
1655.000000	0.114883
1654.000000	0.117779
1653.000000	0.121149
1652.000000	0.123885
1651.000000	0.125593
1650.000000	0.127016
1649.000000	0.128830
1648.000000	0.131261
1647.000000	0.133953
1646.000000	0.136321
1645.000000	0.138288
1644.000000	0.140109
1643.000000	0.141887
1642.000000	0.143639
1641.000000	0.145408
1640.000000	0.147178
1639.000000	0.148860
1638.000000	0.150490
1637.000000	0.152265
1636.000000	0.154178
1635.000000	0.155810
1634.000000	0.157015
1633.000000	0.158197
1632.000000	0.159599
1631.000000	0.161096
1630.000000	0.162535
1629.000000	0.163972
1628.000000	0.165478
1627.000000	0.166956
1626.000000	0.168387
1625.000000	0.169979
1624.000000	0.171859
1623.000000	0.173788
1622.000000	0.175511
1621.000000	0.177170
1620.000000	0.179003
1619.000000	0.180962
1618.000000	0.182776
1617.000000	0.184169
1616.000000	0.184935
1615.000000	0.184977
1614.000000	0.184374
1613.000000	0.183232
1612.000000	0.181419
1611.000000	0.178605
1610.000000	0.174670
1609.000000	0.169873
1608.000000	0.164550
1607.000000	0.158879
1606.000000	0.152973
1605.000000	0.146993
1604.000000	0.141033
1603.000000	0.135096
1602.000000	0.129225
1601.000000	0.123573
1600.000000	0.118274
1599.000000	0.113356
1598.000000	0.108777
1597.000000	0.104499
1596.000000	0.100503
1595.000000	0.096787
1594.000000	0.093358
1593.000000	0.090225
1592.000000	0.087385
1591.000000	0.084830
1590.000000	0.082542
1589.000000	0.080493
1588.000000	0.078664
1587.000000	0.077033
1586.000000	0.075563
1585.000000	0.074206
1584.000000	0.072939
1583.000000	0.071790
1582.000000	0.070770
1581.000000	0.069856
1580.000000	0.069054
1579.000000	0.068413
1578.000000	0.067943
1577.000000	0.067549
1576.000000	0.067139
1575.000000	0.066739
1574.000000	0.066441
1573.000000	0.066284
1572.000000	0.066254
1571.000000	0.066344
1570.000000	0.066569
1569.000000	0.066874
1568.000000	0.067167
1567.000000	0.067462
1566.000000	0.067837
1565.000000	0.068278
1564.000000	0.068692
1563.000000	0.069060
1562.000000	0.069463
1561.000000	0.069985
1560.000000	0.070658
1559.000000	0.071485
1558.000000	0.072226
1557.000000	0.072702
1556.000000	0.073088
1555.000000	0.073535
1554.000000	0.074038
1553.000000	0.074513
1552.000000	0.074926
1551.000000	0.075316
1550.000000	0.075723
1549.000000	0.076127
1548.000000	0.076485
1547.000000	0.076814
1546.000000	0.077161
1545.000000	0.077524
1544.000000	0.077847
1543.000000	0.078130
1542.000000	0.078463
1541.000000	0.078925
1540.000000	0.079423
1539.000000	0.079758
1538.000000	0.079914
1537.000000	0.080052
1536.000000	0.080268
1535.000000	0.080544
1534.000000	0.080829
1533.000000	0.081068
1532.000000	0.081221
1531.000000	0.081312
1530.000000	0.081409
1529.000000	0.081542
1528.000000	0.081661
1527.000000	0.081695
1526.000000	0.081637
1525.000000	0.081530
1524.000000	0.081417
1523.000000	0.081320
1522.000000	0.081270
1521.000000	0.081268
1520.000000	0.081234
1519.000000	0.081152
1518.000000	0.081080
1517.000000	0.080967
1516.000000	0.080622
1515.000000	0.079925
1514.000000	0.078925
1513.000000	0.077666
1512.000000	0.076150
1511.000000	0.074484
1510.000000	0.072877
1509.000000	0.071415
1508.000000	0.069912
1507.000000	0.068181
1506.000000	0.066530
1505.000000	0.065332
1504.000000	0.064509
1503.000000	0.063877
1502.000000	0.063374
1501.000000	0.063021
1500.000000	0.062805
1499.000000	0.062671
1498.000000	0.062650
1497.000000	0.062828
1496.000000	0.063130
1495.000000	0.063376
1494.000000	0.063601
1493.000000	0.063990
1492.000000	0.064633
1491.000000	0.065511
1490.000000	0.066664
1489.000000	0.068143
1488.000000	0.069836
1487.000000	0.071600
1486.000000	0.073434
1485.000000	0.075383
1484.000000	0.077424
1483.000000	0.079573
1482.000000	0.081934
1481.000000	0.084512
1480.000000	0.087116
1479.000000	0.089646
1478.000000	0.092281
1477.000000	0.095189
1476.000000	0.098240
1475.000000	0.101284
1474.000000	0.104554
1473.000000	0.108323
1472.000000	0.112191
1471.000000	0.115479
1470.000000	0.118170
1469.000000	0.120623
1468.000000	0.123016
1467.000000	0.125413
1466.000000	0.127960
1465.000000	0.130669
1464.000000	0.133175
1463.000000	0.135170
1462.000000	0.136810
1461.000000	0.138388
1460.000000	0.140036
1459.000000	0.141884
1458.000000	0.144233
1457.000000	0.147036
1456.000000	0.149409
1455.000000	0.150914
1454.000000	0.152071
1453.000000	0.153301
1452.000000	0.154527
1451.000000	0.155575
1450.000000	0.156534
1449.000000	0.157550
1448.000000	0.158517
1447.000000	0.159270
1446.000000	0.159888
1445.000000	0.160484
1444.000000	0.161001
1443.000000	0.161360
1442.000000	0.161610
1441.000000	0.161788
1440.000000	0.161820
1439.000000	0.161670
1438.000000	0.161384
1437.000000	0.160874
1436.000000	0.159901
1435.000000	0.158509
1434.000000	0.156994
1433.000000	0.155421
1432.000000	0.153591
1431.000000	0.151381
1430.000000	0.148917
1429.000000	0.146365
1428.000000	0.143775
1427.000000	0.141180
1426.000000	0.138589
1425.000000	0.135905
1424.000000	0.133097
1423.000000	0.130370
1422.000000	0.127911
1421.000000	0.125573
1420.000000	0.123010
1419.000000	0.120159
1418.000000	0.117391
1417.000000	0.114946
1416.000000	0.112725
1415.000000	0.110591
1414.000000	0.108483
1413.000000	0.106379
1412.000000	0.104290
1411.000000	0.102277
1410.000000	0.100375
1409.000000	0.098561
1408.000000	0.096815
1407.000000	0.095160
1406.000000	0.093582
1405.000000	0.092005
1404.000000	0.090431
1403.000000	0.088967
1402.000000	0.087654
1401.000000	0.086403
1400.000000	0.085144
1399.000000	0.083930
1398.000000	0.082838
1397.000000	0.081852
1396.000000	0.080941
1395.000000	0.080129
1394.000000	0.079424
1393.000000	0.078784
1392.000000	0.078204
1391.000000	0.077726
1390.000000	0.077338
1389.000000	0.076972
1388.000000	0.076599
1387.000000	0.076247
1386.000000	0.075911
1385.000000	0.075551
1384.000000	0.075196
1383.000000	0.074910
1382.000000	0.074699
1381.000000	0.074505
1380.000000	0.074314
1379.000000	0.074164
1378.000000	0.074055
1377.000000	0.073944
1376.000000	0.073829
1375.000000	0.073744
1374.000000	0.073674
1373.000000	0.073553
1372.000000	0.073365
1371.000000	0.073129
1370.000000	0.072813
1369.000000	0.072348
1368.000000	0.071747
1367.000000	0.071093
1366.000000	0.070420
1365.000000	0.069690
1364.000000	0.068901
1363.000000	0.068128
1362.000000	0.067444
1361.000000	0.066846
1360.000000	0.066317
1359.000000	0.065854
1358.000000	0.065422
1357.000000	0.064981
1356.000000	0.064551
1355.000000	0.064197
1354.000000	0.063926
1353.000000	0.063682
1352.000000	0.063443
1351.000000	0.063236
1350.000000	0.063067
1349.000000	0.062903
1348.000000	0.062740
1347.000000	0.062614
1346.000000	0.062527
1345.000000	0.062436
1344.000000	0.062321
1343.000000	0.062204
1342.000000	0.062092
1341.000000	0.061972
1340.000000	0.061860
1339.000000	0.061796
1338.000000	0.061764
1337.000000	0.061708
1336.000000	0.061602
1335.000000	0.061457
1334.000000	0.061267
1333.000000	0.061016
1332.000000	0.060723
1331.000000	0.060425
1330.000000	0.060115
1329.000000	0.059769
1328.000000	0.059403
1327.000000	0.059055
1326.000000	0.058711
1325.000000	0.058326
1324.000000	0.057903
1323.000000	0.057483
1322.000000	0.057075
1321.000000	0.056651
1320.000000	0.056225
1319.000000	0.055838
1318.000000	0.055484
1317.000000	0.055118
1316.000000	0.054742
1315.000000	0.054401
1314.000000	0.054105
1313.000000	0.053815
1312.000000	0.053517
1311.000000	0.053235
1310.000000	0.052968
1309.000000	0.052685
1308.000000	0.052389
1307.000000	0.052121
1306.000000	0.051894
1305.000000	0.051684
1304.000000	0.051487
1303.000000	0.051326
1302.000000	0.051191
1301.000000	0.051046
1300.000000	0.050898
1299.000000	0.050789
1298.000000	0.050726
1297.000000	0.050670
1296.000000	0.050606
1295.000000	0.050553
1294.000000	0.050511
1293.000000	0.050454
1292.000000	0.050394
1291.000000	0.050374
1290.000000	0.050396
1289.000000	0.050416
1288.000000	0.050407
1287.000000	0.050394
1286.000000	0.050394
1285.000000	0.050391
1284.000000	0.050385
1283.000000	0.050392
1282.000000	0.050407
1281.000000	0.050402
1280.000000	0.050372
1279.000000	0.050347
1278.000000	0.050340
1277.000000	0.050346
1276.000000	0.050370
1275.000000	0.050437
1274.000000	0.050543
1273.000000	0.050668
1272.000000	0.050822
1271.000000	0.051029
1270.000000	0.051285
1269.000000	0.051569
1268.000000	0.051888
1267.000000	0.052261
1266.000000	0.052660
1265.000000	0.053028
1264.000000	0.053363
1263.000000	0.053715
1262.000000	0.054105
1261.000000	0.054508
1260.000000	0.054898
1259.000000	0.055281
1258.000000	0.055659
1257.000000	0.056025
1256.000000	0.056385
1255.000000	0.056750
1254.000000	0.057109
1253.000000	0.057449
1252.000000	0.057794
1251.000000	0.058180
1250.000000	0.058593
1249.000000	0.058996
1248.000000	0.059399
1247.000000	0.059850
1246.000000	0.060358
1245.000000	0.060884
1244.000000	0.061405
1243.000000	0.061935
1242.000000	0.062489
1241.000000	0.063067
1240.000000	0.063668
1239.000000	0.064295
1238.000000	0.064929
1237.000000	0.065550
1236.000000	0.066171
1235.000000	0.066826
1234.000000	0.067513
1233.000000	0.068211
1232.000000	0.068919
1231.000000	0.069656
1230.000000	0.070410
1229.000000	0.071148
1228.000000	0.071861
1227.000000	0.072567
1226.000000	0.073268
1225.000000	0.073945
1224.000000	0.074595
1223.000000	0.075227
1222.000000	0.075826
1221.000000	0.076366
1220.000000	0.076846
1219.000000	0.077292
1218.000000	0.077717
1217.000000	0.078092
1216.000000	0.078390
1215.000000	0.078605
1214.000000	0.078741
1213.000000	0.078792
1212.000000	0.078762
1211.000000	0.078670
1210.000000	0.078525
1209.000000	0.078313
1208.000000	0.078017
1207.000000	0.077619
1206.000000	0.077116
1205.000000	0.076512
1204.000000	0.075833
1203.000000	0.075104
1202.000000	0.074327
1201.000000	0.073500
1200.000000	0.072638
1199.000000	0.071765
1198.000000	0.070884
1197.000000	0.069975
1196.000000	0.069038
1195.000000	0.068082
1194.000000	0.067102
1193.000000	0.066087
1192.000000	0.065066
1191.000000	0.064087
1190.000000	0.063173
1189.000000	0.062312
1188.000000	0.061511
1187.000000	0.060793
1186.000000	0.060159
1185.000000	0.059584
1184.000000	0.059072
1183.000000	0.058654
1182.000000	0.058352
1181.000000	0.058150
1180.000000	0.058043
1179.000000	0.058043
1178.000000	0.058148
1177.000000	0.058330
1176.000000	0.058568
1175.000000	0.058854
1174.000000	0.059167
1173.000000	0.059471
1172.000000	0.059746
1171.000000	0.059991
1170.000000	0.060190
1169.000000	0.060318
1168.000000	0.060376
1167.000000	0.060382
1166.000000	0.060338
1165.000000	0.060235
1164.000000	0.060081
1163.000000	0.059888
1162.000000	0.059635
1161.000000	0.059284
1160.000000	0.058844
1159.000000	0.058354
1158.000000	0.057823
1157.000000	0.057225
1156.000000	0.056555
1155.000000	0.055849
1154.000000	0.055137
1153.000000	0.054422
1152.000000	0.053704
1151.000000	0.052996
1150.000000	0.052299
1149.000000	0.051612
1148.000000	0.050963
1147.000000	0.050390
1146.000000	0.049881
1145.000000	0.049388
1144.000000	0.048895
1143.000000	0.048439
1142.000000	0.048044
1141.000000	0.047704
1140.000000	0.047413
1139.000000	0.047172
1138.000000	0.046960
1137.000000	0.046735
1136.000000	0.046495
1135.000000	0.046265
1134.000000	0.046050
1133.000000	0.045833
1132.000000	0.045618
1131.000000	0.045440
1130.000000	0.045297
1129.000000	0.045149
1128.000000	0.044980
1127.000000	0.044811
1126.000000	0.044658
1125.000000	0.044511
1124.000000	0.044385
1123.000000	0.044311
1122.000000	0.044282
1121.000000	0.044254
1120.000000	0.044214
1119.000000	0.044201
1118.000000	0.044249
1117.000000	0.044346
1116.000000	0.044484
1115.000000	0.044670
1114.000000	0.044898
1113.000000	0.045131
1112.000000	0.045351
1111.000000	0.045569
1110.000000	0.045805
1109.000000	0.046066
1108.000000	0.046370
1107.000000	0.046719
1106.000000	0.047064
1105.000000	0.047342
1104.000000	0.047568
1103.000000	0.047829
1102.000000	0.048179
1101.000000	0.048592
1100.000000	0.049020
1099.000000	0.049453
1098.000000	0.049900
1097.000000	0.050354
1096.000000	0.050814
1095.000000	0.051287
1094.000000	0.051772
1093.000000	0.052263
1092.000000	0.052770
1091.000000	0.053311
1090.000000	0.053867
1089.000000	0.054392
1088.000000	0.054880
1087.000000	0.055377
1086.000000	0.055914
1085.000000	0.056465
1084.000000	0.056980
1083.000000	0.057437
1082.000000	0.057851
1081.000000	0.058258
1080.000000	0.058695
1079.000000	0.059176
1078.000000	0.059670
1077.000000	0.060135
1076.000000	0.060577
1075.000000	0.061046
1074.000000	0.061585
1073.000000	0.062194
1072.000000	0.062848
1071.000000	0.063514
1070.000000	0.064155
1069.000000	0.064752
1068.000000	0.065319
1067.000000	0.065875
1066.000000	0.066414
1065.000000	0.066915
1064.000000	0.067383
1063.000000	0.067841
1062.000000	0.068289
1061.000000	0.068703
1060.000000	0.069050
1059.000000	0.069312
1058.000000	0.069481
1057.000000	0.069571
1056.000000	0.069618
1055.000000	0.069650
1054.000000	0.069652
1053.000000	0.069597
1052.000000	0.069488
1051.000000	0.069349
1050.000000	0.069172
1049.000000	0.068912
1048.000000	0.068548
1047.000000	0.068089
1046.000000	0.067549
1045.000000	0.066926
1044.000000	0.066230
1043.000000	0.065490
1042.000000	0.064725
1041.000000	0.063931
1040.000000	0.063107
1039.000000	0.062272
1038.000000	0.061447
1037.000000	0.060651
1036.000000	0.059901
1035.000000	0.059198
1034.000000	0.058502
1033.000000	0.057771
1032.000000	0.057010
1031.000000	0.056258
1030.000000	0.055534
1029.000000	0.054825
1028.000000	0.054138
1027.000000	0.053516
1026.000000	0.052993
1025.000000	0.052562
1024.000000	0.052199
1023.000000	0.051887
1022.000000	0.051623
1021.000000	0.051420
1020.000000	0.051298
1019.000000	0.051250
1018.000000	0.051210
1017.000000	0.051107
1016.000000	0.050930
1015.000000	0.050723
1014.000000	0.050522
1013.000000	0.050346
1012.000000	0.050213
1011.000000	0.050129
1010.000000	0.050064
1009.000000	0.049978
1008.000000	0.049884
1007.000000	0.049828
1006.000000	0.049813
1005.000000	0.049798
1004.000000	0.049756
1003.000000	0.049696
1002.000000	0.049620
1001.000000	0.049518
1000.000000	0.049404
999.000000	0.049316
998.000000	0.049261
997.000000	0.049203
996.000000	0.049113
995.000000	0.049000
994.000000	0.048879
993.000000	0.048749
992.000000	0.048620
991.000000	0.048518
990.000000	0.048453
989.000000	0.048401
988.000000	0.048348
987.000000	0.048309
986.000000	0.048288
985.000000	0.048271
984.000000	0.048249
983.000000	0.048250
982.000000	0.048304
981.000000	0.048413
980.000000	0.048555
979.000000	0.048700
978.000000	0.048826
977.000000	0.048928
976.000000	0.049023
975.000000	0.049128
974.000000	0.049231
973.000000	0.049319
972.000000	0.049404
971.000000	0.049513
970.000000	0.049644
969.000000	0.049764
968.000000	0.049851
967.000000	0.049919
966.000000	0.049994
965.000000	0.050093
964.000000	0.050212
963.000000	0.050324
962.000000	0.050381
961.000000	0.050371
960.000000	0.050338
959.000000	0.050340
958.000000	0.050380
957.000000	0.050420
956.000000	0.050438
955.000000	0.050436
954.000000	0.050395
953.000000	0.050277
952.000000	0.050084
951.000000	0.049870
950.000000	0.049684
949.000000	0.049539
948.000000	0.049431
947.000000	0.049369
946.000000	0.049346
945.000000	0.049338
944.000000	0.049334
943.000000	0.049341
942.000000	0.049354
941.000000	0.049353
940.000000	0.049337
939.000000	0.049342
938.000000	0.049396
937.000000	0.049490
936.000000	0.049603
935.000000	0.049729
934.000000	0.049860
933.000000	0.049975
932.000000	0.050054
931.000000	0.050084
930.000000	0.050046
929.000000	0.049930
928.000000	0.049759
927.000000	0.049586
926.000000	0.049445
925.000000	0.049333
924.000000	0.049228
923.000000	0.049114
922.000000	0.048978
921.000000	0.048806
920.000000	0.048610
919.000000	0.048411
918.000000	0.048210
917.000000	0.047993
916.000000	0.047767
915.000000	0.047568
914.000000	0.047416
913.000000	0.047290
912.000000	0.047162
911.000000	0.047037
910.000000	0.046929
909.000000	0.046849
908.000000	0.046804
907.000000	0.046804
906.000000	0.046845
905.000000	0.046910
904.000000	0.046993
903.000000	0.047098
902.000000	0.047213
901.000000	0.047305
900.000000	0.047355
899.000000	0.047378
898.000000	0.047396
897.000000	0.047419
896.000000	0.047443
895.000000	0.047471
894.000000	0.047501
893.000000	0.047534
892.000000	0.047582
891.000000	0.047655
890.000000	0.047725
889.000000	0.047735
888.000000	0.047657
887.000000	0.047532
886.000000	0.047435
885.000000	0.047416
884.000000	0.047479
883.000000	0.047595
882.000000	0.047718
881.000000	0.047800
880.000000	0.047821
879.000000	0.047810
878.000000	0.047823
877.000000	0.047902
876.000000	0.048036
875.000000	0.048176
874.000000	0.048270
873.000000	0.048309
872.000000	0.048325
871.000000	0.048356
870.000000	0.048419
869.000000	0.048505
868.000000	0.048597
867.000000	0.048673
866.000000	0.048724
865.000000	0.048769
864.000000	0.048839
863.000000	0.048932
862.000000	0.049011
861.000000	0.049054
860.000000	0.049092
859.000000	0.049161
858.000000	0.049246
857.000000	0.049304
856.000000	0.049337
855.000000	0.049390
854.000000	0.049489
853.000000	0.049614
852.000000	0.049741
851.000000	0.049873
850.000000	0.050012
849.000000	0.050136
848.000000	0.050220
847.000000	0.050269
846.000000	0.050321
845.000000	0.050406
844.000000	0.050531
843.000000	0.050684
842.000000	0.050861
841.000000	0.051076
840.000000	0.051335
839.000000	0.051610
838.000000	0.051851
837.000000	0.052050
836.000000	0.052250
835.000000	0.052493
834.000000	0.052768
833.000000	0.053043
832.000000	0.053321
831.000000	0.053627
830.000000	0.053951
829.000000	0.054245
828.000000	0.054487
827.000000	0.054727
826.000000	0.055029
825.000000	0.055392
824.000000	0.055746
823.000000	0.056029
822.000000	0.056246
821.000000	0.056455
820.000000	0.056702
819.000000	0.057002
818.000000	0.057352
817.000000	0.057748
816.000000	0.058185
815.000000	0.058637
814.000000	0.059080
813.000000	0.059510
812.000000	0.059926
811.000000	0.060325
810.000000	0.060706
809.000000	0.061090
808.000000	0.061499
807.000000	0.061923
806.000000	0.062341
805.000000	0.062753
804.000000	0.063176
803.000000	0.063609
802.000000	0.064032
801.000000	0.064442
800.000000	0.064859
799.000000	0.065286
798.000000	0.065711
797.000000	0.066142
796.000000	0.066608
795.000000	0.067116
794.000000	0.067639
793.000000	0.068157
792.000000	0.068662
791.000000	0.069146
790.000000	0.069611
789.000000	0.070103
788.000000	0.070676
787.000000	0.071305
786.000000	0.071895
785.000000	0.072391
784.000000	0.072842
783.000000	0.073330
782.000000	0.073876
781.000000	0.074444
780.000000	0.075019
779.000000	0.075608
778.000000	0.076211
777.000000	0.076814
776.000000	0.077406
775.000000	0.077990
774.000000	0.078559
773.000000	0.079115
772.000000	0.079675
771.000000	0.080249
770.000000	0.080822
769.000000	0.081376
768.000000	0.081914
767.000000	0.082447
766.000000	0.082967
765.000000	0.083460
764.000000	0.083920
763.000000	0.084353
762.000000	0.084774
761.000000	0.085212
760.000000	0.085694
759.000000	0.086210
758.000000	0.086721
757.000000	0.087200
756.000000	0.087668
755.000000	0.088156
754.000000	0.088675
753.000000	0.089216
752.000000	0.089759
751.000000	0.090275
750.000000	0.090727
749.000000	0.091105
748.000000	0.091424
747.000000	0.091676
746.000000	0.091823
745.000000	0.091858
744.000000	0.091853
743.000000	0.091903
742.000000	0.092029
741.000000	0.092184
740.000000	0.092338
739.000000	0.092515
738.000000	0.092752
737.000000	0.093062
736.000000	0.093438
735.000000	0.093877
734.000000	0.094361
733.000000	0.094864
732.000000	0.095367
731.000000	0.095861
730.000000	0.096336
729.000000	0.096791
728.000000	0.097264
727.000000	0.097824
726.000000	0.098511
725.000000	0.099292
724.000000	0.100083
723.000000	0.100825
722.000000	0.101532
721.000000	0.102260
720.000000	0.103044
719.000000	0.103867
718.000000	0.104692
717.000000	0.105494
716.000000	0.106277
715.000000	0.107062
714.000000	0.107878
713.000000	0.108751
712.000000	0.109713
711.000000	0.110785
710.000000	0.111965
709.000000	0.113229
708.000000	0.114558
707.000000	0.115938
706.000000	0.117350
705.000000	0.118738
704.000000	0.120011
703.000000	0.121101
702.000000	0.121989
701.000000	0.122680
700.000000	0.123175
699.000000	0.123485
698.000000	0.123637
697.000000	0.123658
696.000000	0.123560
695.000000	0.123380
694.000000	0.123197
693.000000	0.123093
692.000000	0.123099
691.000000	0.123176
690.000000	0.123250
689.000000	0.123274
688.000000	0.123267
687.000000	0.123315
686.000000	0.123501
685.000000	0.123818
684.000000	0.124181
683.000000	0.124516
682.000000	0.124813
681.000000	0.125099
680.000000	0.125385
679.000000	0.125659
678.000000	0.125902
677.000000	0.126147
676.000000	0.126446
675.000000	0.126807
674.000000	0.127166
673.000000	0.127398
672.000000	0.127386
671.000000	0.127111
670.000000	0.126696
669.000000	0.126440
668.000000	0.126815
667.000000	0.127964
666.000000	0.129022
665.000000	0.129665
664.000000	0.130135
663.000000	0.130526
662.000000	0.130825
661.000000	0.131088
660.000000	0.131394
659.000000	0.131726
658.000000	0.132011
657.000000	0.132274
656.000000	0.132607
655.000000	0.133039
654.000000	0.133535
653.000000	0.134036
652.000000	0.134465
651.000000	0.134791
650.000000	0.135122
649.000000	0.135629
648.000000	0.136328
647.000000	0.137046
646.000000	0.137665
645.000000	0.138230
644.000000	0.138811
643.000000	0.139391
642.000000	0.139959
641.000000	0.140565
640.000000	0.141226
639.000000	0.141865
638.000000	0.142443
637.000000	0.143034
636.000000	0.143681
635.000000	0.144318
634.000000	0.144887
633.000000	0.145427
632.000000	0.145981
631.000000	0.146515
630.000000	0.147011
629.000000	0.147537
628.000000	0.148136
627.000000	0.148734
626.000000	0.149246
625.000000	0.149667
624.000000	0.150021
623.000000	0.150306
622.000000	0.150555
621.000000	0.150831
620.000000	0.151121
619.000000	0.151329
618.000000	0.151437
617.000000	0.151566
616.000000	0.151821
615.000000	0.152172
614.000000	0.152526
613.000000	0.152821
612.000000	0.153010
611.000000	0.153093
610.000000	0.153199
609.000000	0.153500
608.000000	0.153982
607.000000	0.154443
606.000000	0.154783
605.000000	0.155135
604.000000	0.155621
603.000000	0.156159
602.000000	0.156616
601.000000	0.157006
600.000000	0.157420
599.000000	0.157870
598.000000	0.158325
597.000000	0.158800
596.000000	0.159299
595.000000	0.159750
594.000000	0.160121
593.000000	0.160500
592.000000	0.160994
591.000000	0.161596
590.000000	0.162242
589.000000	0.162908
588.000000	0.163599
587.000000	0.164314
586.000000	0.165083
585.000000	0.165941
584.000000	0.166813
583.000000	0.167553
582.000000	0.168138
581.000000	0.168689
580.000000	0.169260
579.000000	0.169773
578.000000	0.170228
577.000000	0.170802
576.000000	0.171628
575.000000	0.172619
574.000000	0.173623
573.000000	0.174611
572.000000	0.175601
571.000000	0.176577
570.000000	0.177551
569.000000	0.178556
568.000000	0.179498
567.000000	0.180205
566.000000	0.180746
565.000000	0.181434
564.000000	0.182432
563.000000	0.183548
562.000000	0.184540
561.000000	0.185404
560.000000	0.186239
559.000000	0.187066
558.000000	0.187935
557.000000	0.188970
556.000000	0.190131
555.000000	0.191175
554.000000	0.192004
553.000000	0.192845
552.000000	0.193898
551.000000	0.195060
550.000000	0.196169
549.000000	0.197277
548.000000	0.198474
547.000000	0.199678
546.000000	0.200818
545.000000	0.202001
544.000000	0.203270
543.000000	0.204444
542.000000	0.205410
541.000000	0.206352
540.000000	0.207484
539.000000	0.208734
538.000000	0.209918
537.000000	0.211005
536.000000	0.212037
535.000000	0.213005
534.000000	0.213984
533.000000	0.215142
532.000000	0.216453
531.000000	0.217650
530.000000	0.218637
529.000000	0.219656
528.000000	0.220873
527.000000	0.222088
526.000000	0.223079
525.000000	0.223940
524.000000	0.224831
523.000000	0.225686
522.000000	0.226422
521.000000	0.227131
520.000000	0.227855
519.000000	0.228485
518.000000	0.229048
517.000000	0.229783
516.000000	0.230720
515.000000	0.231584
514.000000	0.232278
513.000000	0.233012
512.000000	0.233829
511.000000	0.234457
510.000000	0.234851
509.000000	0.235374
508.000000	0.236180
507.000000	0.236870
506.000000	0.237119
505.000000	0.237232
504.000000	0.237664
503.000000	0.238438
502.000000	0.239314
501.000000	0.240178
500.000000	0.240945
499.000000	0.241453
498.000000	0.241751
497.000000	0.242157
496.000000	0.242767
495.000000	0.243265
494.000000	0.243461
493.000000	0.243612
492.000000	0.243927
491.000000	0.244245
490.000000	0.244485
489.000000	0.244933
488.000000	0.245739
487.000000	0.246621
486.000000	0.247346
485.000000	0.248064
484.000000	0.248835
483.000000	0.249363
482.000000	0.249563
481.000000	0.249833
480.000000	0.250365
479.000000	0.250805
478.000000	0.250924
477.000000	0.251082
476.000000	0.251593
475.000000	0.252250
474.000000	0.252833
473.000000	0.253502
472.000000	0.254264
471.000000	0.254731
470.000000	0.254941
469.000000	0.255555
468.000000	0.256841
467.000000	0.258196
466.000000	0.259084
465.000000	0.259695
464.000000	0.260176
463.000000	0.260151
462.000000	0.259582
461.000000	0.259189
460.000000	0.259394
459.000000	0.259711
458.000000	0.259768
457.000000	0.260153
456.000000	0.261257
455.000000	0.262436
454.000000	0.263143
453.000000	0.263719
452.000000	0.264589
451.000000	0.265468
450.000000	0.265987
449.000000	0.266358
448.000000	0.266719
447.000000	0.266661
446.000000	0.266068
445.000000	0.265667
444.000000	0.266052
443.000000	0.266881
442.000000	0.267577
441.000000	0.268178
440.000000	0.268816
439.000000	0.269148
438.000000	0.268974
437.000000	0.268761
436.000000	0.268972
435.000000	0.269441
434.000000	0.269973
433.000000	0.270774
432.000000	0.271773
431.000000	0.272422
430.000000	0.272628
429.000000	0.272976
428.000000	0.273583
427.000000	0.273839
426.000000	0.273697
425.000000	0.273947
424.000000	0.274573
423.000000	0.274343
422.000000	0.272977
421.000000	0.272079
420.000000	0.273040
419.000000	0.275065
418.000000	0.276470
417.000000	0.277476
416.000000	0.278616
415.000000	0.279045
414.000000	0.278183
413.000000	0.276987
412.000000	0.276403
411.000000	0.275915
410.000000	0.275040
409.000000	0.274676
408.000000	0.275372
407.000000	0.276039
406.000000	0.275864
405.000000	0.275668
404.000000	0.275829
403.000000	0.275119
402.000000	0.273076
401.000000	0.271199
400.000000	0.270198
