PE IR       SUBTECH     SPECTRUM    ASCII       PEDS        4.00        
   -1
5_6_24 BW Inner Post ssNMR Wet 2.ASC
24/05/06
16:02:32.00
24/05/06
16:02:43.00
Yarger Lab
Sample 054 By YargerLab Date Monday, May 06 2024
400.000000
#HDR
-1
-1
#GR
cm-1
A
1.0
0.0
4000.000000
-1.000000
3601
8
0.017170
0.000188
#DATA
4000.000000	0.000441
3999.000000	0.000447
3998.000000	0.000452
3997.000000	0.000464
3996.000000	0.000469
3995.000000	0.000471
3994.000000	0.000470
3993.000000	0.000467
3992.000000	0.000464
3991.000000	0.000462
3990.000000	0.000458
3989.000000	0.000451
3988.000000	0.000439
3987.000000	0.000426
3986.000000	0.000417
3985.000000	0.000413
3984.000000	0.000414
3983.000000	0.000417
3982.000000	0.000420
3981.000000	0.000422
3980.000000	0.000417
3979.000000	0.000407
3978.000000	0.000395
3977.000000	0.000388
3976.000000	0.000391
3975.000000	0.000400
3974.000000	0.000413
3973.000000	0.000424
3972.000000	0.000433
3971.000000	0.000441
3970.000000	0.000445
3969.000000	0.000443
3968.000000	0.000434
3967.000000	0.000422
3966.000000	0.000412
3965.000000	0.000408
3964.000000	0.000409
3963.000000	0.000412
3962.000000	0.000416
3961.000000	0.000419
3960.000000	0.000421
3959.000000	0.000421
3958.000000	0.000422
3957.000000	0.000425
3956.000000	0.000430
3955.000000	0.000432
3954.000000	0.000432
3953.000000	0.000429
3952.000000	0.000426
3951.000000	0.000424
3950.000000	0.000424
3949.000000	0.000421
3948.000000	0.000414
3947.000000	0.000404
3946.000000	0.000394
3945.000000	0.000387
3944.000000	0.000384
3943.000000	0.000385
3942.000000	0.000389
3941.000000	0.000393
3940.000000	0.000396
3939.000000	0.000397
3938.000000	0.000396
3937.000000	0.000396
3936.000000	0.000394
3935.000000	0.000390
3934.000000	0.000384
3933.000000	0.000379
3932.000000	0.000379
3931.000000	0.000388
3930.000000	0.000401
3929.000000	0.000415
3928.000000	0.000424
3927.000000	0.000428
3926.000000	0.000427
3925.000000	0.000424
3924.000000	0.000420
3923.000000	0.000412
3922.000000	0.000402
3921.000000	0.000391
3920.000000	0.000384
3919.000000	0.000381
3918.000000	0.000381
3917.000000	0.000384
3916.000000	0.000387
3915.000000	0.000388
3914.000000	0.000387
3913.000000	0.000386
3912.000000	0.000388
3911.000000	0.000392
3910.000000	0.000395
3909.000000	0.000395
3908.000000	0.000393
3907.000000	0.000390
3906.000000	0.000385
3905.000000	0.000380
3904.000000	0.000373
3903.000000	0.000363
3902.000000	0.000349
3901.000000	0.000334
3900.000000	0.000324
3899.000000	0.000324
3898.000000	0.000332
3897.000000	0.000339
3896.000000	0.000342
3895.000000	0.000343
3894.000000	0.000343
3893.000000	0.000346
3892.000000	0.000355
3891.000000	0.000371
3890.000000	0.000390
3889.000000	0.000404
3888.000000	0.000406
3887.000000	0.000398
3886.000000	0.000387
3885.000000	0.000380
3884.000000	0.000372
3883.000000	0.000361
3882.000000	0.000351
3881.000000	0.000348
3880.000000	0.000353
3879.000000	0.000358
3878.000000	0.000357
3877.000000	0.000349
3876.000000	0.000341
3875.000000	0.000341
3874.000000	0.000347
3873.000000	0.000353
3872.000000	0.000350
3871.000000	0.000343
3870.000000	0.000346
3869.000000	0.000361
3868.000000	0.000374
3867.000000	0.000377
3866.000000	0.000374
3865.000000	0.000379
3864.000000	0.000389
3863.000000	0.000394
3862.000000	0.000388
3861.000000	0.000377
3860.000000	0.000371
3859.000000	0.000377
3858.000000	0.000397
3857.000000	0.000426
3856.000000	0.000447
3855.000000	0.000451
3854.000000	0.000439
3853.000000	0.000421
3852.000000	0.000404
3851.000000	0.000389
3850.000000	0.000380
3849.000000	0.000378
3848.000000	0.000376
3847.000000	0.000371
3846.000000	0.000362
3845.000000	0.000353
3844.000000	0.000350
3843.000000	0.000353
3842.000000	0.000360
3841.000000	0.000364
3840.000000	0.000363
3839.000000	0.000359
3838.000000	0.000358
3837.000000	0.000362
3836.000000	0.000368
3835.000000	0.000374
3834.000000	0.000378
3833.000000	0.000379
3832.000000	0.000380
3831.000000	0.000381
3830.000000	0.000381
3829.000000	0.000380
3828.000000	0.000381
3827.000000	0.000383
3826.000000	0.000386
3825.000000	0.000387
3824.000000	0.000382
3823.000000	0.000375
3822.000000	0.000376
3821.000000	0.000387
3820.000000	0.000395
3819.000000	0.000390
3818.000000	0.000374
3817.000000	0.000362
3816.000000	0.000367
3815.000000	0.000383
3814.000000	0.000393
3813.000000	0.000389
3812.000000	0.000380
3811.000000	0.000378
3810.000000	0.000381
3809.000000	0.000386
3808.000000	0.000390
3807.000000	0.000396
3806.000000	0.000405
3805.000000	0.000410
3804.000000	0.000408
3803.000000	0.000402
3802.000000	0.000399
3801.000000	0.000398
3800.000000	0.000391
3799.000000	0.000377
3798.000000	0.000366
3797.000000	0.000366
3796.000000	0.000378
3795.000000	0.000390
3794.000000	0.000397
3793.000000	0.000400
3792.000000	0.000405
3791.000000	0.000410
3790.000000	0.000413
3789.000000	0.000413
3788.000000	0.000413
3787.000000	0.000414
3786.000000	0.000416
3785.000000	0.000414
3784.000000	0.000407
3783.000000	0.000396
3782.000000	0.000383
3781.000000	0.000374
3780.000000	0.000374
3779.000000	0.000382
3778.000000	0.000393
3777.000000	0.000400
3776.000000	0.000402
3775.000000	0.000398
3774.000000	0.000394
3773.000000	0.000390
3772.000000	0.000386
3771.000000	0.000387
3770.000000	0.000395
3769.000000	0.000407
3768.000000	0.000416
3767.000000	0.000420
3766.000000	0.000420
3765.000000	0.000422
3764.000000	0.000422
3763.000000	0.000419
3762.000000	0.000413
3761.000000	0.000410
3760.000000	0.000413
3759.000000	0.000413
3758.000000	0.000404
3757.000000	0.000392
3756.000000	0.000385
3755.000000	0.000383
3754.000000	0.000384
3753.000000	0.000384
3752.000000	0.000386
3751.000000	0.000386
3750.000000	0.000383
3749.000000	0.000381
3748.000000	0.000387
3747.000000	0.000394
3746.000000	0.000397
3745.000000	0.000400
3744.000000	0.000405
3743.000000	0.000404
3742.000000	0.000394
3741.000000	0.000384
3740.000000	0.000381
3739.000000	0.000383
3738.000000	0.000379
3737.000000	0.000374
3736.000000	0.000380
3735.000000	0.000401
3734.000000	0.000423
3733.000000	0.000435
3732.000000	0.000438
3731.000000	0.000437
3730.000000	0.000435
3729.000000	0.000430
3728.000000	0.000425
3727.000000	0.000423
3726.000000	0.000426
3725.000000	0.000427
3724.000000	0.000423
3723.000000	0.000419
3722.000000	0.000419
3721.000000	0.000422
3720.000000	0.000429
3719.000000	0.000436
3718.000000	0.000444
3717.000000	0.000451
3716.000000	0.000455
3715.000000	0.000453
3714.000000	0.000446
3713.000000	0.000438
3712.000000	0.000436
3711.000000	0.000438
3710.000000	0.000442
3709.000000	0.000446
3708.000000	0.000446
3707.000000	0.000444
3706.000000	0.000442
3705.000000	0.000440
3704.000000	0.000441
3703.000000	0.000443
3702.000000	0.000448
3701.000000	0.000458
3700.000000	0.000469
3699.000000	0.000480
3698.000000	0.000487
3697.000000	0.000490
3696.000000	0.000493
3695.000000	0.000494
3694.000000	0.000494
3693.000000	0.000498
3692.000000	0.000509
3691.000000	0.000521
3690.000000	0.000529
3689.000000	0.000529
3688.000000	0.000523
3687.000000	0.000513
3686.000000	0.000501
3685.000000	0.000488
3684.000000	0.000479
3683.000000	0.000479
3682.000000	0.000486
3681.000000	0.000495
3680.000000	0.000504
3679.000000	0.000511
3678.000000	0.000515
3677.000000	0.000519
3676.000000	0.000532
3675.000000	0.000551
3674.000000	0.000556
3673.000000	0.000541
3672.000000	0.000518
3671.000000	0.000507
3670.000000	0.000519
3669.000000	0.000541
3668.000000	0.000555
3667.000000	0.000558
3666.000000	0.000560
3665.000000	0.000566
3664.000000	0.000573
3663.000000	0.000582
3662.000000	0.000590
3661.000000	0.000600
3660.000000	0.000608
3659.000000	0.000612
3658.000000	0.000612
3657.000000	0.000610
3656.000000	0.000610
3655.000000	0.000611
3654.000000	0.000613
3653.000000	0.000612
3652.000000	0.000612
3651.000000	0.000613
3650.000000	0.000615
3649.000000	0.000615
3648.000000	0.000618
3647.000000	0.000625
3646.000000	0.000635
3645.000000	0.000641
3644.000000	0.000642
3643.000000	0.000644
3642.000000	0.000649
3641.000000	0.000656
3640.000000	0.000659
3639.000000	0.000660
3638.000000	0.000661
3637.000000	0.000668
3636.000000	0.000676
3635.000000	0.000684
3634.000000	0.000696
3633.000000	0.000709
3632.000000	0.000718
3631.000000	0.000716
3630.000000	0.000709
3629.000000	0.000706
3628.000000	0.000710
3627.000000	0.000712
3626.000000	0.000714
3625.000000	0.000721
3624.000000	0.000732
3623.000000	0.000745
3622.000000	0.000756
3621.000000	0.000766
3620.000000	0.000779
3619.000000	0.000795
3618.000000	0.000807
3617.000000	0.000809
3616.000000	0.000801
3615.000000	0.000787
3614.000000	0.000778
3613.000000	0.000779
3612.000000	0.000788
3611.000000	0.000797
3610.000000	0.000802
3609.000000	0.000808
3608.000000	0.000820
3607.000000	0.000836
3606.000000	0.000851
3605.000000	0.000859
3604.000000	0.000863
3603.000000	0.000866
3602.000000	0.000871
3601.000000	0.000878
3600.000000	0.000885
3599.000000	0.000890
3598.000000	0.000894
3597.000000	0.000900
3596.000000	0.000911
3595.000000	0.000927
3594.000000	0.000944
3593.000000	0.000958
3592.000000	0.000968
3591.000000	0.000973
3590.000000	0.000973
3589.000000	0.000972
3588.000000	0.000970
3587.000000	0.000973
3586.000000	0.000978
3585.000000	0.000988
3584.000000	0.001000
3583.000000	0.001013
3582.000000	0.001028
3581.000000	0.001045
3580.000000	0.001066
3579.000000	0.001091
3578.000000	0.001115
3577.000000	0.001133
3576.000000	0.001141
3575.000000	0.001140
3574.000000	0.001136
3573.000000	0.001134
3572.000000	0.001137
3571.000000	0.001145
3570.000000	0.001155
3569.000000	0.001162
3568.000000	0.001168
3567.000000	0.001175
3566.000000	0.001181
3565.000000	0.001189
3564.000000	0.001198
3563.000000	0.001208
3562.000000	0.001218
3561.000000	0.001228
3560.000000	0.001237
3559.000000	0.001247
3558.000000	0.001259
3557.000000	0.001271
3556.000000	0.001284
3555.000000	0.001300
3554.000000	0.001315
3553.000000	0.001329
3552.000000	0.001338
3551.000000	0.001345
3550.000000	0.001351
3549.000000	0.001358
3548.000000	0.001366
3547.000000	0.001373
3546.000000	0.001378
3545.000000	0.001379
3544.000000	0.001383
3543.000000	0.001392
3542.000000	0.001408
3541.000000	0.001427
3540.000000	0.001446
3539.000000	0.001465
3538.000000	0.001485
3537.000000	0.001505
3536.000000	0.001518
3535.000000	0.001523
3534.000000	0.001522
3533.000000	0.001522
3532.000000	0.001531
3531.000000	0.001547
3530.000000	0.001562
3529.000000	0.001571
3528.000000	0.001576
3527.000000	0.001582
3526.000000	0.001592
3525.000000	0.001607
3524.000000	0.001622
3523.000000	0.001636
3522.000000	0.001649
3521.000000	0.001661
3520.000000	0.001672
3519.000000	0.001684
3518.000000	0.001697
3517.000000	0.001712
3516.000000	0.001728
3515.000000	0.001745
3514.000000	0.001760
3513.000000	0.001772
3512.000000	0.001782
3511.000000	0.001793
3510.000000	0.001805
3509.000000	0.001818
3508.000000	0.001829
3507.000000	0.001838
3506.000000	0.001846
3505.000000	0.001855
3504.000000	0.001865
3503.000000	0.001876
3502.000000	0.001889
3501.000000	0.001904
3500.000000	0.001922
3499.000000	0.001940
3498.000000	0.001955
3497.000000	0.001968
3496.000000	0.001979
3495.000000	0.001991
3494.000000	0.002005
3493.000000	0.002021
3492.000000	0.002038
3491.000000	0.002056
3490.000000	0.002075
3489.000000	0.002093
3488.000000	0.002107
3487.000000	0.002118
3486.000000	0.002128
3485.000000	0.002138
3484.000000	0.002148
3483.000000	0.002158
3482.000000	0.002168
3481.000000	0.002179
3480.000000	0.002191
3479.000000	0.002204
3478.000000	0.002219
3477.000000	0.002235
3476.000000	0.002251
3475.000000	0.002265
3474.000000	0.002277
3473.000000	0.002288
3472.000000	0.002296
3471.000000	0.002302
3470.000000	0.002308
3469.000000	0.002317
3468.000000	0.002331
3467.000000	0.002353
3466.000000	0.002379
3465.000000	0.002402
3464.000000	0.002415
3463.000000	0.002417
3462.000000	0.002414
3461.000000	0.002417
3460.000000	0.002431
3459.000000	0.002454
3458.000000	0.002482
3457.000000	0.002503
3456.000000	0.002514
3455.000000	0.002515
3454.000000	0.002515
3453.000000	0.002522
3452.000000	0.002536
3451.000000	0.002554
3450.000000	0.002569
3449.000000	0.002581
3448.000000	0.002590
3447.000000	0.002598
3446.000000	0.002611
3445.000000	0.002629
3444.000000	0.002649
3443.000000	0.002665
3442.000000	0.002674
3441.000000	0.002679
3440.000000	0.002688
3439.000000	0.002703
3438.000000	0.002724
3437.000000	0.002749
3436.000000	0.002771
3435.000000	0.002788
3434.000000	0.002799
3433.000000	0.002809
3432.000000	0.002821
3431.000000	0.002838
3430.000000	0.002857
3429.000000	0.002880
3428.000000	0.002905
3427.000000	0.002929
3426.000000	0.002950
3425.000000	0.002968
3424.000000	0.002982
3423.000000	0.002992
3422.000000	0.002998
3421.000000	0.003003
3420.000000	0.003013
3419.000000	0.003030
3418.000000	0.003052
3417.000000	0.003069
3416.000000	0.003077
3415.000000	0.003077
3414.000000	0.003076
3413.000000	0.003081
3412.000000	0.003094
3411.000000	0.003115
3410.000000	0.003141
3409.000000	0.003167
3408.000000	0.003189
3407.000000	0.003207
3406.000000	0.003223
3405.000000	0.003236
3404.000000	0.003245
3403.000000	0.003249
3402.000000	0.003249
3401.000000	0.003249
3400.000000	0.003254
3399.000000	0.003270
3398.000000	0.003294
3397.000000	0.003320
3396.000000	0.003341
3395.000000	0.003352
3394.000000	0.003357
3393.000000	0.003362
3392.000000	0.003371
3391.000000	0.003385
3390.000000	0.003405
3389.000000	0.003431
3388.000000	0.003457
3387.000000	0.003481
3386.000000	0.003499
3385.000000	0.003512
3384.000000	0.003524
3383.000000	0.003537
3382.000000	0.003551
3381.000000	0.003565
3380.000000	0.003580
3379.000000	0.003596
3378.000000	0.003612
3377.000000	0.003628
3376.000000	0.003644
3375.000000	0.003659
3374.000000	0.003670
3373.000000	0.003679
3372.000000	0.003686
3371.000000	0.003695
3370.000000	0.003707
3369.000000	0.003719
3368.000000	0.003730
3367.000000	0.003743
3366.000000	0.003763
3365.000000	0.003791
3364.000000	0.003826
3363.000000	0.003861
3362.000000	0.003890
3361.000000	0.003912
3360.000000	0.003930
3359.000000	0.003948
3358.000000	0.003969
3357.000000	0.003994
3356.000000	0.004025
3355.000000	0.004056
3354.000000	0.004081
3353.000000	0.004097
3352.000000	0.004106
3351.000000	0.004118
3350.000000	0.004139
3349.000000	0.004170
3348.000000	0.004207
3347.000000	0.004245
3346.000000	0.004279
3345.000000	0.004308
3344.000000	0.004331
3343.000000	0.004351
3342.000000	0.004372
3341.000000	0.004395
3340.000000	0.004417
3339.000000	0.004439
3338.000000	0.004466
3337.000000	0.004502
3336.000000	0.004546
3335.000000	0.004591
3334.000000	0.004636
3333.000000	0.004681
3332.000000	0.004729
3331.000000	0.004779
3330.000000	0.004827
3329.000000	0.004866
3328.000000	0.004892
3327.000000	0.004910
3326.000000	0.004930
3325.000000	0.004959
3324.000000	0.005000
3323.000000	0.005046
3322.000000	0.005092
3321.000000	0.005139
3320.000000	0.005189
3319.000000	0.005242
3318.000000	0.005292
3317.000000	0.005334
3316.000000	0.005368
3315.000000	0.005396
3314.000000	0.005426
3313.000000	0.005460
3312.000000	0.005496
3311.000000	0.005527
3310.000000	0.005549
3309.000000	0.005566
3308.000000	0.005586
3307.000000	0.005612
3306.000000	0.005649
3305.000000	0.005694
3304.000000	0.005746
3303.000000	0.005800
3302.000000	0.005851
3301.000000	0.005897
3300.000000	0.005940
3299.000000	0.005978
3298.000000	0.006011
3297.000000	0.006038
3296.000000	0.006060
3295.000000	0.006083
3294.000000	0.006109
3293.000000	0.006137
3292.000000	0.006169
3291.000000	0.006202
3290.000000	0.006237
3289.000000	0.006270
3288.000000	0.006300
3287.000000	0.006326
3286.000000	0.006349
3285.000000	0.006368
3284.000000	0.006383
3283.000000	0.006396
3282.000000	0.006404
3281.000000	0.006404
3280.000000	0.006393
3279.000000	0.006373
3278.000000	0.006350
3277.000000	0.006328
3276.000000	0.006311
3275.000000	0.006299
3274.000000	0.006286
3273.000000	0.006266
3272.000000	0.006239
3271.000000	0.006210
3270.000000	0.006187
3269.000000	0.006172
3268.000000	0.006159
3267.000000	0.006140
3266.000000	0.006111
3265.000000	0.006079
3264.000000	0.006050
3263.000000	0.006024
3262.000000	0.005997
3261.000000	0.005965
3260.000000	0.005929
3259.000000	0.005891
3258.000000	0.005847
3257.000000	0.005793
3256.000000	0.005732
3255.000000	0.005671
3254.000000	0.005619
3253.000000	0.005579
3252.000000	0.005548
3251.000000	0.005515
3250.000000	0.005471
3249.000000	0.005414
3248.000000	0.005351
3247.000000	0.005295
3246.000000	0.005258
3245.000000	0.005234
3244.000000	0.005212
3243.000000	0.005184
3242.000000	0.005149
3241.000000	0.005114
3240.000000	0.005083
3239.000000	0.005058
3238.000000	0.005032
3237.000000	0.004998
3236.000000	0.004951
3235.000000	0.004899
3234.000000	0.004853
3233.000000	0.004825
3232.000000	0.004816
3231.000000	0.004815
3230.000000	0.004810
3229.000000	0.004795
3228.000000	0.004773
3227.000000	0.004751
3226.000000	0.004732
3225.000000	0.004714
3224.000000	0.004689
3223.000000	0.004658
3222.000000	0.004624
3221.000000	0.004591
3220.000000	0.004563
3219.000000	0.004541
3218.000000	0.004523
3217.000000	0.004505
3216.000000	0.004482
3215.000000	0.004455
3214.000000	0.004428
3213.000000	0.004405
3212.000000	0.004383
3211.000000	0.004359
3210.000000	0.004334
3209.000000	0.004312
3208.000000	0.004294
3207.000000	0.004277
3206.000000	0.004257
3205.000000	0.004234
3204.000000	0.004210
3203.000000	0.004186
3202.000000	0.004164
3201.000000	0.004141
3200.000000	0.004115
3199.000000	0.004086
3198.000000	0.004055
3197.000000	0.004026
3196.000000	0.004002
3195.000000	0.003981
3194.000000	0.003957
3193.000000	0.003931
3192.000000	0.003905
3191.000000	0.003882
3190.000000	0.003863
3189.000000	0.003845
3188.000000	0.003827
3187.000000	0.003808
3186.000000	0.003787
3185.000000	0.003765
3184.000000	0.003740
3183.000000	0.003711
3182.000000	0.003682
3181.000000	0.003653
3180.000000	0.003626
3179.000000	0.003600
3178.000000	0.003573
3177.000000	0.003545
3176.000000	0.003517
3175.000000	0.003487
3174.000000	0.003458
3173.000000	0.003434
3172.000000	0.003415
3171.000000	0.003398
3170.000000	0.003379
3169.000000	0.003355
3168.000000	0.003327
3167.000000	0.003299
3166.000000	0.003277
3165.000000	0.003259
3164.000000	0.003242
3163.000000	0.003219
3162.000000	0.003191
3161.000000	0.003163
3160.000000	0.003142
3159.000000	0.003126
3158.000000	0.003109
3157.000000	0.003086
3156.000000	0.003056
3155.000000	0.003022
3154.000000	0.002991
3153.000000	0.002966
3152.000000	0.002948
3151.000000	0.002936
3150.000000	0.002928
3149.000000	0.002920
3148.000000	0.002913
3147.000000	0.002905
3146.000000	0.002895
3145.000000	0.002880
3144.000000	0.002860
3143.000000	0.002835
3142.000000	0.002809
3141.000000	0.002785
3140.000000	0.002763
3139.000000	0.002747
3138.000000	0.002736
3137.000000	0.002733
3136.000000	0.002732
3135.000000	0.002730
3134.000000	0.002723
3133.000000	0.002710
3132.000000	0.002691
3131.000000	0.002672
3130.000000	0.002658
3129.000000	0.002653
3128.000000	0.002658
3127.000000	0.002667
3126.000000	0.002673
3125.000000	0.002670
3124.000000	0.002657
3123.000000	0.002634
3122.000000	0.002607
3121.000000	0.002582
3120.000000	0.002564
3119.000000	0.002553
3118.000000	0.002545
3117.000000	0.002538
3116.000000	0.002534
3115.000000	0.002537
3114.000000	0.002548
3113.000000	0.002563
3112.000000	0.002577
3111.000000	0.002587
3110.000000	0.002590
3109.000000	0.002591
3108.000000	0.002593
3107.000000	0.002599
3106.000000	0.002607
3105.000000	0.002616
3104.000000	0.002623
3103.000000	0.002628
3102.000000	0.002628
3101.000000	0.002624
3100.000000	0.002618
3099.000000	0.002615
3098.000000	0.002619
3097.000000	0.002627
3096.000000	0.002637
3095.000000	0.002646
3094.000000	0.002655
3093.000000	0.002664
3092.000000	0.002669
3091.000000	0.002671
3090.000000	0.002669
3089.000000	0.002665
3088.000000	0.002658
3087.000000	0.002647
3086.000000	0.002634
3085.000000	0.002626
3084.000000	0.002625
3083.000000	0.002630
3082.000000	0.002630
3081.000000	0.002621
3080.000000	0.002607
3079.000000	0.002598
3078.000000	0.002603
3077.000000	0.002622
3076.000000	0.002650
3075.000000	0.002680
3074.000000	0.002705
3073.000000	0.002720
3072.000000	0.002724
3071.000000	0.002717
3070.000000	0.002702
3069.000000	0.002683
3068.000000	0.002667
3067.000000	0.002660
3066.000000	0.002664
3065.000000	0.002674
3064.000000	0.002684
3063.000000	0.002687
3062.000000	0.002681
3061.000000	0.002670
3060.000000	0.002657
3059.000000	0.002646
3058.000000	0.002636
3057.000000	0.002622
3056.000000	0.002604
3055.000000	0.002584
3054.000000	0.002568
3053.000000	0.002552
3052.000000	0.002535
3051.000000	0.002518
3050.000000	0.002503
3049.000000	0.002493
3048.000000	0.002481
3047.000000	0.002464
3046.000000	0.002442
3045.000000	0.002419
3044.000000	0.002398
3043.000000	0.002379
3042.000000	0.002362
3041.000000	0.002351
3040.000000	0.002348
3039.000000	0.002352
3038.000000	0.002356
3037.000000	0.002354
3036.000000	0.002343
3035.000000	0.002328
3034.000000	0.002316
3033.000000	0.002308
3032.000000	0.002304
3031.000000	0.002300
3030.000000	0.002294
3029.000000	0.002285
3028.000000	0.002275
3027.000000	0.002263
3026.000000	0.002253
3025.000000	0.002245
3024.000000	0.002238
3023.000000	0.002230
3022.000000	0.002218
3021.000000	0.002201
3020.000000	0.002179
3019.000000	0.002156
3018.000000	0.002134
3017.000000	0.002112
3016.000000	0.002090
3015.000000	0.002071
3014.000000	0.002059
3013.000000	0.002057
3012.000000	0.002066
3011.000000	0.002082
3010.000000	0.002104
3009.000000	0.002126
3008.000000	0.002141
3007.000000	0.002149
3006.000000	0.002153
3005.000000	0.002159
3004.000000	0.002167
3003.000000	0.002177
3002.000000	0.002188
3001.000000	0.002202
3000.000000	0.002217
2999.000000	0.002233
2998.000000	0.002250
2997.000000	0.002268
2996.000000	0.002289
2995.000000	0.002309
2994.000000	0.002327
2993.000000	0.002343
2992.000000	0.002361
2991.000000	0.002382
2990.000000	0.002410
2989.000000	0.002445
2988.000000	0.002483
2987.000000	0.002525
2986.000000	0.002568
2985.000000	0.002609
2984.000000	0.002647
2983.000000	0.002682
2982.000000	0.002718
2981.000000	0.002754
2980.000000	0.002789
2979.000000	0.002818
2978.000000	0.002841
2977.000000	0.002864
2976.000000	0.002891
2975.000000	0.002921
2974.000000	0.002954
2973.000000	0.002984
2972.000000	0.003012
2971.000000	0.003035
2970.000000	0.003055
2969.000000	0.003073
2968.000000	0.003088
2967.000000	0.003097
2966.000000	0.003101
2965.000000	0.003103
2964.000000	0.003104
2963.000000	0.003106
2962.000000	0.003106
2961.000000	0.003106
2960.000000	0.003103
2959.000000	0.003097
2958.000000	0.003084
2957.000000	0.003063
2956.000000	0.003035
2955.000000	0.003004
2954.000000	0.002976
2953.000000	0.002954
2952.000000	0.002943
2951.000000	0.002940
2950.000000	0.002939
2949.000000	0.002934
2948.000000	0.002925
2947.000000	0.002919
2946.000000	0.002925
2945.000000	0.002941
2944.000000	0.002961
2943.000000	0.002982
2942.000000	0.003001
2941.000000	0.003022
2940.000000	0.003044
2939.000000	0.003069
2938.000000	0.003097
2937.000000	0.003125
2936.000000	0.003151
2935.000000	0.003172
2934.000000	0.003183
2933.000000	0.003182
2932.000000	0.003171
2931.000000	0.003159
2930.000000	0.003155
2929.000000	0.003160
2928.000000	0.003168
2927.000000	0.003173
2926.000000	0.003172
2925.000000	0.003167
2924.000000	0.003162
2923.000000	0.003157
2922.000000	0.003152
2921.000000	0.003143
2920.000000	0.003127
2919.000000	0.003104
2918.000000	0.003080
2917.000000	0.003056
2916.000000	0.003027
2915.000000	0.002986
2914.000000	0.002935
2913.000000	0.002882
2912.000000	0.002834
2911.000000	0.002794
2910.000000	0.002759
2909.000000	0.002728
2908.000000	0.002696
2907.000000	0.002663
2906.000000	0.002629
2905.000000	0.002601
2904.000000	0.002581
2903.000000	0.002568
2902.000000	0.002556
2901.000000	0.002541
2900.000000	0.002523
2899.000000	0.002503
2898.000000	0.002486
2897.000000	0.002474
2896.000000	0.002470
2895.000000	0.002471
2894.000000	0.002471
2893.000000	0.002470
2892.000000	0.002467
2891.000000	0.002465
2890.000000	0.002466
2889.000000	0.002469
2888.000000	0.002474
2887.000000	0.002479
2886.000000	0.002484
2885.000000	0.002487
2884.000000	0.002490
2883.000000	0.002493
2882.000000	0.002501
2881.000000	0.002514
2880.000000	0.002529
2879.000000	0.002541
2878.000000	0.002548
2877.000000	0.002549
2876.000000	0.002544
2875.000000	0.002534
2874.000000	0.002517
2873.000000	0.002500
2872.000000	0.002486
2871.000000	0.002475
2870.000000	0.002461
2869.000000	0.002439
2868.000000	0.002409
2867.000000	0.002376
2866.000000	0.002343
2865.000000	0.002313
2864.000000	0.002287
2863.000000	0.002260
2862.000000	0.002232
2861.000000	0.002204
2860.000000	0.002180
2859.000000	0.002164
2858.000000	0.002151
2857.000000	0.002141
2856.000000	0.002133
2855.000000	0.002132
2854.000000	0.002141
2853.000000	0.002156
2852.000000	0.002169
2851.000000	0.002173
2850.000000	0.002164
2849.000000	0.002142
2848.000000	0.002110
2847.000000	0.002067
2846.000000	0.002014
2845.000000	0.001958
2844.000000	0.001906
2843.000000	0.001860
2842.000000	0.001819
2841.000000	0.001782
2840.000000	0.001749
2839.000000	0.001726
2838.000000	0.001714
2837.000000	0.001710
2836.000000	0.001703
2835.000000	0.001689
2834.000000	0.001668
2833.000000	0.001647
2832.000000	0.001631
2831.000000	0.001619
2830.000000	0.001611
2829.000000	0.001604
2828.000000	0.001599
2827.000000	0.001596
2826.000000	0.001594
2825.000000	0.001591
2824.000000	0.001585
2823.000000	0.001576
2822.000000	0.001567
2821.000000	0.001560
2820.000000	0.001554
2819.000000	0.001548
2818.000000	0.001539
2817.000000	0.001531
2816.000000	0.001523
2815.000000	0.001516
2814.000000	0.001507
2813.000000	0.001495
2812.000000	0.001483
2811.000000	0.001472
2810.000000	0.001466
2809.000000	0.001464
2808.000000	0.001465
2807.000000	0.001467
2806.000000	0.001466
2805.000000	0.001462
2804.000000	0.001458
2803.000000	0.001455
2802.000000	0.001452
2801.000000	0.001444
2800.000000	0.001431
2799.000000	0.001416
2798.000000	0.001408
2797.000000	0.001407
2796.000000	0.001407
2795.000000	0.001402
2794.000000	0.001391
2793.000000	0.001379
2792.000000	0.001370
2791.000000	0.001364
2790.000000	0.001360
2789.000000	0.001358
2788.000000	0.001355
2787.000000	0.001353
2786.000000	0.001350
2785.000000	0.001346
2784.000000	0.001343
2783.000000	0.001341
2782.000000	0.001344
2781.000000	0.001352
2780.000000	0.001359
2779.000000	0.001358
2778.000000	0.001346
2777.000000	0.001328
2776.000000	0.001308
2775.000000	0.001292
2774.000000	0.001284
2773.000000	0.001283
2772.000000	0.001287
2771.000000	0.001291
2770.000000	0.001291
2769.000000	0.001286
2768.000000	0.001280
2767.000000	0.001274
2766.000000	0.001268
2765.000000	0.001262
2764.000000	0.001257
2763.000000	0.001253
2762.000000	0.001248
2761.000000	0.001242
2760.000000	0.001235
2759.000000	0.001227
2758.000000	0.001221
2757.000000	0.001216
2756.000000	0.001211
2755.000000	0.001206
2754.000000	0.001200
2753.000000	0.001195
2752.000000	0.001191
2751.000000	0.001188
2750.000000	0.001188
2749.000000	0.001191
2748.000000	0.001195
2747.000000	0.001199
2746.000000	0.001199
2745.000000	0.001194
2744.000000	0.001186
2743.000000	0.001175
2742.000000	0.001164
2741.000000	0.001156
2740.000000	0.001153
2739.000000	0.001155
2738.000000	0.001158
2737.000000	0.001158
2736.000000	0.001155
2735.000000	0.001150
2734.000000	0.001144
2733.000000	0.001137
2732.000000	0.001128
2731.000000	0.001120
2730.000000	0.001114
2729.000000	0.001113
2728.000000	0.001111
2727.000000	0.001108
2726.000000	0.001103
2725.000000	0.001099
2724.000000	0.001095
2723.000000	0.001091
2722.000000	0.001088
2721.000000	0.001085
2720.000000	0.001084
2719.000000	0.001083
2718.000000	0.001082
2717.000000	0.001082
2716.000000	0.001081
2715.000000	0.001078
2714.000000	0.001074
2713.000000	0.001068
2712.000000	0.001060
2711.000000	0.001049
2710.000000	0.001039
2709.000000	0.001034
2708.000000	0.001033
2707.000000	0.001036
2706.000000	0.001039
2705.000000	0.001042
2704.000000	0.001044
2703.000000	0.001043
2702.000000	0.001039
2701.000000	0.001033
2700.000000	0.001027
2699.000000	0.001019
2698.000000	0.001011
2697.000000	0.001005
2696.000000	0.001001
2695.000000	0.001001
2694.000000	0.001000
2693.000000	0.000998
2692.000000	0.000996
2691.000000	0.000993
2690.000000	0.000988
2689.000000	0.000981
2688.000000	0.000973
2687.000000	0.000968
2686.000000	0.000966
2685.000000	0.000966
2684.000000	0.000965
2683.000000	0.000961
2682.000000	0.000957
2681.000000	0.000954
2680.000000	0.000954
2679.000000	0.000954
2678.000000	0.000953
2677.000000	0.000950
2676.000000	0.000949
2675.000000	0.000948
2674.000000	0.000948
2673.000000	0.000949
2672.000000	0.000949
2671.000000	0.000947
2670.000000	0.000942
2669.000000	0.000936
2668.000000	0.000931
2667.000000	0.000926
2666.000000	0.000921
2665.000000	0.000915
2664.000000	0.000907
2663.000000	0.000899
2662.000000	0.000893
2661.000000	0.000890
2660.000000	0.000890
2659.000000	0.000894
2658.000000	0.000899
2657.000000	0.000904
2656.000000	0.000908
2655.000000	0.000913
2654.000000	0.000921
2653.000000	0.000933
2652.000000	0.000945
2651.000000	0.000954
2650.000000	0.000958
2649.000000	0.000961
2648.000000	0.000964
2647.000000	0.000969
2646.000000	0.000974
2645.000000	0.000978
2644.000000	0.000981
2643.000000	0.000984
2642.000000	0.000989
2641.000000	0.000997
2640.000000	0.001007
2639.000000	0.001019
2638.000000	0.001028
2637.000000	0.001033
2636.000000	0.001033
2635.000000	0.001033
2634.000000	0.001037
2633.000000	0.001047
2632.000000	0.001059
2631.000000	0.001072
2630.000000	0.001080
2629.000000	0.001085
2628.000000	0.001089
2627.000000	0.001093
2626.000000	0.001101
2625.000000	0.001113
2624.000000	0.001125
2623.000000	0.001132
2622.000000	0.001133
2621.000000	0.001131
2620.000000	0.001131
2619.000000	0.001138
2618.000000	0.001148
2617.000000	0.001156
2616.000000	0.001158
2615.000000	0.001157
2614.000000	0.001159
2613.000000	0.001165
2612.000000	0.001176
2611.000000	0.001189
2610.000000	0.001205
2609.000000	0.001220
2608.000000	0.001231
2607.000000	0.001236
2606.000000	0.001235
2605.000000	0.001232
2604.000000	0.001230
2603.000000	0.001230
2602.000000	0.001232
2601.000000	0.001235
2600.000000	0.001239
2599.000000	0.001246
2598.000000	0.001255
2597.000000	0.001266
2596.000000	0.001274
2595.000000	0.001277
2594.000000	0.001278
2593.000000	0.001281
2592.000000	0.001287
2591.000000	0.001297
2590.000000	0.001308
2589.000000	0.001319
2588.000000	0.001326
2587.000000	0.001328
2586.000000	0.001329
2585.000000	0.001332
2584.000000	0.001340
2583.000000	0.001350
2582.000000	0.001361
2581.000000	0.001368
2580.000000	0.001367
2579.000000	0.001355
2578.000000	0.001341
2577.000000	0.001330
2576.000000	0.001327
2575.000000	0.001330
2574.000000	0.001338
2573.000000	0.001348
2572.000000	0.001360
2571.000000	0.001374
2570.000000	0.001388
2569.000000	0.001397
2568.000000	0.001398
2567.000000	0.001393
2566.000000	0.001387
2565.000000	0.001387
2564.000000	0.001394
2563.000000	0.001400
2562.000000	0.001404
2561.000000	0.001409
2560.000000	0.001422
2559.000000	0.001444
2558.000000	0.001467
2557.000000	0.001484
2556.000000	0.001491
2555.000000	0.001492
2554.000000	0.001489
2553.000000	0.001484
2552.000000	0.001473
2551.000000	0.001458
2550.000000	0.001448
2549.000000	0.001451
2548.000000	0.001464
2547.000000	0.001480
2546.000000	0.001492
2545.000000	0.001500
2544.000000	0.001504
2543.000000	0.001508
2542.000000	0.001513
2541.000000	0.001520
2540.000000	0.001527
2539.000000	0.001534
2538.000000	0.001542
2537.000000	0.001548
2536.000000	0.001547
2535.000000	0.001540
2534.000000	0.001531
2533.000000	0.001528
2532.000000	0.001532
2531.000000	0.001538
2530.000000	0.001545
2529.000000	0.001552
2528.000000	0.001561
2527.000000	0.001571
2526.000000	0.001583
2525.000000	0.001596
2524.000000	0.001610
2523.000000	0.001624
2522.000000	0.001637
2521.000000	0.001647
2520.000000	0.001653
2519.000000	0.001659
2518.000000	0.001673
2517.000000	0.001695
2516.000000	0.001716
2515.000000	0.001725
2514.000000	0.001724
2513.000000	0.001721
2512.000000	0.001724
2511.000000	0.001730
2510.000000	0.001740
2509.000000	0.001755
2508.000000	0.001776
2507.000000	0.001797
2506.000000	0.001814
2505.000000	0.001829
2504.000000	0.001844
2503.000000	0.001863
2502.000000	0.001890
2501.000000	0.001926
2500.000000	0.001965
2499.000000	0.001998
2498.000000	0.002024
2497.000000	0.002047
2496.000000	0.002070
2495.000000	0.002090
2494.000000	0.002107
2493.000000	0.002125
2492.000000	0.002149
2491.000000	0.002176
2490.000000	0.002203
2489.000000	0.002230
2488.000000	0.002262
2487.000000	0.002299
2486.000000	0.002340
2485.000000	0.002378
2484.000000	0.002407
2483.000000	0.002427
2482.000000	0.002444
2481.000000	0.002465
2480.000000	0.002490
2479.000000	0.002518
2478.000000	0.002544
2477.000000	0.002569
2476.000000	0.002593
2475.000000	0.002618
2474.000000	0.002642
2473.000000	0.002662
2472.000000	0.002673
2471.000000	0.002678
2470.000000	0.002684
2469.000000	0.002693
2468.000000	0.002700
2467.000000	0.002699
2466.000000	0.002690
2465.000000	0.002680
2464.000000	0.002673
2463.000000	0.002669
2462.000000	0.002664
2461.000000	0.002659
2460.000000	0.002657
2459.000000	0.002657
2458.000000	0.002655
2457.000000	0.002650
2456.000000	0.002647
2455.000000	0.002648
2454.000000	0.002654
2453.000000	0.002659
2452.000000	0.002661
2451.000000	0.002662
2450.000000	0.002664
2449.000000	0.002663
2448.000000	0.002660
2447.000000	0.002654
2446.000000	0.002652
2445.000000	0.002656
2444.000000	0.002665
2443.000000	0.002679
2442.000000	0.002701
2441.000000	0.002731
2440.000000	0.002760
2439.000000	0.002777
2438.000000	0.002780
2437.000000	0.002778
2436.000000	0.002781
2435.000000	0.002791
2434.000000	0.002807
2433.000000	0.002825
2432.000000	0.002846
2431.000000	0.002874
2430.000000	0.002910
2429.000000	0.002949
2428.000000	0.002980
2427.000000	0.002997
2426.000000	0.003000
2425.000000	0.003000
2424.000000	0.003003
2423.000000	0.003013
2422.000000	0.003026
2421.000000	0.003034
2420.000000	0.003034
2419.000000	0.003033
2418.000000	0.003036
2417.000000	0.003045
2416.000000	0.003051
2415.000000	0.003047
2414.000000	0.003037
2413.000000	0.003024
2412.000000	0.003012
2411.000000	0.002996
2410.000000	0.002979
2409.000000	0.002962
2408.000000	0.002947
2407.000000	0.002929
2406.000000	0.002906
2405.000000	0.002880
2404.000000	0.002849
2403.000000	0.002812
2402.000000	0.002772
2401.000000	0.002733
2400.000000	0.002694
2399.000000	0.002655
2398.000000	0.002616
2397.000000	0.002584
2396.000000	0.002557
2395.000000	0.002524
2394.000000	0.002481
2393.000000	0.002428
2392.000000	0.002377
2391.000000	0.002335
2390.000000	0.002300
2389.000000	0.002269
2388.000000	0.002238
2387.000000	0.002206
2386.000000	0.002181
2385.000000	0.002167
2384.000000	0.002162
2383.000000	0.002162
2382.000000	0.002158
2381.000000	0.002144
2380.000000	0.002117
2379.000000	0.002084
2378.000000	0.002054
2377.000000	0.002036
2376.000000	0.002024
2375.000000	0.002006
2374.000000	0.001977
2373.000000	0.001946
2372.000000	0.001923
2371.000000	0.001907
2370.000000	0.001892
2369.000000	0.001876
2368.000000	0.001858
2367.000000	0.001834
2366.000000	0.001808
2365.000000	0.001786
2364.000000	0.001772
2363.000000	0.001762
2362.000000	0.001748
2361.000000	0.001728
2360.000000	0.001707
2359.000000	0.001692
2358.000000	0.001682
2357.000000	0.001673
2356.000000	0.001657
2355.000000	0.001634
2354.000000	0.001607
2353.000000	0.001586
2352.000000	0.001573
2351.000000	0.001563
2350.000000	0.001550
2349.000000	0.001533
2348.000000	0.001514
2347.000000	0.001498
2346.000000	0.001488
2345.000000	0.001483
2344.000000	0.001477
2343.000000	0.001466
2342.000000	0.001445
2341.000000	0.001419
2340.000000	0.001393
2339.000000	0.001376
2338.000000	0.001368
2337.000000	0.001363
2336.000000	0.001357
2335.000000	0.001351
2334.000000	0.001349
2333.000000	0.001349
2332.000000	0.001345
2331.000000	0.001331
2330.000000	0.001308
2329.000000	0.001278
2328.000000	0.001232
2327.000000	0.001165
2326.000000	0.001097
2325.000000	0.001059
2324.000000	0.001069
2323.000000	0.001110
2322.000000	0.001153
2321.000000	0.001183
2320.000000	0.001205
2319.000000	0.001229
2318.000000	0.001255
2317.000000	0.001278
2316.000000	0.001291
2315.000000	0.001291
2314.000000	0.001283
2313.000000	0.001278
2312.000000	0.001281
2311.000000	0.001291
2310.000000	0.001300
2309.000000	0.001304
2308.000000	0.001299
2307.000000	0.001286
2306.000000	0.001267
2305.000000	0.001253
2304.000000	0.001246
2303.000000	0.001243
2302.000000	0.001239
2301.000000	0.001234
2300.000000	0.001227
2299.000000	0.001216
2298.000000	0.001197
2297.000000	0.001175
2296.000000	0.001158
2295.000000	0.001148
2294.000000	0.001145
2293.000000	0.001143
2292.000000	0.001139
2291.000000	0.001127
2290.000000	0.001110
2289.000000	0.001094
2288.000000	0.001085
2287.000000	0.001080
2286.000000	0.001075
2285.000000	0.001072
2284.000000	0.001074
2283.000000	0.001081
2282.000000	0.001091
2281.000000	0.001100
2280.000000	0.001111
2279.000000	0.001124
2278.000000	0.001139
2277.000000	0.001156
2276.000000	0.001167
2275.000000	0.001168
2274.000000	0.001159
2273.000000	0.001147
2272.000000	0.001138
2271.000000	0.001134
2270.000000	0.001141
2269.000000	0.001163
2268.000000	0.001192
2267.000000	0.001208
2266.000000	0.001199
2265.000000	0.001176
2264.000000	0.001164
2263.000000	0.001175
2262.000000	0.001196
2261.000000	0.001206
2260.000000	0.001194
2259.000000	0.001170
2258.000000	0.001150
2257.000000	0.001143
2256.000000	0.001144
2255.000000	0.001147
2254.000000	0.001157
2253.000000	0.001175
2252.000000	0.001185
2251.000000	0.001168
2250.000000	0.001124
2249.000000	0.001077
2248.000000	0.001053
2247.000000	0.001062
2246.000000	0.001097
2245.000000	0.001141
2244.000000	0.001169
2243.000000	0.001164
2242.000000	0.001133
2241.000000	0.001109
2240.000000	0.001110
2239.000000	0.001123
2238.000000	0.001123
2237.000000	0.001101
2236.000000	0.001068
2235.000000	0.001038
2234.000000	0.001020
2233.000000	0.001020
2232.000000	0.001032
2231.000000	0.001046
2230.000000	0.001057
2229.000000	0.001075
2228.000000	0.001103
2227.000000	0.001135
2226.000000	0.001154
2225.000000	0.001157
2224.000000	0.001146
2223.000000	0.001131
2222.000000	0.001120
2221.000000	0.001119
2220.000000	0.001116
2219.000000	0.001102
2218.000000	0.001088
2217.000000	0.001102
2216.000000	0.001147
2215.000000	0.001193
2214.000000	0.001199
2213.000000	0.001162
2212.000000	0.001111
2211.000000	0.001075
2210.000000	0.001065
2209.000000	0.001078
2208.000000	0.001107
2207.000000	0.001140
2206.000000	0.001166
2205.000000	0.001181
2204.000000	0.001179
2203.000000	0.001156
2202.000000	0.001119
2201.000000	0.001081
2200.000000	0.001052
2199.000000	0.001034
2198.000000	0.001031
2197.000000	0.001046
2196.000000	0.001069
2195.000000	0.001080
2194.000000	0.001079
2193.000000	0.001085
2192.000000	0.001104
2191.000000	0.001119
2190.000000	0.001111
2189.000000	0.001088
2188.000000	0.001065
2187.000000	0.001040
2186.000000	0.001007
2185.000000	0.000981
2184.000000	0.000990
2183.000000	0.001037
2182.000000	0.001096
2181.000000	0.001137
2180.000000	0.001146
2179.000000	0.001126
2178.000000	0.001099
2177.000000	0.001086
2176.000000	0.001095
2175.000000	0.001114
2174.000000	0.001136
2173.000000	0.001155
2172.000000	0.001154
2171.000000	0.001115
2170.000000	0.001059
2169.000000	0.001040
2168.000000	0.001098
2167.000000	0.001204
2166.000000	0.001282
2165.000000	0.001271
2164.000000	0.001168
2163.000000	0.001027
2162.000000	0.000938
2161.000000	0.000971
2160.000000	0.001113
2159.000000	0.001273
2158.000000	0.001377
2157.000000	0.001424
2156.000000	0.001439
2155.000000	0.001424
2154.000000	0.001369
2153.000000	0.001287
2152.000000	0.001210
2151.000000	0.001156
2150.000000	0.001128
2149.000000	0.001120
2148.000000	0.001127
2147.000000	0.001149
2146.000000	0.001187
2145.000000	0.001232
2144.000000	0.001255
2143.000000	0.001224
2142.000000	0.001145
2141.000000	0.001072
2140.000000	0.001057
2139.000000	0.001106
2138.000000	0.001183
2137.000000	0.001246
2136.000000	0.001275
2135.000000	0.001263
2134.000000	0.001222
2133.000000	0.001175
2132.000000	0.001139
2131.000000	0.001119
2130.000000	0.001110
2129.000000	0.001108
2128.000000	0.001109
2127.000000	0.001110
2126.000000	0.001111
2125.000000	0.001111
2124.000000	0.001107
2123.000000	0.001093
2122.000000	0.001074
2121.000000	0.001062
2120.000000	0.001059
2119.000000	0.001050
2118.000000	0.001026
2117.000000	0.000995
2116.000000	0.000971
2115.000000	0.000956
2114.000000	0.000946
2113.000000	0.000940
2112.000000	0.000942
2111.000000	0.000951
2110.000000	0.000955
2109.000000	0.000947
2108.000000	0.000928
2107.000000	0.000909
2106.000000	0.000905
2105.000000	0.000920
2104.000000	0.000940
2103.000000	0.000944
2102.000000	0.000929
2101.000000	0.000911
2100.000000	0.000913
2099.000000	0.000941
2098.000000	0.000985
2097.000000	0.001031
2096.000000	0.001062
2095.000000	0.001068
2094.000000	0.001053
2093.000000	0.001030
2092.000000	0.001006
2091.000000	0.000983
2090.000000	0.000965
2089.000000	0.000961
2088.000000	0.000970
2087.000000	0.000969
2086.000000	0.000942
2085.000000	0.000899
2084.000000	0.000858
2083.000000	0.000834
2082.000000	0.000829
2081.000000	0.000843
2080.000000	0.000872
2079.000000	0.000900
2078.000000	0.000913
2077.000000	0.000913
2076.000000	0.000910
2075.000000	0.000910
2074.000000	0.000913
2073.000000	0.000915
2072.000000	0.000914
2071.000000	0.000909
2070.000000	0.000900
2069.000000	0.000892
2068.000000	0.000882
2067.000000	0.000862
2066.000000	0.000832
2065.000000	0.000803
2064.000000	0.000781
2063.000000	0.000762
2062.000000	0.000748
2061.000000	0.000752
2060.000000	0.000775
2059.000000	0.000797
2058.000000	0.000800
2057.000000	0.000786
2056.000000	0.000765
2055.000000	0.000729
2054.000000	0.000668
2053.000000	0.000595
2052.000000	0.000543
2051.000000	0.000539
2050.000000	0.000590
2049.000000	0.000678
2048.000000	0.000766
2047.000000	0.000814
2046.000000	0.000806
2045.000000	0.000765
2044.000000	0.000733
2043.000000	0.000725
2042.000000	0.000725
2041.000000	0.000718
2040.000000	0.000705
2039.000000	0.000716
2038.000000	0.000778
2037.000000	0.000884
2036.000000	0.000984
2035.000000	0.001016
2034.000000	0.000972
2033.000000	0.000899
2032.000000	0.000843
2031.000000	0.000809
2030.000000	0.000776
2029.000000	0.000745
2028.000000	0.000738
2027.000000	0.000779
2026.000000	0.000871
2025.000000	0.000984
2024.000000	0.001067
2023.000000	0.001085
2022.000000	0.001054
2021.000000	0.001012
2020.000000	0.000972
2019.000000	0.000915
2018.000000	0.000849
2017.000000	0.000816
2016.000000	0.000843
2015.000000	0.000903
2014.000000	0.000949
2013.000000	0.000960
2012.000000	0.000944
2011.000000	0.000916
2010.000000	0.000903
2009.000000	0.000937
2008.000000	0.001017
2007.000000	0.001098
2006.000000	0.001133
2005.000000	0.001115
2004.000000	0.001061
2003.000000	0.000986
2002.000000	0.000900
2001.000000	0.000817
2000.000000	0.000747
1999.000000	0.000695
1998.000000	0.000672
1997.000000	0.000690
1996.000000	0.000731
1995.000000	0.000748
1994.000000	0.000724
1993.000000	0.000699
1992.000000	0.000719
1991.000000	0.000771
1990.000000	0.000810
1989.000000	0.000825
1988.000000	0.000845
1987.000000	0.000885
1986.000000	0.000916
1985.000000	0.000899
1984.000000	0.000823
1983.000000	0.000708
1982.000000	0.000595
1981.000000	0.000530
1980.000000	0.000549
1979.000000	0.000647
1978.000000	0.000789
1977.000000	0.000933
1976.000000	0.001049
1975.000000	0.001113
1974.000000	0.001110
1973.000000	0.001051
1972.000000	0.000975
1971.000000	0.000924
1970.000000	0.000905
1969.000000	0.000889
1968.000000	0.000847
1967.000000	0.000788
1966.000000	0.000760
1965.000000	0.000799
1964.000000	0.000885
1963.000000	0.000962
1962.000000	0.001000
1961.000000	0.001007
1960.000000	0.001006
1959.000000	0.001000
1958.000000	0.000984
1957.000000	0.000964
1956.000000	0.000949
1955.000000	0.000938
1954.000000	0.000924
1953.000000	0.000905
1952.000000	0.000885
1951.000000	0.000871
1950.000000	0.000863
1949.000000	0.000858
1948.000000	0.000851
1947.000000	0.000841
1946.000000	0.000836
1945.000000	0.000843
1944.000000	0.000862
1943.000000	0.000888
1942.000000	0.000915
1941.000000	0.000934
1940.000000	0.000930
1939.000000	0.000903
1938.000000	0.000871
1937.000000	0.000858
1936.000000	0.000865
1935.000000	0.000883
1934.000000	0.000901
1933.000000	0.000911
1932.000000	0.000906
1931.000000	0.000883
1930.000000	0.000861
1929.000000	0.000859
1928.000000	0.000874
1927.000000	0.000878
1926.000000	0.000852
1925.000000	0.000807
1924.000000	0.000767
1923.000000	0.000749
1922.000000	0.000750
1921.000000	0.000753
1920.000000	0.000751
1919.000000	0.000756
1918.000000	0.000785
1917.000000	0.000832
1916.000000	0.000863
1915.000000	0.000855
1914.000000	0.000822
1913.000000	0.000796
1912.000000	0.000784
1911.000000	0.000773
1910.000000	0.000757
1909.000000	0.000749
1908.000000	0.000756
1907.000000	0.000767
1906.000000	0.000770
1905.000000	0.000766
1904.000000	0.000758
1903.000000	0.000750
1902.000000	0.000746
1901.000000	0.000749
1900.000000	0.000753
1899.000000	0.000748
1898.000000	0.000734
1897.000000	0.000722
1896.000000	0.000718
1895.000000	0.000718
1894.000000	0.000719
1893.000000	0.000721
1892.000000	0.000724
1891.000000	0.000723
1890.000000	0.000718
1889.000000	0.000716
1888.000000	0.000714
1887.000000	0.000704
1886.000000	0.000690
1885.000000	0.000685
1884.000000	0.000691
1883.000000	0.000695
1882.000000	0.000692
1881.000000	0.000687
1880.000000	0.000687
1879.000000	0.000688
1878.000000	0.000684
1877.000000	0.000677
1876.000000	0.000665
1875.000000	0.000643
1874.000000	0.000614
1873.000000	0.000587
1872.000000	0.000570
1871.000000	0.000562
1870.000000	0.000564
1869.000000	0.000583
1868.000000	0.000615
1867.000000	0.000635
1866.000000	0.000630
1865.000000	0.000610
1864.000000	0.000590
1863.000000	0.000576
1862.000000	0.000573
1861.000000	0.000586
1860.000000	0.000607
1859.000000	0.000613
1858.000000	0.000599
1857.000000	0.000578
1856.000000	0.000562
1855.000000	0.000550
1854.000000	0.000542
1853.000000	0.000544
1852.000000	0.000560
1851.000000	0.000574
1850.000000	0.000576
1849.000000	0.000565
1848.000000	0.000550
1847.000000	0.000537
1846.000000	0.000535
1845.000000	0.000556
1844.000000	0.000596
1843.000000	0.000619
1842.000000	0.000599
1841.000000	0.000551
1840.000000	0.000504
1839.000000	0.000471
1838.000000	0.000456
1837.000000	0.000458
1836.000000	0.000473
1835.000000	0.000485
1834.000000	0.000484
1833.000000	0.000469
1832.000000	0.000452
1831.000000	0.000441
1830.000000	0.000447
1829.000000	0.000470
1828.000000	0.000480
1827.000000	0.000460
1826.000000	0.000435
1825.000000	0.000436
1824.000000	0.000458
1823.000000	0.000466
1822.000000	0.000451
1821.000000	0.000438
1820.000000	0.000444
1819.000000	0.000454
1818.000000	0.000450
1817.000000	0.000437
1816.000000	0.000424
1815.000000	0.000405
1814.000000	0.000374
1813.000000	0.000341
1812.000000	0.000324
1811.000000	0.000325
1810.000000	0.000334
1809.000000	0.000340
1808.000000	0.000338
1807.000000	0.000329
1806.000000	0.000317
1805.000000	0.000303
1804.000000	0.000287
1803.000000	0.000267
1802.000000	0.000257
1801.000000	0.000276
1800.000000	0.000315
1799.000000	0.000335
1798.000000	0.000314
1797.000000	0.000274
1796.000000	0.000251
1795.000000	0.000254
1794.000000	0.000272
1793.000000	0.000294
1792.000000	0.000317
1791.000000	0.000328
1790.000000	0.000312
1789.000000	0.000281
1788.000000	0.000254
1787.000000	0.000240
1786.000000	0.000236
1785.000000	0.000242
1784.000000	0.000249
1783.000000	0.000240
1782.000000	0.000213
1781.000000	0.000195
1780.000000	0.000205
1779.000000	0.000227
1778.000000	0.000235
1777.000000	0.000226
1776.000000	0.000219
1775.000000	0.000221
1774.000000	0.000234
1773.000000	0.000267
1772.000000	0.000321
1771.000000	0.000358
1770.000000	0.000341
1769.000000	0.000290
1768.000000	0.000259
1767.000000	0.000260
1766.000000	0.000266
1765.000000	0.000257
1764.000000	0.000243
1763.000000	0.000239
1762.000000	0.000249
1761.000000	0.000264
1760.000000	0.000263
1759.000000	0.000244
1758.000000	0.000227
1757.000000	0.000235
1756.000000	0.000267
1755.000000	0.000286
1754.000000	0.000270
1753.000000	0.000231
1752.000000	0.000199
1751.000000	0.000188
1750.000000	0.000193
1749.000000	0.000208
1748.000000	0.000233
1747.000000	0.000257
1746.000000	0.000263
1745.000000	0.000253
1744.000000	0.000250
1743.000000	0.000270
1742.000000	0.000317
1741.000000	0.000380
1740.000000	0.000446
1739.000000	0.000494
1738.000000	0.000507
1737.000000	0.000493
1736.000000	0.000480
1735.000000	0.000486
1734.000000	0.000518
1733.000000	0.000547
1732.000000	0.000524
1731.000000	0.000465
1730.000000	0.000428
1729.000000	0.000440
1728.000000	0.000482
1727.000000	0.000511
1726.000000	0.000509
1725.000000	0.000497
1724.000000	0.000495
1723.000000	0.000503
1722.000000	0.000518
1721.000000	0.000543
1720.000000	0.000581
1719.000000	0.000612
1718.000000	0.000635
1717.000000	0.000685
1716.000000	0.000765
1715.000000	0.000835
1714.000000	0.000883
1713.000000	0.000923
1712.000000	0.000968
1711.000000	0.001020
1710.000000	0.001085
1709.000000	0.001177
1708.000000	0.001306
1707.000000	0.001453
1706.000000	0.001614
1705.000000	0.001807
1704.000000	0.002038
1703.000000	0.002296
1702.000000	0.002603
1701.000000	0.003003
1700.000000	0.003464
1699.000000	0.003841
1698.000000	0.004091
1697.000000	0.004335
1696.000000	0.004665
1695.000000	0.005036
1694.000000	0.005321
1693.000000	0.005503
1692.000000	0.005631
1691.000000	0.005722
1690.000000	0.005785
1689.000000	0.005860
1688.000000	0.005986
1687.000000	0.006149
1686.000000	0.006304
1685.000000	0.006406
1684.000000	0.006490
1683.000000	0.006612
1682.000000	0.006715
1681.000000	0.006797
1680.000000	0.006918
1679.000000	0.007108
1678.000000	0.007353
1677.000000	0.007611
1676.000000	0.007825
1675.000000	0.007981
1674.000000	0.008109
1673.000000	0.008251
1672.000000	0.008417
1671.000000	0.008584
1670.000000	0.008733
1669.000000	0.008882
1668.000000	0.009040
1667.000000	0.009204
1666.000000	0.009388
1665.000000	0.009597
1664.000000	0.009793
1663.000000	0.009944
1662.000000	0.010071
1661.000000	0.010212
1660.000000	0.010370
1659.000000	0.010535
1658.000000	0.010728
1657.000000	0.010998
1656.000000	0.011347
1655.000000	0.011664
1654.000000	0.011770
1653.000000	0.011694
1652.000000	0.011667
1651.000000	0.011740
1650.000000	0.011925
1649.000000	0.012154
1648.000000	0.012309
1647.000000	0.012362
1646.000000	0.012396
1645.000000	0.012463
1644.000000	0.012565
1643.000000	0.012704
1642.000000	0.012856
1641.000000	0.013014
1640.000000	0.013204
1639.000000	0.013439
1638.000000	0.013678
1637.000000	0.013836
1636.000000	0.013877
1635.000000	0.013888
1634.000000	0.013948
1633.000000	0.014074
1632.000000	0.014263
1631.000000	0.014479
1630.000000	0.014685
1629.000000	0.014871
1628.000000	0.015057
1627.000000	0.015273
1626.000000	0.015522
1625.000000	0.015763
1624.000000	0.015941
1623.000000	0.016049
1622.000000	0.016169
1621.000000	0.016384
1620.000000	0.016696
1619.000000	0.017006
1618.000000	0.017170
1617.000000	0.017124
1616.000000	0.016983
1615.000000	0.016900
1614.000000	0.016898
1613.000000	0.016908
1612.000000	0.016848
1611.000000	0.016686
1610.000000	0.016446
1609.000000	0.016164
1608.000000	0.015852
1607.000000	0.015518
1606.000000	0.015173
1605.000000	0.014819
1604.000000	0.014440
1603.000000	0.014029
1602.000000	0.013607
1601.000000	0.013192
1600.000000	0.012787
1599.000000	0.012388
1598.000000	0.011992
1597.000000	0.011595
1596.000000	0.011193
1595.000000	0.010801
1594.000000	0.010442
1593.000000	0.010122
1592.000000	0.009822
1591.000000	0.009534
1590.000000	0.009262
1589.000000	0.009009
1588.000000	0.008769
1587.000000	0.008543
1586.000000	0.008340
1585.000000	0.008162
1584.000000	0.008003
1583.000000	0.007853
1582.000000	0.007720
1581.000000	0.007616
1580.000000	0.007547
1579.000000	0.007507
1578.000000	0.007463
1577.000000	0.007373
1576.000000	0.007246
1575.000000	0.007153
1574.000000	0.007131
1573.000000	0.007169
1572.000000	0.007226
1571.000000	0.007256
1570.000000	0.007253
1569.000000	0.007252
1568.000000	0.007267
1567.000000	0.007294
1566.000000	0.007340
1565.000000	0.007410
1564.000000	0.007515
1563.000000	0.007681
1562.000000	0.007923
1561.000000	0.008184
1560.000000	0.008320
1559.000000	0.008309
1558.000000	0.008403
1557.000000	0.008526
1556.000000	0.008577
1555.000000	0.008620
1554.000000	0.008698
1553.000000	0.008814
1552.000000	0.008935
1551.000000	0.009042
1550.000000	0.009166
1549.000000	0.009347
1548.000000	0.009572
1547.000000	0.009791
1546.000000	0.009976
1545.000000	0.010144
1544.000000	0.010343
1543.000000	0.010588
1542.000000	0.010817
1541.000000	0.010929
1540.000000	0.010925
1539.000000	0.010917
1538.000000	0.010955
1537.000000	0.011062
1536.000000	0.011223
1535.000000	0.011349
1534.000000	0.011373
1533.000000	0.011350
1532.000000	0.011364
1531.000000	0.011418
1530.000000	0.011483
1529.000000	0.011540
1528.000000	0.011573
1527.000000	0.011581
1526.000000	0.011591
1525.000000	0.011643
1524.000000	0.011728
1523.000000	0.011766
1522.000000	0.011685
1521.000000	0.011552
1520.000000	0.011486
1519.000000	0.011480
1518.000000	0.011446
1517.000000	0.011344
1516.000000	0.011234
1515.000000	0.011174
1514.000000	0.011132
1513.000000	0.011052
1512.000000	0.010925
1511.000000	0.010796
1510.000000	0.010695
1509.000000	0.010584
1508.000000	0.010386
1507.000000	0.010126
1506.000000	0.009942
1505.000000	0.009785
1504.000000	0.009606
1503.000000	0.009453
1502.000000	0.009322
1501.000000	0.009191
1500.000000	0.009061
1499.000000	0.008924
1498.000000	0.008749
1497.000000	0.008523
1496.000000	0.008284
1495.000000	0.008075
1494.000000	0.007902
1493.000000	0.007747
1492.000000	0.007578
1491.000000	0.007370
1490.000000	0.007154
1489.000000	0.007005
1488.000000	0.006942
1487.000000	0.006917
1486.000000	0.006899
1485.000000	0.006894
1484.000000	0.006912
1483.000000	0.006941
1482.000000	0.006975
1481.000000	0.007035
1480.000000	0.007139
1479.000000	0.007271
1478.000000	0.007405
1477.000000	0.007543
1476.000000	0.007709
1475.000000	0.007902
1474.000000	0.008087
1473.000000	0.008247
1472.000000	0.008408
1471.000000	0.008574
1470.000000	0.008730
1469.000000	0.008890
1468.000000	0.009072
1467.000000	0.009262
1466.000000	0.009424
1465.000000	0.009544
1464.000000	0.009649
1463.000000	0.009761
1462.000000	0.009895
1461.000000	0.010064
1460.000000	0.010259
1459.000000	0.010427
1458.000000	0.010503
1457.000000	0.010507
1456.000000	0.010525
1455.000000	0.010582
1454.000000	0.010677
1453.000000	0.010787
1452.000000	0.010885
1451.000000	0.010965
1450.000000	0.011021
1449.000000	0.011038
1448.000000	0.011016
1447.000000	0.010998
1446.000000	0.011007
1445.000000	0.011029
1444.000000	0.011039
1443.000000	0.011031
1442.000000	0.011021
1441.000000	0.011026
1440.000000	0.011057
1439.000000	0.011094
1438.000000	0.011074
1437.000000	0.010944
1436.000000	0.010751
1435.000000	0.010590
1434.000000	0.010486
1433.000000	0.010402
1432.000000	0.010300
1431.000000	0.010169
1430.000000	0.010025
1429.000000	0.009883
1428.000000	0.009753
1427.000000	0.009636
1426.000000	0.009516
1425.000000	0.009371
1424.000000	0.009228
1423.000000	0.009150
1422.000000	0.009141
1421.000000	0.009126
1420.000000	0.009024
1419.000000	0.008845
1418.000000	0.008690
1417.000000	0.008599
1416.000000	0.008551
1415.000000	0.008521
1414.000000	0.008492
1413.000000	0.008447
1412.000000	0.008383
1411.000000	0.008322
1410.000000	0.008279
1409.000000	0.008245
1408.000000	0.008207
1407.000000	0.008160
1406.000000	0.008099
1405.000000	0.008027
1404.000000	0.007964
1403.000000	0.007927
1402.000000	0.007909
1401.000000	0.007874
1400.000000	0.007801
1399.000000	0.007718
1398.000000	0.007664
1397.000000	0.007639
1396.000000	0.007620
1395.000000	0.007605
1394.000000	0.007602
1393.000000	0.007600
1392.000000	0.007592
1391.000000	0.007593
1390.000000	0.007602
1389.000000	0.007597
1388.000000	0.007557
1387.000000	0.007505
1386.000000	0.007471
1385.000000	0.007452
1384.000000	0.007432
1383.000000	0.007403
1382.000000	0.007369
1381.000000	0.007330
1380.000000	0.007281
1379.000000	0.007235
1378.000000	0.007203
1377.000000	0.007184
1376.000000	0.007160
1375.000000	0.007127
1374.000000	0.007108
1373.000000	0.007118
1372.000000	0.007140
1371.000000	0.007151
1370.000000	0.007140
1369.000000	0.007107
1368.000000	0.007060
1367.000000	0.007004
1366.000000	0.006936
1365.000000	0.006844
1364.000000	0.006724
1363.000000	0.006602
1362.000000	0.006515
1361.000000	0.006465
1360.000000	0.006425
1359.000000	0.006382
1358.000000	0.006341
1357.000000	0.006301
1356.000000	0.006262
1355.000000	0.006226
1354.000000	0.006200
1353.000000	0.006186
1352.000000	0.006175
1351.000000	0.006161
1350.000000	0.006148
1349.000000	0.006138
1348.000000	0.006131
1347.000000	0.006128
1346.000000	0.006126
1345.000000	0.006124
1344.000000	0.006117
1343.000000	0.006098
1342.000000	0.006060
1341.000000	0.006004
1340.000000	0.005949
1339.000000	0.005928
1338.000000	0.005951
1337.000000	0.005996
1336.000000	0.006034
1335.000000	0.006054
1334.000000	0.006058
1333.000000	0.006048
1332.000000	0.006025
1331.000000	0.006000
1330.000000	0.005980
1329.000000	0.005965
1328.000000	0.005952
1327.000000	0.005940
1326.000000	0.005929
1325.000000	0.005915
1324.000000	0.005896
1323.000000	0.005874
1322.000000	0.005851
1321.000000	0.005825
1320.000000	0.005800
1319.000000	0.005783
1318.000000	0.005782
1317.000000	0.005792
1316.000000	0.005799
1315.000000	0.005794
1314.000000	0.005781
1313.000000	0.005771
1312.000000	0.005770
1311.000000	0.005774
1310.000000	0.005772
1309.000000	0.005758
1308.000000	0.005740
1307.000000	0.005731
1306.000000	0.005731
1305.000000	0.005729
1304.000000	0.005719
1303.000000	0.005705
1302.000000	0.005689
1301.000000	0.005668
1300.000000	0.005642
1299.000000	0.005619
1298.000000	0.005601
1297.000000	0.005587
1296.000000	0.005576
1295.000000	0.005572
1294.000000	0.005578
1293.000000	0.005586
1292.000000	0.005589
1291.000000	0.005587
1290.000000	0.005583
1289.000000	0.005577
1288.000000	0.005572
1287.000000	0.005575
1286.000000	0.005590
1285.000000	0.005608
1284.000000	0.005621
1283.000000	0.005625
1282.000000	0.005623
1281.000000	0.005617
1280.000000	0.005609
1279.000000	0.005603
1278.000000	0.005599
1277.000000	0.005591
1276.000000	0.005579
1275.000000	0.005569
1274.000000	0.005567
1273.000000	0.005566
1272.000000	0.005558
1271.000000	0.005547
1270.000000	0.005539
1269.000000	0.005539
1268.000000	0.005545
1267.000000	0.005555
1266.000000	0.005566
1265.000000	0.005579
1264.000000	0.005595
1263.000000	0.005618
1262.000000	0.005644
1261.000000	0.005667
1260.000000	0.005687
1259.000000	0.005712
1258.000000	0.005746
1257.000000	0.005783
1256.000000	0.005818
1255.000000	0.005853
1254.000000	0.005892
1253.000000	0.005931
1252.000000	0.005971
1251.000000	0.006013
1250.000000	0.006061
1249.000000	0.006110
1248.000000	0.006154
1247.000000	0.006194
1246.000000	0.006233
1245.000000	0.006268
1244.000000	0.006294
1243.000000	0.006316
1242.000000	0.006338
1241.000000	0.006362
1240.000000	0.006385
1239.000000	0.006404
1238.000000	0.006418
1237.000000	0.006422
1236.000000	0.006419
1235.000000	0.006413
1234.000000	0.006409
1233.000000	0.006404
1232.000000	0.006394
1231.000000	0.006380
1230.000000	0.006360
1229.000000	0.006329
1228.000000	0.006288
1227.000000	0.006242
1226.000000	0.006198
1225.000000	0.006158
1224.000000	0.006118
1223.000000	0.006076
1222.000000	0.006031
1221.000000	0.005977
1220.000000	0.005918
1219.000000	0.005861
1218.000000	0.005808
1217.000000	0.005752
1216.000000	0.005688
1215.000000	0.005619
1214.000000	0.005546
1213.000000	0.005470
1212.000000	0.005392
1211.000000	0.005321
1210.000000	0.005260
1209.000000	0.005204
1208.000000	0.005145
1207.000000	0.005084
1206.000000	0.005023
1205.000000	0.004960
1204.000000	0.004890
1203.000000	0.004816
1202.000000	0.004742
1201.000000	0.004672
1200.000000	0.004607
1199.000000	0.004548
1198.000000	0.004495
1197.000000	0.004443
1196.000000	0.004388
1195.000000	0.004338
1194.000000	0.004294
1193.000000	0.004253
1192.000000	0.004215
1191.000000	0.004182
1190.000000	0.004156
1189.000000	0.004134
1188.000000	0.004113
1187.000000	0.004098
1186.000000	0.004091
1185.000000	0.004084
1184.000000	0.004072
1183.000000	0.004061
1182.000000	0.004058
1181.000000	0.004059
1180.000000	0.004059
1179.000000	0.004063
1178.000000	0.004080
1177.000000	0.004110
1176.000000	0.004148
1175.000000	0.004191
1174.000000	0.004242
1173.000000	0.004300
1172.000000	0.004359
1171.000000	0.004417
1170.000000	0.004470
1169.000000	0.004513
1168.000000	0.004546
1167.000000	0.004576
1166.000000	0.004608
1165.000000	0.004643
1164.000000	0.004675
1163.000000	0.004703
1162.000000	0.004725
1161.000000	0.004743
1160.000000	0.004754
1159.000000	0.004758
1158.000000	0.004750
1157.000000	0.004726
1156.000000	0.004690
1155.000000	0.004651
1154.000000	0.004615
1153.000000	0.004576
1152.000000	0.004528
1151.000000	0.004475
1150.000000	0.004420
1149.000000	0.004366
1148.000000	0.004310
1147.000000	0.004253
1146.000000	0.004193
1145.000000	0.004131
1144.000000	0.004076
1143.000000	0.004034
1142.000000	0.004006
1141.000000	0.003980
1140.000000	0.003949
1139.000000	0.003918
1138.000000	0.003894
1137.000000	0.003876
1136.000000	0.003859
1135.000000	0.003845
1134.000000	0.003836
1133.000000	0.003832
1132.000000	0.003830
1131.000000	0.003828
1130.000000	0.003818
1129.000000	0.003800
1128.000000	0.003781
1127.000000	0.003771
1126.000000	0.003770
1125.000000	0.003766
1124.000000	0.003755
1123.000000	0.003750
1122.000000	0.003759
1121.000000	0.003773
1120.000000	0.003778
1119.000000	0.003775
1118.000000	0.003771
1117.000000	0.003766
1116.000000	0.003761
1115.000000	0.003758
1114.000000	0.003757
1113.000000	0.003758
1112.000000	0.003758
1111.000000	0.003763
1110.000000	0.003772
1109.000000	0.003776
1108.000000	0.003767
1107.000000	0.003755
1106.000000	0.003756
1105.000000	0.003780
1104.000000	0.003822
1103.000000	0.003873
1102.000000	0.003921
1101.000000	0.003958
1100.000000	0.003985
1099.000000	0.004014
1098.000000	0.004054
1097.000000	0.004103
1096.000000	0.004156
1095.000000	0.004208
1094.000000	0.004264
1093.000000	0.004325
1092.000000	0.004390
1091.000000	0.004458
1090.000000	0.004527
1089.000000	0.004601
1088.000000	0.004686
1087.000000	0.004788
1086.000000	0.004903
1085.000000	0.005018
1084.000000	0.005129
1083.000000	0.005242
1082.000000	0.005357
1081.000000	0.005471
1080.000000	0.005587
1079.000000	0.005713
1078.000000	0.005842
1077.000000	0.005956
1076.000000	0.006046
1075.000000	0.006122
1074.000000	0.006198
1073.000000	0.006277
1072.000000	0.006356
1071.000000	0.006436
1070.000000	0.006515
1069.000000	0.006580
1068.000000	0.006623
1067.000000	0.006646
1066.000000	0.006661
1065.000000	0.006675
1064.000000	0.006688
1063.000000	0.006699
1062.000000	0.006706
1061.000000	0.006702
1060.000000	0.006689
1059.000000	0.006670
1058.000000	0.006644
1057.000000	0.006608
1056.000000	0.006569
1055.000000	0.006540
1054.000000	0.006522
1053.000000	0.006498
1052.000000	0.006452
1051.000000	0.006391
1050.000000	0.006332
1049.000000	0.006279
1048.000000	0.006227
1047.000000	0.006175
1046.000000	0.006123
1045.000000	0.006064
1044.000000	0.005994
1043.000000	0.005919
1042.000000	0.005848
1041.000000	0.005782
1040.000000	0.005718
1039.000000	0.005656
1038.000000	0.005602
1037.000000	0.005553
1036.000000	0.005504
1035.000000	0.005456
1034.000000	0.005408
1033.000000	0.005357
1032.000000	0.005299
1031.000000	0.005240
1030.000000	0.005186
1029.000000	0.005128
1028.000000	0.005054
1027.000000	0.004960
1026.000000	0.004859
1025.000000	0.004767
1024.000000	0.004691
1023.000000	0.004627
1022.000000	0.004564
1021.000000	0.004495
1020.000000	0.004420
1019.000000	0.004348
1018.000000	0.004280
1017.000000	0.004210
1016.000000	0.004134
1015.000000	0.004057
1014.000000	0.003986
1013.000000	0.003921
1012.000000	0.003864
1011.000000	0.003816
1010.000000	0.003775
1009.000000	0.003733
1008.000000	0.003682
1007.000000	0.003628
1006.000000	0.003576
1005.000000	0.003527
1004.000000	0.003479
1003.000000	0.003437
1002.000000	0.003401
1001.000000	0.003369
1000.000000	0.003334
999.000000	0.003297
998.000000	0.003261
997.000000	0.003230
996.000000	0.003205
995.000000	0.003189
994.000000	0.003173
993.000000	0.003145
992.000000	0.003102
991.000000	0.003052
990.000000	0.003007
989.000000	0.002976
988.000000	0.002962
987.000000	0.002960
986.000000	0.002960
985.000000	0.002947
984.000000	0.002923
983.000000	0.002901
982.000000	0.002891
981.000000	0.002887
980.000000	0.002878
979.000000	0.002865
978.000000	0.002856
977.000000	0.002853
976.000000	0.002855
975.000000	0.002861
974.000000	0.002868
973.000000	0.002874
972.000000	0.002880
971.000000	0.002885
970.000000	0.002890
969.000000	0.002896
968.000000	0.002905
967.000000	0.002921
966.000000	0.002936
965.000000	0.002943
964.000000	0.002943
963.000000	0.002944
962.000000	0.002949
961.000000	0.002953
960.000000	0.002960
959.000000	0.002980
958.000000	0.003012
957.000000	0.003043
956.000000	0.003059
955.000000	0.003061
954.000000	0.003061
953.000000	0.003062
952.000000	0.003058
951.000000	0.003045
950.000000	0.003022
949.000000	0.002996
948.000000	0.002976
947.000000	0.002970
946.000000	0.002975
945.000000	0.002979
944.000000	0.002981
943.000000	0.002985
942.000000	0.002994
941.000000	0.003003
940.000000	0.003011
939.000000	0.003024
938.000000	0.003040
937.000000	0.003053
936.000000	0.003062
935.000000	0.003075
934.000000	0.003090
933.000000	0.003100
932.000000	0.003095
931.000000	0.003080
930.000000	0.003064
929.000000	0.003052
928.000000	0.003050
927.000000	0.003058
926.000000	0.003070
925.000000	0.003073
924.000000	0.003063
923.000000	0.003045
922.000000	0.003020
921.000000	0.002988
920.000000	0.002951
919.000000	0.002917
918.000000	0.002886
917.000000	0.002853
916.000000	0.002814
915.000000	0.002777
914.000000	0.002750
913.000000	0.002726
912.000000	0.002702
911.000000	0.002678
910.000000	0.002658
909.000000	0.002641
908.000000	0.002630
907.000000	0.002628
906.000000	0.002630
905.000000	0.002624
904.000000	0.002610
903.000000	0.002599
902.000000	0.002601
901.000000	0.002606
900.000000	0.002608
899.000000	0.002604
898.000000	0.002598
897.000000	0.002587
896.000000	0.002571
895.000000	0.002558
894.000000	0.002552
893.000000	0.002545
892.000000	0.002531
891.000000	0.002516
890.000000	0.002507
889.000000	0.002501
888.000000	0.002491
887.000000	0.002475
886.000000	0.002456
885.000000	0.002436
884.000000	0.002420
883.000000	0.002412
882.000000	0.002412
881.000000	0.002408
880.000000	0.002395
879.000000	0.002372
878.000000	0.002342
877.000000	0.002308
876.000000	0.002278
875.000000	0.002262
874.000000	0.002262
873.000000	0.002263
872.000000	0.002254
871.000000	0.002240
870.000000	0.002232
869.000000	0.002231
868.000000	0.002232
867.000000	0.002233
866.000000	0.002229
865.000000	0.002216
864.000000	0.002195
863.000000	0.002175
862.000000	0.002158
861.000000	0.002139
860.000000	0.002115
859.000000	0.002100
858.000000	0.002100
857.000000	0.002109
856.000000	0.002111
855.000000	0.002102
854.000000	0.002089
853.000000	0.002082
852.000000	0.002084
851.000000	0.002092
850.000000	0.002093
849.000000	0.002074
848.000000	0.002041
847.000000	0.002010
846.000000	0.001990
845.000000	0.001983
844.000000	0.001986
843.000000	0.002001
842.000000	0.002021
841.000000	0.002036
840.000000	0.002044
839.000000	0.002049
838.000000	0.002058
837.000000	0.002067
836.000000	0.002078
835.000000	0.002098
834.000000	0.002129
833.000000	0.002162
832.000000	0.002188
831.000000	0.002216
830.000000	0.002250
829.000000	0.002282
828.000000	0.002302
827.000000	0.002307
826.000000	0.002301
825.000000	0.002291
824.000000	0.002293
823.000000	0.002323
822.000000	0.002373
821.000000	0.002420
820.000000	0.002449
819.000000	0.002466
818.000000	0.002482
817.000000	0.002500
816.000000	0.002517
815.000000	0.002537
814.000000	0.002562
813.000000	0.002589
812.000000	0.002617
811.000000	0.002649
810.000000	0.002683
809.000000	0.002709
808.000000	0.002728
807.000000	0.002752
806.000000	0.002790
805.000000	0.002831
804.000000	0.002861
803.000000	0.002872
802.000000	0.002863
801.000000	0.002838
800.000000	0.002809
799.000000	0.002794
798.000000	0.002800
797.000000	0.002822
796.000000	0.002858
795.000000	0.002906
794.000000	0.002957
793.000000	0.002995
792.000000	0.003013
791.000000	0.003026
790.000000	0.003046
789.000000	0.003073
788.000000	0.003103
787.000000	0.003140
786.000000	0.003187
785.000000	0.003240
784.000000	0.003292
783.000000	0.003341
782.000000	0.003386
781.000000	0.003424
780.000000	0.003453
779.000000	0.003482
778.000000	0.003511
777.000000	0.003537
776.000000	0.003557
775.000000	0.003577
774.000000	0.003606
773.000000	0.003646
772.000000	0.003691
771.000000	0.003739
770.000000	0.003788
769.000000	0.003833
768.000000	0.003872
767.000000	0.003904
766.000000	0.003926
765.000000	0.003938
764.000000	0.003951
763.000000	0.003977
762.000000	0.004014
761.000000	0.004052
760.000000	0.004085
759.000000	0.004122
758.000000	0.004171
757.000000	0.004228
756.000000	0.004282
755.000000	0.004330
754.000000	0.004367
753.000000	0.004395
752.000000	0.004419
751.000000	0.004446
750.000000	0.004474
749.000000	0.004499
748.000000	0.004521
747.000000	0.004544
746.000000	0.004558
745.000000	0.004555
744.000000	0.004547
743.000000	0.004555
742.000000	0.004584
741.000000	0.004616
740.000000	0.004632
739.000000	0.004633
738.000000	0.004626
737.000000	0.004618
736.000000	0.004616
735.000000	0.004633
734.000000	0.004666
733.000000	0.004697
732.000000	0.004718
731.000000	0.004740
730.000000	0.004778
729.000000	0.004832
728.000000	0.004894
727.000000	0.004962
726.000000	0.005036
725.000000	0.005113
724.000000	0.005193
723.000000	0.005279
722.000000	0.005374
721.000000	0.005466
720.000000	0.005547
719.000000	0.005622
718.000000	0.005698
717.000000	0.005774
716.000000	0.005847
715.000000	0.005922
714.000000	0.006004
713.000000	0.006094
712.000000	0.006197
711.000000	0.006318
710.000000	0.006454
709.000000	0.006589
708.000000	0.006720
707.000000	0.006856
706.000000	0.007003
705.000000	0.007152
704.000000	0.007287
703.000000	0.007407
702.000000	0.007519
701.000000	0.007621
700.000000	0.007705
699.000000	0.007769
698.000000	0.007809
697.000000	0.007825
696.000000	0.007821
695.000000	0.007810
694.000000	0.007799
693.000000	0.007786
692.000000	0.007771
691.000000	0.007763
690.000000	0.007770
689.000000	0.007786
688.000000	0.007801
687.000000	0.007819
686.000000	0.007846
685.000000	0.007882
684.000000	0.007924
683.000000	0.007968
682.000000	0.008003
681.000000	0.008022
680.000000	0.008032
679.000000	0.008047
678.000000	0.008065
677.000000	0.008075
676.000000	0.008076
675.000000	0.008084
674.000000	0.008110
673.000000	0.008156
672.000000	0.008218
671.000000	0.008285
670.000000	0.008315
669.000000	0.008238
668.000000	0.008063
667.000000	0.007975
666.000000	0.008049
665.000000	0.008181
664.000000	0.008272
663.000000	0.008294
662.000000	0.008280
661.000000	0.008279
660.000000	0.008306
659.000000	0.008345
658.000000	0.008374
657.000000	0.008391
656.000000	0.008411
655.000000	0.008451
654.000000	0.008509
653.000000	0.008561
652.000000	0.008593
651.000000	0.008615
650.000000	0.008643
649.000000	0.008675
648.000000	0.008698
647.000000	0.008711
646.000000	0.008729
645.000000	0.008764
644.000000	0.008817
643.000000	0.008871
642.000000	0.008907
641.000000	0.008923
640.000000	0.008938
639.000000	0.008973
638.000000	0.009029
637.000000	0.009090
636.000000	0.009147
635.000000	0.009213
634.000000	0.009286
633.000000	0.009341
632.000000	0.009366
631.000000	0.009378
630.000000	0.009400
629.000000	0.009432
628.000000	0.009462
627.000000	0.009496
626.000000	0.009543
625.000000	0.009586
624.000000	0.009600
623.000000	0.009586
622.000000	0.009572
621.000000	0.009579
620.000000	0.009605
619.000000	0.009631
618.000000	0.009625
617.000000	0.009563
616.000000	0.009457
615.000000	0.009358
614.000000	0.009314
613.000000	0.009322
612.000000	0.009345
611.000000	0.009353
610.000000	0.009345
609.000000	0.009325
608.000000	0.009292
607.000000	0.009251
606.000000	0.009216
605.000000	0.009189
604.000000	0.009167
603.000000	0.009149
602.000000	0.009138
601.000000	0.009132
600.000000	0.009130
599.000000	0.009134
598.000000	0.009148
597.000000	0.009155
596.000000	0.009142
595.000000	0.009123
594.000000	0.009123
593.000000	0.009146
592.000000	0.009176
591.000000	0.009206
590.000000	0.009246
589.000000	0.009294
588.000000	0.009322
587.000000	0.009312
586.000000	0.009275
585.000000	0.009247
584.000000	0.009244
583.000000	0.009246
582.000000	0.009223
581.000000	0.009175
580.000000	0.009132
579.000000	0.009130
578.000000	0.009163
577.000000	0.009197
576.000000	0.009215
575.000000	0.009232
574.000000	0.009263
573.000000	0.009297
572.000000	0.009323
571.000000	0.009344
570.000000	0.009372
569.000000	0.009408
568.000000	0.009454
567.000000	0.009524
566.000000	0.009615
565.000000	0.009693
564.000000	0.009718
563.000000	0.009687
562.000000	0.009632
561.000000	0.009598
560.000000	0.009614
559.000000	0.009682
558.000000	0.009768
557.000000	0.009822
556.000000	0.009826
555.000000	0.009810
554.000000	0.009810
553.000000	0.009828
552.000000	0.009858
551.000000	0.009909
550.000000	0.009986
549.000000	0.010058
548.000000	0.010089
547.000000	0.010087
546.000000	0.010092
545.000000	0.010135
544.000000	0.010223
543.000000	0.010344
542.000000	0.010478
541.000000	0.010590
540.000000	0.010664
539.000000	0.010716
538.000000	0.010767
537.000000	0.010816
536.000000	0.010856
535.000000	0.010903
534.000000	0.010968
533.000000	0.011029
532.000000	0.011051
531.000000	0.011038
530.000000	0.011035
529.000000	0.011064
528.000000	0.011110
527.000000	0.011147
526.000000	0.011167
525.000000	0.011169
524.000000	0.011155
523.000000	0.011138
522.000000	0.011134
521.000000	0.011132
520.000000	0.011105
519.000000	0.011046
518.000000	0.010997
517.000000	0.011004
516.000000	0.011074
515.000000	0.011167
514.000000	0.011228
513.000000	0.011218
512.000000	0.011140
511.000000	0.011038
510.000000	0.010961
509.000000	0.010919
508.000000	0.010882
507.000000	0.010828
506.000000	0.010775
505.000000	0.010757
504.000000	0.010778
503.000000	0.010810
502.000000	0.010817
501.000000	0.010798
500.000000	0.010782
499.000000	0.010791
498.000000	0.010807
497.000000	0.010794
496.000000	0.010738
495.000000	0.010670
494.000000	0.010636
493.000000	0.010653
492.000000	0.010694
491.000000	0.010711
490.000000	0.010669
489.000000	0.010589
488.000000	0.010540
487.000000	0.010564
486.000000	0.010623
485.000000	0.010633
484.000000	0.010574
483.000000	0.010515
482.000000	0.010515
481.000000	0.010549
480.000000	0.010554
479.000000	0.010523
478.000000	0.010505
477.000000	0.010529
476.000000	0.010568
475.000000	0.010557
474.000000	0.010449
473.000000	0.010260
472.000000	0.010082
471.000000	0.010003
470.000000	0.010023
469.000000	0.010082
468.000000	0.010135
467.000000	0.010183
466.000000	0.010211
465.000000	0.010183
464.000000	0.010100
463.000000	0.010014
462.000000	0.009964
461.000000	0.009912
460.000000	0.009798
459.000000	0.009628
458.000000	0.009477
457.000000	0.009417
456.000000	0.009445
455.000000	0.009517
454.000000	0.009604
453.000000	0.009698
452.000000	0.009807
451.000000	0.009932
450.000000	0.010048
449.000000	0.010134
448.000000	0.010195
447.000000	0.010233
446.000000	0.010227
445.000000	0.010201
444.000000	0.010256
443.000000	0.010448
442.000000	0.010656
441.000000	0.010684
440.000000	0.010506
439.000000	0.010287
438.000000	0.010180
437.000000	0.010188
436.000000	0.010252
435.000000	0.010341
434.000000	0.010417
433.000000	0.010408
432.000000	0.010309
431.000000	0.010226
430.000000	0.010256
429.000000	0.010369
428.000000	0.010472
427.000000	0.010504
426.000000	0.010425
425.000000	0.010203
424.000000	0.009916
423.000000	0.009770
422.000000	0.009856
421.000000	0.009983
420.000000	0.009877
419.000000	0.009578
418.000000	0.009452
417.000000	0.009586
416.000000	0.009721
415.000000	0.009678
414.000000	0.009471
413.000000	0.009230
412.000000	0.009081
411.000000	0.009085
410.000000	0.009223
409.000000	0.009431
408.000000	0.009678
407.000000	0.009953
406.000000	0.010146
405.000000	0.010068
404.000000	0.009704
403.000000	0.009320
402.000000	0.009196
401.000000	0.009265
400.000000	0.009168
