PE IR       SUBTECH     SPECTRUM    ASCII       PEDS        4.00        
   -1
BW outer post ssNMR WET 1 4_1_24.ASC
24/04/01
20:34:13.00
24/04/01
20:34:23.00
Yarger Lab
Sample 064 By YargerLab Date Monday, April 01 2024
400.000000
#HDR
-1
-1
#GR
cm-1
A
1.0
0.0
4500.000000
-1.000000
4101
8
0.209205
0.003646
#DATA
4500.000000	0.003735
4499.000000	0.003747
4498.000000	0.003760
4497.000000	0.003783
4496.000000	0.003817
4495.000000	0.003851
4494.000000	0.003875
4493.000000	0.003879
4492.000000	0.003863
4491.000000	0.003832
4490.000000	0.003797
4489.000000	0.003765
4488.000000	0.003738
4487.000000	0.003712
4486.000000	0.003687
4485.000000	0.003663
4484.000000	0.003647
4483.000000	0.003646
4482.000000	0.003664
4481.000000	0.003697
4480.000000	0.003736
4479.000000	0.003771
4478.000000	0.003799
4477.000000	0.003824
4476.000000	0.003852
4475.000000	0.003885
4474.000000	0.003921
4473.000000	0.003952
4472.000000	0.003970
4471.000000	0.003970
4470.000000	0.003953
4469.000000	0.003927
4468.000000	0.003904
4467.000000	0.003892
4466.000000	0.003889
4465.000000	0.003886
4464.000000	0.003872
4463.000000	0.003844
4462.000000	0.003808
4461.000000	0.003779
4460.000000	0.003766
4459.000000	0.003767
4458.000000	0.003771
4457.000000	0.003773
4456.000000	0.003779
4455.000000	0.003801
4454.000000	0.003848
4453.000000	0.003914
4452.000000	0.003982
4451.000000	0.004030
4450.000000	0.004041
4449.000000	0.004019
4448.000000	0.003981
4447.000000	0.003946
4446.000000	0.003923
4445.000000	0.003912
4444.000000	0.003909
4443.000000	0.003913
4442.000000	0.003924
4441.000000	0.003939
4440.000000	0.003953
4439.000000	0.003958
4438.000000	0.003948
4437.000000	0.003927
4436.000000	0.003907
4435.000000	0.003903
4434.000000	0.003920
4433.000000	0.003954
4432.000000	0.003994
4431.000000	0.004025
4430.000000	0.004033
4429.000000	0.004016
4428.000000	0.003979
4427.000000	0.003937
4426.000000	0.003902
4425.000000	0.003888
4424.000000	0.003904
4423.000000	0.003947
4422.000000	0.004003
4421.000000	0.004050
4420.000000	0.004073
4419.000000	0.004071
4418.000000	0.004051
4417.000000	0.004023
4416.000000	0.003997
4415.000000	0.003977
4414.000000	0.003965
4413.000000	0.003965
4412.000000	0.003977
4411.000000	0.003997
4410.000000	0.004016
4409.000000	0.004023
4408.000000	0.004019
4407.000000	0.004007
4406.000000	0.003995
4405.000000	0.003984
4404.000000	0.003973
4403.000000	0.003959
4402.000000	0.003947
4401.000000	0.003944
4400.000000	0.003956
4399.000000	0.003975
4398.000000	0.003983
4397.000000	0.003966
4396.000000	0.003928
4395.000000	0.003890
4394.000000	0.003870
4393.000000	0.003869
4392.000000	0.003878
4391.000000	0.003889
4390.000000	0.003900
4389.000000	0.003913
4388.000000	0.003933
4387.000000	0.003954
4386.000000	0.003973
4385.000000	0.003993
4384.000000	0.004020
4383.000000	0.004058
4382.000000	0.004098
4381.000000	0.004131
4380.000000	0.004151
4379.000000	0.004159
4378.000000	0.004157
4377.000000	0.004139
4376.000000	0.004106
4375.000000	0.004066
4374.000000	0.004037
4373.000000	0.004034
4372.000000	0.004058
4371.000000	0.004095
4370.000000	0.004122
4369.000000	0.004124
4368.000000	0.004103
4367.000000	0.004073
4366.000000	0.004045
4365.000000	0.004023
4364.000000	0.004006
4363.000000	0.003995
4362.000000	0.003994
4361.000000	0.003999
4360.000000	0.004004
4359.000000	0.003998
4358.000000	0.003978
4357.000000	0.003952
4356.000000	0.003936
4355.000000	0.003943
4354.000000	0.003971
4353.000000	0.004009
4352.000000	0.004045
4351.000000	0.004076
4350.000000	0.004100
4349.000000	0.004119
4348.000000	0.004131
4347.000000	0.004140
4346.000000	0.004154
4345.000000	0.004175
4344.000000	0.004199
4343.000000	0.004210
4342.000000	0.004195
4341.000000	0.004153
4340.000000	0.004096
4339.000000	0.004046
4338.000000	0.004014
4337.000000	0.003997
4336.000000	0.003984
4335.000000	0.003971
4334.000000	0.003962
4333.000000	0.003966
4332.000000	0.003987
4331.000000	0.004017
4330.000000	0.004042
4329.000000	0.004051
4328.000000	0.004046
4327.000000	0.004038
4326.000000	0.004037
4325.000000	0.004048
4324.000000	0.004061
4323.000000	0.004063
4322.000000	0.004043
4321.000000	0.004005
4320.000000	0.003965
4319.000000	0.003943
4318.000000	0.003946
4317.000000	0.003967
4316.000000	0.003992
4315.000000	0.004015
4314.000000	0.004040
4313.000000	0.004069
4312.000000	0.004102
4311.000000	0.004129
4310.000000	0.004143
4309.000000	0.004142
4308.000000	0.004129
4307.000000	0.004108
4306.000000	0.004083
4305.000000	0.004055
4304.000000	0.004035
4303.000000	0.004037
4302.000000	0.004062
4301.000000	0.004100
4300.000000	0.004127
4299.000000	0.004127
4298.000000	0.004096
4297.000000	0.004050
4296.000000	0.004010
4295.000000	0.003990
4294.000000	0.003990
4293.000000	0.004000
4292.000000	0.004014
4291.000000	0.004034
4290.000000	0.004059
4289.000000	0.004081
4288.000000	0.004090
4287.000000	0.004081
4286.000000	0.004061
4285.000000	0.004040
4284.000000	0.004027
4283.000000	0.004022
4282.000000	0.004026
4281.000000	0.004038
4280.000000	0.004060
4279.000000	0.004085
4278.000000	0.004100
4277.000000	0.004092
4276.000000	0.004064
4275.000000	0.004034
4274.000000	0.004019
4273.000000	0.004021
4272.000000	0.004028
4271.000000	0.004028
4270.000000	0.004022
4269.000000	0.004019
4268.000000	0.004031
4267.000000	0.004059
4266.000000	0.004094
4265.000000	0.004122
4264.000000	0.004137
4263.000000	0.004136
4262.000000	0.004124
4261.000000	0.004109
4260.000000	0.004100
4259.000000	0.004101
4258.000000	0.004105
4257.000000	0.004108
4256.000000	0.004105
4255.000000	0.004101
4254.000000	0.004104
4253.000000	0.004113
4252.000000	0.004123
4251.000000	0.004126
4250.000000	0.004120
4249.000000	0.004110
4248.000000	0.004101
4247.000000	0.004096
4246.000000	0.004094
4245.000000	0.004092
4244.000000	0.004087
4243.000000	0.004077
4242.000000	0.004059
4241.000000	0.004034
4240.000000	0.004006
4239.000000	0.003984
4238.000000	0.003972
4237.000000	0.003968
4236.000000	0.003967
4235.000000	0.003970
4234.000000	0.003984
4233.000000	0.004013
4232.000000	0.004050
4231.000000	0.004082
4230.000000	0.004097
4229.000000	0.004097
4228.000000	0.004091
4227.000000	0.004087
4226.000000	0.004078
4225.000000	0.004054
4224.000000	0.004013
4223.000000	0.003970
4222.000000	0.003950
4221.000000	0.003969
4220.000000	0.004020
4219.000000	0.004081
4218.000000	0.004130
4217.000000	0.004157
4216.000000	0.004171
4215.000000	0.004185
4214.000000	0.004205
4213.000000	0.004222
4212.000000	0.004222
4211.000000	0.004200
4210.000000	0.004164
4209.000000	0.004129
4208.000000	0.004110
4207.000000	0.004108
4206.000000	0.004113
4205.000000	0.004110
4204.000000	0.004093
4203.000000	0.004070
4202.000000	0.004051
4201.000000	0.004044
4200.000000	0.004052
4199.000000	0.004073
4198.000000	0.004108
4197.000000	0.004152
4196.000000	0.004196
4195.000000	0.004227
4194.000000	0.004239
4193.000000	0.004237
4192.000000	0.004232
4191.000000	0.004230
4190.000000	0.004230
4189.000000	0.004225
4188.000000	0.004211
4187.000000	0.004186
4186.000000	0.004152
4185.000000	0.004117
4184.000000	0.004091
4183.000000	0.004083
4182.000000	0.004092
4181.000000	0.004104
4180.000000	0.004105
4179.000000	0.004089
4178.000000	0.004066
4177.000000	0.004057
4176.000000	0.004075
4175.000000	0.004124
4174.000000	0.004187
4173.000000	0.004240
4172.000000	0.004265
4171.000000	0.004261
4170.000000	0.004240
4169.000000	0.004220
4168.000000	0.004213
4167.000000	0.004217
4166.000000	0.004222
4165.000000	0.004218
4164.000000	0.004200
4163.000000	0.004173
4162.000000	0.004151
4161.000000	0.004151
4160.000000	0.004180
4159.000000	0.004232
4158.000000	0.004287
4157.000000	0.004320
4156.000000	0.004320
4155.000000	0.004293
4154.000000	0.004256
4153.000000	0.004230
4152.000000	0.004223
4151.000000	0.004231
4150.000000	0.004240
4149.000000	0.004242
4148.000000	0.004232
4147.000000	0.004220
4146.000000	0.004217
4145.000000	0.004230
4144.000000	0.004252
4143.000000	0.004274
4142.000000	0.004281
4141.000000	0.004273
4140.000000	0.004256
4139.000000	0.004238
4138.000000	0.004224
4137.000000	0.004214
4136.000000	0.004209
4135.000000	0.004213
4134.000000	0.004230
4133.000000	0.004261
4132.000000	0.004304
4131.000000	0.004349
4130.000000	0.004381
4129.000000	0.004385
4128.000000	0.004357
4127.000000	0.004311
4126.000000	0.004271
4125.000000	0.004258
4124.000000	0.004271
4123.000000	0.004291
4122.000000	0.004297
4121.000000	0.004287
4120.000000	0.004271
4119.000000	0.004263
4118.000000	0.004270
4117.000000	0.004284
4116.000000	0.004295
4115.000000	0.004299
4114.000000	0.004297
4113.000000	0.004295
4112.000000	0.004302
4111.000000	0.004324
4110.000000	0.004359
4109.000000	0.004401
4108.000000	0.004435
4107.000000	0.004447
4106.000000	0.004433
4105.000000	0.004406
4104.000000	0.004382
4103.000000	0.004375
4102.000000	0.004384
4101.000000	0.004394
4100.000000	0.004393
4099.000000	0.004377
4098.000000	0.004352
4097.000000	0.004329
4096.000000	0.004318
4095.000000	0.004327
4094.000000	0.004357
4093.000000	0.004404
4092.000000	0.004453
4091.000000	0.004486
4090.000000	0.004496
4089.000000	0.004491
4088.000000	0.004485
4087.000000	0.004487
4086.000000	0.004496
4085.000000	0.004503
4084.000000	0.004502
4083.000000	0.004497
4082.000000	0.004489
4081.000000	0.004483
4080.000000	0.004481
4079.000000	0.004491
4078.000000	0.004514
4077.000000	0.004546
4076.000000	0.004572
4075.000000	0.004577
4074.000000	0.004563
4073.000000	0.004542
4072.000000	0.004528
4071.000000	0.004527
4070.000000	0.004532
4069.000000	0.004528
4068.000000	0.004509
4067.000000	0.004474
4066.000000	0.004436
4065.000000	0.004408
4064.000000	0.004400
4063.000000	0.004418
4062.000000	0.004458
4061.000000	0.004510
4060.000000	0.004560
4059.000000	0.004597
4058.000000	0.004613
4057.000000	0.004608
4056.000000	0.004583
4055.000000	0.004546
4054.000000	0.004511
4053.000000	0.004496
4052.000000	0.004506
4051.000000	0.004529
4050.000000	0.004546
4049.000000	0.004546
4048.000000	0.004536
4047.000000	0.004528
4046.000000	0.004528
4045.000000	0.004530
4044.000000	0.004529
4043.000000	0.004525
4042.000000	0.004524
4041.000000	0.004526
4040.000000	0.004530
4039.000000	0.004536
4038.000000	0.004546
4037.000000	0.004565
4036.000000	0.004595
4035.000000	0.004632
4034.000000	0.004667
4033.000000	0.004687
4032.000000	0.004685
4031.000000	0.004662
4030.000000	0.004632
4029.000000	0.004607
4028.000000	0.004594
4027.000000	0.004590
4026.000000	0.004590
4025.000000	0.004593
4024.000000	0.004603
4023.000000	0.004622
4022.000000	0.004645
4021.000000	0.004660
4020.000000	0.004653
4019.000000	0.004624
4018.000000	0.004589
4017.000000	0.004568
4016.000000	0.004574
4015.000000	0.004596
4014.000000	0.004614
4013.000000	0.004615
4012.000000	0.004605
4011.000000	0.004597
4010.000000	0.004601
4009.000000	0.004611
4008.000000	0.004619
4007.000000	0.004624
4006.000000	0.004632
4005.000000	0.004647
4004.000000	0.004662
4003.000000	0.004668
4002.000000	0.004663
4001.000000	0.004656
4000.000000	0.004658
3999.000000	0.004668
3998.000000	0.004675
3997.000000	0.004662
3996.000000	0.004632
3995.000000	0.004601
3994.000000	0.004590
3993.000000	0.004605
3992.000000	0.004634
3991.000000	0.004655
3990.000000	0.004659
3989.000000	0.004646
3988.000000	0.004626
3987.000000	0.004609
3986.000000	0.004603
3985.000000	0.004613
3984.000000	0.004633
3983.000000	0.004652
3982.000000	0.004660
3981.000000	0.004652
3980.000000	0.004638
3979.000000	0.004631
3978.000000	0.004634
3977.000000	0.004643
3976.000000	0.004649
3975.000000	0.004646
3974.000000	0.004634
3973.000000	0.004615
3972.000000	0.004592
3971.000000	0.004572
3970.000000	0.004567
3969.000000	0.004584
3968.000000	0.004621
3967.000000	0.004664
3966.000000	0.004694
3965.000000	0.004701
3964.000000	0.004691
3963.000000	0.004675
3962.000000	0.004661
3961.000000	0.004648
3960.000000	0.004630
3959.000000	0.004608
3958.000000	0.004589
3957.000000	0.004576
3956.000000	0.004569
3955.000000	0.004565
3954.000000	0.004563
3953.000000	0.004563
3952.000000	0.004563
3951.000000	0.004552
3950.000000	0.004528
3949.000000	0.004495
3948.000000	0.004468
3947.000000	0.004456
3946.000000	0.004461
3945.000000	0.004476
3944.000000	0.004493
3943.000000	0.004507
3942.000000	0.004521
3941.000000	0.004536
3940.000000	0.004552
3939.000000	0.004568
3938.000000	0.004581
3937.000000	0.004592
3936.000000	0.004605
3935.000000	0.004620
3934.000000	0.004633
3933.000000	0.004636
3932.000000	0.004632
3931.000000	0.004631
3930.000000	0.004644
3929.000000	0.004669
3928.000000	0.004690
3927.000000	0.004689
3926.000000	0.004661
3925.000000	0.004616
3924.000000	0.004573
3923.000000	0.004547
3922.000000	0.004534
3921.000000	0.004523
3920.000000	0.004509
3919.000000	0.004497
3918.000000	0.004498
3917.000000	0.004517
3916.000000	0.004546
3915.000000	0.004574
3914.000000	0.004595
3913.000000	0.004611
3912.000000	0.004623
3911.000000	0.004635
3910.000000	0.004646
3909.000000	0.004653
3908.000000	0.004649
3907.000000	0.004628
3906.000000	0.004591
3905.000000	0.004542
3904.000000	0.004495
3903.000000	0.004462
3902.000000	0.004453
3901.000000	0.004469
3900.000000	0.004499
3899.000000	0.004531
3898.000000	0.004563
3897.000000	0.004597
3896.000000	0.004630
3895.000000	0.004651
3894.000000	0.004650
3893.000000	0.004631
3892.000000	0.004604
3891.000000	0.004588
3890.000000	0.004593
3889.000000	0.004616
3888.000000	0.004640
3887.000000	0.004653
3886.000000	0.004643
3885.000000	0.004614
3884.000000	0.004584
3883.000000	0.004573
3882.000000	0.004579
3881.000000	0.004584
3880.000000	0.004581
3879.000000	0.004593
3878.000000	0.004646
3877.000000	0.004739
3876.000000	0.004842
3875.000000	0.004908
3874.000000	0.004904
3873.000000	0.004835
3872.000000	0.004735
3871.000000	0.004646
3870.000000	0.004592
3869.000000	0.004579
3868.000000	0.004601
3867.000000	0.004637
3866.000000	0.004658
3865.000000	0.004641
3864.000000	0.004588
3863.000000	0.004538
3862.000000	0.004534
3861.000000	0.004580
3860.000000	0.004641
3859.000000	0.004672
3858.000000	0.004653
3857.000000	0.004598
3856.000000	0.004542
3855.000000	0.004527
3854.000000	0.004550
3853.000000	0.004558
3852.000000	0.004537
3851.000000	0.004531
3850.000000	0.004563
3849.000000	0.004619
3848.000000	0.004678
3847.000000	0.004729
3846.000000	0.004770
3845.000000	0.004802
3844.000000	0.004821
3843.000000	0.004825
3842.000000	0.004815
3841.000000	0.004797
3840.000000	0.004783
3839.000000	0.004777
3838.000000	0.004773
3837.000000	0.004763
3836.000000	0.004745
3835.000000	0.004725
3834.000000	0.004713
3833.000000	0.004711
3832.000000	0.004718
3831.000000	0.004729
3830.000000	0.004745
3829.000000	0.004770
3828.000000	0.004802
3827.000000	0.004831
3826.000000	0.004843
3825.000000	0.004831
3824.000000	0.004803
3823.000000	0.004776
3822.000000	0.004760
3821.000000	0.004752
3820.000000	0.004747
3819.000000	0.004754
3818.000000	0.004771
3817.000000	0.004781
3816.000000	0.004772
3815.000000	0.004749
3814.000000	0.004733
3813.000000	0.004735
3812.000000	0.004748
3811.000000	0.004754
3810.000000	0.004751
3809.000000	0.004752
3808.000000	0.004766
3807.000000	0.004784
3806.000000	0.004795
3805.000000	0.004805
3804.000000	0.004821
3803.000000	0.004835
3802.000000	0.004819
3801.000000	0.004760
3800.000000	0.004689
3799.000000	0.004651
3798.000000	0.004656
3797.000000	0.004684
3796.000000	0.004707
3795.000000	0.004724
3794.000000	0.004747
3793.000000	0.004780
3792.000000	0.004813
3791.000000	0.004835
3790.000000	0.004841
3789.000000	0.004837
3788.000000	0.004830
3787.000000	0.004820
3786.000000	0.004801
3785.000000	0.004771
3784.000000	0.004739
3783.000000	0.004722
3782.000000	0.004737
3781.000000	0.004777
3780.000000	0.004814
3779.000000	0.004818
3778.000000	0.004793
3777.000000	0.004773
3776.000000	0.004783
3775.000000	0.004820
3774.000000	0.004861
3773.000000	0.004882
3772.000000	0.004875
3771.000000	0.004847
3770.000000	0.004818
3769.000000	0.004806
3768.000000	0.004820
3767.000000	0.004848
3766.000000	0.004867
3765.000000	0.004864
3764.000000	0.004849
3763.000000	0.004841
3762.000000	0.004850
3761.000000	0.004858
3760.000000	0.004840
3759.000000	0.004789
3758.000000	0.004731
3757.000000	0.004699
3756.000000	0.004700
3755.000000	0.004712
3754.000000	0.004715
3753.000000	0.004704
3752.000000	0.004676
3751.000000	0.004628
3750.000000	0.004558
3749.000000	0.004488
3748.000000	0.004438
3747.000000	0.004420
3746.000000	0.004446
3745.000000	0.004508
3744.000000	0.004575
3743.000000	0.004631
3742.000000	0.004689
3741.000000	0.004754
3740.000000	0.004808
3739.000000	0.004831
3738.000000	0.004826
3737.000000	0.004802
3736.000000	0.004761
3735.000000	0.004705
3734.000000	0.004671
3733.000000	0.004700
3732.000000	0.004788
3731.000000	0.004889
3730.000000	0.004958
3729.000000	0.004979
3728.000000	0.004953
3727.000000	0.004889
3726.000000	0.004810
3725.000000	0.004749
3724.000000	0.004737
3723.000000	0.004782
3722.000000	0.004853
3721.000000	0.004911
3720.000000	0.004931
3719.000000	0.004923
3718.000000	0.004910
3717.000000	0.004912
3716.000000	0.004927
3715.000000	0.004950
3714.000000	0.004982
3713.000000	0.005029
3712.000000	0.005091
3711.000000	0.005152
3710.000000	0.005201
3709.000000	0.005234
3708.000000	0.005249
3707.000000	0.005254
3706.000000	0.005258
3705.000000	0.005261
3704.000000	0.005258
3703.000000	0.005246
3702.000000	0.005239
3701.000000	0.005256
3700.000000	0.005306
3699.000000	0.005380
3698.000000	0.005460
3697.000000	0.005528
3696.000000	0.005576
3695.000000	0.005608
3694.000000	0.005639
3693.000000	0.005672
3692.000000	0.005687
3691.000000	0.005660
3690.000000	0.005589
3689.000000	0.005514
3688.000000	0.005494
3687.000000	0.005557
3686.000000	0.005684
3685.000000	0.005831
3684.000000	0.005957
3683.000000	0.006039
3682.000000	0.006086
3681.000000	0.006121
3680.000000	0.006164
3679.000000	0.006218
3678.000000	0.006287
3677.000000	0.006371
3676.000000	0.006445
3675.000000	0.006479
3674.000000	0.006490
3673.000000	0.006528
3672.000000	0.006620
3671.000000	0.006754
3670.000000	0.006886
3669.000000	0.006981
3668.000000	0.007053
3667.000000	0.007128
3666.000000	0.007210
3665.000000	0.007289
3664.000000	0.007360
3663.000000	0.007437
3662.000000	0.007534
3661.000000	0.007651
3660.000000	0.007772
3659.000000	0.007881
3658.000000	0.007977
3657.000000	0.008060
3656.000000	0.008129
3655.000000	0.008188
3654.000000	0.008255
3653.000000	0.008351
3652.000000	0.008484
3651.000000	0.008642
3650.000000	0.008801
3649.000000	0.008937
3648.000000	0.009049
3647.000000	0.009151
3646.000000	0.009248
3645.000000	0.009338
3644.000000	0.009429
3643.000000	0.009532
3642.000000	0.009655
3641.000000	0.009796
3640.000000	0.009947
3639.000000	0.010097
3638.000000	0.010231
3637.000000	0.010348
3636.000000	0.010454
3635.000000	0.010553
3634.000000	0.010639
3633.000000	0.010710
3632.000000	0.010790
3631.000000	0.010926
3630.000000	0.011141
3629.000000	0.011376
3628.000000	0.011547
3627.000000	0.011653
3626.000000	0.011746
3625.000000	0.011850
3624.000000	0.011961
3623.000000	0.012079
3622.000000	0.012215
3621.000000	0.012383
3620.000000	0.012568
3619.000000	0.012734
3618.000000	0.012865
3617.000000	0.012983
3616.000000	0.013113
3615.000000	0.013256
3614.000000	0.013399
3613.000000	0.013527
3612.000000	0.013641
3611.000000	0.013769
3610.000000	0.013936
3609.000000	0.014137
3608.000000	0.014340
3607.000000	0.014513
3606.000000	0.014661
3605.000000	0.014803
3604.000000	0.014955
3603.000000	0.015120
3602.000000	0.015294
3601.000000	0.015463
3600.000000	0.015614
3599.000000	0.015745
3598.000000	0.015870
3597.000000	0.016008
3596.000000	0.016162
3595.000000	0.016318
3594.000000	0.016468
3593.000000	0.016610
3592.000000	0.016750
3591.000000	0.016897
3590.000000	0.017068
3589.000000	0.017272
3588.000000	0.017494
3587.000000	0.017701
3586.000000	0.017886
3585.000000	0.018070
3584.000000	0.018269
3583.000000	0.018479
3582.000000	0.018686
3581.000000	0.018874
3580.000000	0.019039
3579.000000	0.019193
3578.000000	0.019357
3577.000000	0.019544
3576.000000	0.019747
3575.000000	0.019960
3574.000000	0.020174
3573.000000	0.020377
3572.000000	0.020552
3571.000000	0.020700
3570.000000	0.020846
3569.000000	0.021022
3568.000000	0.021235
3567.000000	0.021461
3566.000000	0.021677
3565.000000	0.021884
3564.000000	0.022088
3563.000000	0.022289
3562.000000	0.022487
3561.000000	0.022689
3560.000000	0.022894
3559.000000	0.023098
3558.000000	0.023294
3557.000000	0.023483
3556.000000	0.023672
3555.000000	0.023871
3554.000000	0.024092
3553.000000	0.024335
3552.000000	0.024588
3551.000000	0.024837
3550.000000	0.025070
3549.000000	0.025286
3548.000000	0.025489
3547.000000	0.025690
3546.000000	0.025906
3545.000000	0.026140
3544.000000	0.026386
3543.000000	0.026630
3542.000000	0.026869
3541.000000	0.027105
3540.000000	0.027339
3539.000000	0.027568
3538.000000	0.027795
3537.000000	0.028024
3536.000000	0.028254
3535.000000	0.028479
3534.000000	0.028689
3533.000000	0.028884
3532.000000	0.029075
3531.000000	0.029278
3530.000000	0.029508
3529.000000	0.029755
3528.000000	0.030000
3527.000000	0.030228
3526.000000	0.030444
3525.000000	0.030667
3524.000000	0.030905
3523.000000	0.031153
3522.000000	0.031399
3521.000000	0.031630
3520.000000	0.031844
3519.000000	0.032052
3518.000000	0.032273
3517.000000	0.032516
3516.000000	0.032769
3515.000000	0.033009
3514.000000	0.033223
3513.000000	0.033416
3512.000000	0.033603
3511.000000	0.033803
3510.000000	0.034020
3509.000000	0.034245
3508.000000	0.034461
3507.000000	0.034667
3506.000000	0.034881
3505.000000	0.035121
3504.000000	0.035374
3503.000000	0.035611
3502.000000	0.035814
3501.000000	0.035997
3500.000000	0.036189
3499.000000	0.036407
3498.000000	0.036645
3497.000000	0.036884
3496.000000	0.037106
3495.000000	0.037311
3494.000000	0.037507
3493.000000	0.037702
3492.000000	0.037899
3491.000000	0.038099
3490.000000	0.038312
3489.000000	0.038541
3488.000000	0.038775
3487.000000	0.038997
3486.000000	0.039198
3485.000000	0.039384
3484.000000	0.039563
3483.000000	0.039740
3482.000000	0.039918
3481.000000	0.040103
3480.000000	0.040296
3479.000000	0.040494
3478.000000	0.040695
3477.000000	0.040900
3476.000000	0.041109
3475.000000	0.041324
3474.000000	0.041540
3473.000000	0.041747
3472.000000	0.041937
3471.000000	0.042111
3470.000000	0.042287
3469.000000	0.042477
3468.000000	0.042674
3467.000000	0.042859
3466.000000	0.043026
3465.000000	0.043186
3464.000000	0.043360
3463.000000	0.043558
3462.000000	0.043774
3461.000000	0.043986
3460.000000	0.044174
3459.000000	0.044331
3458.000000	0.044475
3457.000000	0.044631
3456.000000	0.044815
3455.000000	0.045020
3454.000000	0.045225
3453.000000	0.045414
3452.000000	0.045576
3451.000000	0.045711
3450.000000	0.045829
3449.000000	0.045945
3448.000000	0.046068
3447.000000	0.046190
3446.000000	0.046308
3445.000000	0.046428
3444.000000	0.046562
3443.000000	0.046717
3442.000000	0.046887
3441.000000	0.047058
3440.000000	0.047224
3439.000000	0.047381
3438.000000	0.047534
3437.000000	0.047680
3436.000000	0.047819
3435.000000	0.047955
3434.000000	0.048094
3433.000000	0.048239
3432.000000	0.048382
3431.000000	0.048513
3430.000000	0.048629
3429.000000	0.048733
3428.000000	0.048830
3427.000000	0.048922
3426.000000	0.049018
3425.000000	0.049123
3424.000000	0.049236
3423.000000	0.049356
3422.000000	0.049479
3421.000000	0.049598
3420.000000	0.049702
3419.000000	0.049785
3418.000000	0.049855
3417.000000	0.049934
3416.000000	0.050032
3415.000000	0.050146
3414.000000	0.050256
3413.000000	0.050349
3412.000000	0.050423
3411.000000	0.050490
3410.000000	0.050560
3409.000000	0.050632
3408.000000	0.050701
3407.000000	0.050769
3406.000000	0.050850
3405.000000	0.050951
3404.000000	0.051069
3403.000000	0.051188
3402.000000	0.051284
3401.000000	0.051344
3400.000000	0.051372
3399.000000	0.051390
3398.000000	0.051420
3397.000000	0.051468
3396.000000	0.051525
3395.000000	0.051579
3394.000000	0.051628
3393.000000	0.051676
3392.000000	0.051727
3391.000000	0.051787
3390.000000	0.051852
3389.000000	0.051909
3388.000000	0.051952
3387.000000	0.051988
3386.000000	0.052034
3385.000000	0.052093
3384.000000	0.052152
3383.000000	0.052197
3382.000000	0.052232
3381.000000	0.052266
3380.000000	0.052303
3379.000000	0.052342
3378.000000	0.052387
3377.000000	0.052440
3376.000000	0.052496
3375.000000	0.052547
3374.000000	0.052591
3373.000000	0.052625
3372.000000	0.052646
3371.000000	0.052650
3370.000000	0.052650
3369.000000	0.052666
3368.000000	0.052713
3367.000000	0.052787
3366.000000	0.052862
3365.000000	0.052915
3364.000000	0.052939
3363.000000	0.052947
3362.000000	0.052964
3361.000000	0.053011
3360.000000	0.053090
3359.000000	0.053187
3358.000000	0.053284
3357.000000	0.053367
3356.000000	0.053432
3355.000000	0.053478
3354.000000	0.053514
3353.000000	0.053550
3352.000000	0.053602
3351.000000	0.053678
3350.000000	0.053777
3349.000000	0.053888
3348.000000	0.053991
3347.000000	0.054077
3346.000000	0.054152
3345.000000	0.054239
3344.000000	0.054351
3343.000000	0.054483
3342.000000	0.054611
3341.000000	0.054711
3340.000000	0.054782
3339.000000	0.054855
3338.000000	0.054964
3337.000000	0.055125
3336.000000	0.055325
3335.000000	0.055542
3334.000000	0.055757
3333.000000	0.055961
3332.000000	0.056155
3331.000000	0.056338
3330.000000	0.056507
3329.000000	0.056653
3328.000000	0.056782
3327.000000	0.056916
3326.000000	0.057085
3325.000000	0.057295
3324.000000	0.057534
3323.000000	0.057788
3322.000000	0.058060
3321.000000	0.058351
3320.000000	0.058650
3319.000000	0.058935
3318.000000	0.059191
3317.000000	0.059417
3316.000000	0.059625
3315.000000	0.059836
3314.000000	0.060059
3313.000000	0.060283
3312.000000	0.060489
3311.000000	0.060672
3310.000000	0.060849
3309.000000	0.061044
3308.000000	0.061265
3307.000000	0.061518
3306.000000	0.061811
3305.000000	0.062144
3304.000000	0.062502
3303.000000	0.062858
3302.000000	0.063191
3301.000000	0.063486
3300.000000	0.063732
3299.000000	0.063930
3298.000000	0.064104
3297.000000	0.064279
3296.000000	0.064461
3295.000000	0.064641
3294.000000	0.064817
3293.000000	0.064999
3292.000000	0.065200
3291.000000	0.065413
3290.000000	0.065620
3289.000000	0.065803
3288.000000	0.065957
3287.000000	0.066078
3286.000000	0.066155
3285.000000	0.066180
3284.000000	0.066149
3283.000000	0.066072
3282.000000	0.065964
3281.000000	0.065831
3280.000000	0.065666
3279.000000	0.065456
3278.000000	0.065188
3277.000000	0.064854
3276.000000	0.064457
3275.000000	0.064004
3274.000000	0.063511
3273.000000	0.063002
3272.000000	0.062502
3271.000000	0.062034
3270.000000	0.061601
3269.000000	0.061181
3268.000000	0.060739
3267.000000	0.060254
3266.000000	0.059728
3265.000000	0.059170
3264.000000	0.058585
3263.000000	0.057975
3262.000000	0.057346
3261.000000	0.056695
3260.000000	0.056010
3259.000000	0.055284
3258.000000	0.054538
3257.000000	0.053817
3256.000000	0.053171
3255.000000	0.052617
3254.000000	0.052130
3253.000000	0.051650
3252.000000	0.051114
3251.000000	0.050495
3250.000000	0.049820
3249.000000	0.049150
3248.000000	0.048548
3247.000000	0.048048
3246.000000	0.047642
3245.000000	0.047284
3244.000000	0.046926
3243.000000	0.046549
3242.000000	0.046156
3241.000000	0.045753
3240.000000	0.045328
3239.000000	0.044869
3238.000000	0.044368
3237.000000	0.043828
3236.000000	0.043267
3235.000000	0.042730
3234.000000	0.042278
3233.000000	0.041939
3232.000000	0.041683
3231.000000	0.041446
3230.000000	0.041186
3229.000000	0.040895
3228.000000	0.040587
3227.000000	0.040274
3226.000000	0.039966
3225.000000	0.039662
3224.000000	0.039349
3223.000000	0.039007
3222.000000	0.038636
3221.000000	0.038251
3220.000000	0.037881
3219.000000	0.037544
3218.000000	0.037240
3217.000000	0.036955
3216.000000	0.036668
3215.000000	0.036366
3214.000000	0.036053
3213.000000	0.035743
3212.000000	0.035447
3211.000000	0.035165
3210.000000	0.034890
3209.000000	0.034608
3208.000000	0.034305
3207.000000	0.033981
3206.000000	0.033658
3205.000000	0.033358
3204.000000	0.033087
3203.000000	0.032830
3202.000000	0.032570
3201.000000	0.032297
3200.000000	0.032012
3199.000000	0.031724
3198.000000	0.031440
3197.000000	0.031155
3196.000000	0.030855
3195.000000	0.030540
3194.000000	0.030240
3193.000000	0.029980
3192.000000	0.029756
3191.000000	0.029538
3190.000000	0.029303
3189.000000	0.029056
3188.000000	0.028811
3187.000000	0.028574
3186.000000	0.028342
3185.000000	0.028107
3184.000000	0.027865
3183.000000	0.027622
3182.000000	0.027391
3181.000000	0.027184
3180.000000	0.026994
3179.000000	0.026806
3178.000000	0.026604
3177.000000	0.026387
3176.000000	0.026162
3175.000000	0.025943
3174.000000	0.025739
3173.000000	0.025551
3172.000000	0.025365
3171.000000	0.025171
3170.000000	0.024969
3169.000000	0.024766
3168.000000	0.024564
3167.000000	0.024360
3166.000000	0.024161
3165.000000	0.023976
3164.000000	0.023809
3163.000000	0.023650
3162.000000	0.023487
3161.000000	0.023314
3160.000000	0.023132
3159.000000	0.022951
3158.000000	0.022778
3157.000000	0.022609
3156.000000	0.022433
3155.000000	0.022251
3154.000000	0.022079
3153.000000	0.021944
3152.000000	0.021848
3151.000000	0.021768
3150.000000	0.021673
3149.000000	0.021549
3148.000000	0.021403
3147.000000	0.021262
3146.000000	0.021150
3145.000000	0.021069
3144.000000	0.020990
3143.000000	0.020873
3142.000000	0.020709
3141.000000	0.020528
3140.000000	0.020380
3139.000000	0.020289
3138.000000	0.020247
3137.000000	0.020221
3136.000000	0.020177
3135.000000	0.020103
3134.000000	0.020003
3133.000000	0.019893
3132.000000	0.019786
3131.000000	0.019688
3130.000000	0.019609
3129.000000	0.019554
3128.000000	0.019520
3127.000000	0.019491
3126.000000	0.019447
3125.000000	0.019370
3124.000000	0.019254
3123.000000	0.019112
3122.000000	0.018971
3121.000000	0.018852
3120.000000	0.018760
3119.000000	0.018686
3118.000000	0.018631
3117.000000	0.018607
3116.000000	0.018626
3115.000000	0.018682
3114.000000	0.018745
3113.000000	0.018783
3112.000000	0.018771
3111.000000	0.018725
3110.000000	0.018683
3109.000000	0.018680
3108.000000	0.018713
3107.000000	0.018754
3106.000000	0.018776
3105.000000	0.018777
3104.000000	0.018763
3103.000000	0.018742
3102.000000	0.018717
3101.000000	0.018702
3100.000000	0.018711
3099.000000	0.018749
3098.000000	0.018805
3097.000000	0.018858
3096.000000	0.018883
3095.000000	0.018872
3094.000000	0.018837
3093.000000	0.018797
3092.000000	0.018771
3091.000000	0.018761
3090.000000	0.018757
3089.000000	0.018737
3088.000000	0.018691
3087.000000	0.018628
3086.000000	0.018580
3085.000000	0.018566
3084.000000	0.018566
3083.000000	0.018541
3082.000000	0.018472
3081.000000	0.018382
3080.000000	0.018318
3079.000000	0.018313
3078.000000	0.018371
3077.000000	0.018463
3076.000000	0.018542
3075.000000	0.018574
3074.000000	0.018551
3073.000000	0.018491
3072.000000	0.018412
3071.000000	0.018314
3070.000000	0.018190
3069.000000	0.018057
3068.000000	0.017949
3067.000000	0.017891
3066.000000	0.017876
3065.000000	0.017867
3064.000000	0.017830
3063.000000	0.017760
3062.000000	0.017669
3061.000000	0.017570
3060.000000	0.017457
3059.000000	0.017325
3058.000000	0.017185
3057.000000	0.017054
3056.000000	0.016942
3055.000000	0.016834
3054.000000	0.016708
3053.000000	0.016552
3052.000000	0.016383
3051.000000	0.016234
3050.000000	0.016121
3049.000000	0.016028
3048.000000	0.015921
3047.000000	0.015786
3046.000000	0.015639
3045.000000	0.015505
3044.000000	0.015394
3043.000000	0.015311
3042.000000	0.015260
3041.000000	0.015244
3040.000000	0.015247
3039.000000	0.015231
3038.000000	0.015171
3037.000000	0.015066
3036.000000	0.014940
3035.000000	0.014828
3034.000000	0.014753
3033.000000	0.014716
3032.000000	0.014698
3031.000000	0.014678
3030.000000	0.014646
3029.000000	0.014595
3028.000000	0.014522
3027.000000	0.014428
3026.000000	0.014334
3025.000000	0.014259
3024.000000	0.014206
3023.000000	0.014159
3022.000000	0.014101
3021.000000	0.014028
3020.000000	0.013941
3019.000000	0.013853
3018.000000	0.013781
3017.000000	0.013738
3016.000000	0.013724
3015.000000	0.013726
3014.000000	0.013742
3013.000000	0.013781
3012.000000	0.013848
3011.000000	0.013940
3010.000000	0.014047
3009.000000	0.014161
3008.000000	0.014275
3007.000000	0.014384
3006.000000	0.014489
3005.000000	0.014595
3004.000000	0.014708
3003.000000	0.014833
3002.000000	0.014969
3001.000000	0.015114
3000.000000	0.015260
2999.000000	0.015408
2998.000000	0.015567
2997.000000	0.015742
2996.000000	0.015930
2995.000000	0.016127
2994.000000	0.016345
2993.000000	0.016608
2992.000000	0.016920
2991.000000	0.017255
2990.000000	0.017579
2989.000000	0.017878
2988.000000	0.018170
2987.000000	0.018472
2986.000000	0.018789
2985.000000	0.019102
2984.000000	0.019397
2983.000000	0.019675
2982.000000	0.019952
2981.000000	0.020238
2980.000000	0.020531
2979.000000	0.020819
2978.000000	0.021092
2977.000000	0.021346
2976.000000	0.021588
2975.000000	0.021830
2974.000000	0.022084
2973.000000	0.022345
2972.000000	0.022592
2971.000000	0.022807
2970.000000	0.022988
2969.000000	0.023136
2968.000000	0.023249
2967.000000	0.023321
2966.000000	0.023355
2965.000000	0.023365
2964.000000	0.023363
2963.000000	0.023360
2962.000000	0.023364
2961.000000	0.023370
2960.000000	0.023359
2959.000000	0.023313
2958.000000	0.023227
2957.000000	0.023105
2956.000000	0.022953
2955.000000	0.022780
2954.000000	0.022612
2953.000000	0.022481
2952.000000	0.022400
2951.000000	0.022360
2950.000000	0.022338
2949.000000	0.022322
2948.000000	0.022316
2947.000000	0.022339
2946.000000	0.022413
2945.000000	0.022558
2944.000000	0.022775
2943.000000	0.023049
2942.000000	0.023343
2941.000000	0.023621
2940.000000	0.023861
2939.000000	0.024061
2938.000000	0.024232
2937.000000	0.024376
2936.000000	0.024489
2935.000000	0.024560
2934.000000	0.024578
2933.000000	0.024547
2932.000000	0.024487
2931.000000	0.024439
2930.000000	0.024437
2929.000000	0.024482
2928.000000	0.024537
2927.000000	0.024567
2926.000000	0.024567
2925.000000	0.024558
2924.000000	0.024560
2923.000000	0.024574
2922.000000	0.024586
2921.000000	0.024585
2920.000000	0.024563
2919.000000	0.024507
2918.000000	0.024381
2917.000000	0.024124
2916.000000	0.023690
2915.000000	0.023095
2914.000000	0.022419
2913.000000	0.021755
2912.000000	0.021164
2911.000000	0.020668
2910.000000	0.020274
2909.000000	0.019968
2908.000000	0.019713
2907.000000	0.019475
2906.000000	0.019243
2905.000000	0.019033
2904.000000	0.018858
2903.000000	0.018714
2902.000000	0.018589
2901.000000	0.018471
2900.000000	0.018348
2899.000000	0.018217
2898.000000	0.018094
2897.000000	0.018005
2896.000000	0.017963
2895.000000	0.017958
2894.000000	0.017968
2893.000000	0.017974
2892.000000	0.017967
2891.000000	0.017950
2890.000000	0.017936
2889.000000	0.017939
2888.000000	0.017962
2887.000000	0.018001
2886.000000	0.018048
2885.000000	0.018097
2884.000000	0.018144
2883.000000	0.018188
2882.000000	0.018232
2881.000000	0.018280
2880.000000	0.018322
2879.000000	0.018339
2878.000000	0.018310
2877.000000	0.018221
2876.000000	0.018076
2875.000000	0.017905
2874.000000	0.017747
2873.000000	0.017629
2872.000000	0.017536
2871.000000	0.017429
2870.000000	0.017275
2869.000000	0.017068
2868.000000	0.016825
2867.000000	0.016567
2866.000000	0.016319
2865.000000	0.016089
2864.000000	0.015872
2863.000000	0.015663
2862.000000	0.015471
2861.000000	0.015320
2860.000000	0.015229
2859.000000	0.015197
2858.000000	0.015210
2857.000000	0.015248
2856.000000	0.015304
2855.000000	0.015386
2854.000000	0.015521
2853.000000	0.015717
2852.000000	0.015938
2851.000000	0.016103
2850.000000	0.016123
2849.000000	0.015950
2848.000000	0.015592
2847.000000	0.015104
2846.000000	0.014555
2845.000000	0.014006
2844.000000	0.013492
2843.000000	0.013023
2842.000000	0.012603
2841.000000	0.012243
2840.000000	0.011955
2839.000000	0.011747
2838.000000	0.011604
2837.000000	0.011499
2836.000000	0.011411
2835.000000	0.011336
2834.000000	0.011284
2833.000000	0.011256
2832.000000	0.011237
2831.000000	0.011209
2830.000000	0.011167
2829.000000	0.011110
2828.000000	0.011037
2827.000000	0.010955
2826.000000	0.010876
2825.000000	0.010811
2824.000000	0.010758
2823.000000	0.010710
2822.000000	0.010664
2821.000000	0.010625
2820.000000	0.010593
2819.000000	0.010564
2818.000000	0.010529
2817.000000	0.010484
2816.000000	0.010432
2815.000000	0.010376
2814.000000	0.010318
2813.000000	0.010259
2812.000000	0.010199
2811.000000	0.010149
2810.000000	0.010119
2809.000000	0.010108
2808.000000	0.010098
2807.000000	0.010074
2806.000000	0.010041
2805.000000	0.010014
2804.000000	0.009993
2803.000000	0.009969
2802.000000	0.009934
2801.000000	0.009884
2800.000000	0.009824
2799.000000	0.009765
2798.000000	0.009722
2797.000000	0.009699
2796.000000	0.009685
2795.000000	0.009667
2794.000000	0.009640
2793.000000	0.009607
2792.000000	0.009574
2791.000000	0.009548
2790.000000	0.009540
2789.000000	0.009553
2788.000000	0.009578
2787.000000	0.009600
2786.000000	0.009608
2785.000000	0.009602
2784.000000	0.009581
2783.000000	0.009550
2782.000000	0.009519
2781.000000	0.009499
2780.000000	0.009485
2779.000000	0.009471
2778.000000	0.009454
2777.000000	0.009440
2776.000000	0.009433
2775.000000	0.009433
2774.000000	0.009438
2773.000000	0.009445
2772.000000	0.009450
2771.000000	0.009450
2770.000000	0.009448
2769.000000	0.009446
2768.000000	0.009447
2767.000000	0.009455
2766.000000	0.009470
2765.000000	0.009482
2764.000000	0.009478
2763.000000	0.009462
2762.000000	0.009452
2761.000000	0.009459
2760.000000	0.009477
2759.000000	0.009494
2758.000000	0.009507
2757.000000	0.009523
2756.000000	0.009545
2755.000000	0.009568
2754.000000	0.009590
2753.000000	0.009609
2752.000000	0.009622
2751.000000	0.009628
2750.000000	0.009635
2749.000000	0.009655
2748.000000	0.009691
2747.000000	0.009737
2746.000000	0.009784
2745.000000	0.009827
2744.000000	0.009866
2743.000000	0.009901
2742.000000	0.009941
2741.000000	0.009988
2740.000000	0.010044
2739.000000	0.010111
2738.000000	0.010195
2737.000000	0.010295
2736.000000	0.010396
2735.000000	0.010485
2734.000000	0.010565
2733.000000	0.010645
2732.000000	0.010729
2731.000000	0.010813
2730.000000	0.010894
2729.000000	0.010978
2728.000000	0.011070
2727.000000	0.011177
2726.000000	0.011302
2725.000000	0.011440
2724.000000	0.011579
2723.000000	0.011721
2722.000000	0.011878
2721.000000	0.012060
2720.000000	0.012260
2719.000000	0.012459
2718.000000	0.012653
2717.000000	0.012843
2716.000000	0.013031
2715.000000	0.013218
2714.000000	0.013415
2713.000000	0.013636
2712.000000	0.013879
2711.000000	0.014129
2710.000000	0.014376
2709.000000	0.014617
2708.000000	0.014859
2707.000000	0.015111
2706.000000	0.015373
2705.000000	0.015636
2704.000000	0.015889
2703.000000	0.016127
2702.000000	0.016366
2701.000000	0.016622
2700.000000	0.016890
2699.000000	0.017162
2698.000000	0.017433
2697.000000	0.017711
2696.000000	0.017997
2695.000000	0.018284
2694.000000	0.018565
2693.000000	0.018844
2692.000000	0.019129
2691.000000	0.019427
2690.000000	0.019740
2689.000000	0.020064
2688.000000	0.020387
2687.000000	0.020701
2686.000000	0.021003
2685.000000	0.021299
2684.000000	0.021593
2683.000000	0.021891
2682.000000	0.022193
2681.000000	0.022495
2680.000000	0.022789
2679.000000	0.023080
2678.000000	0.023381
2677.000000	0.023700
2676.000000	0.024032
2675.000000	0.024367
2674.000000	0.024703
2673.000000	0.025032
2672.000000	0.025346
2671.000000	0.025643
2670.000000	0.025940
2669.000000	0.026258
2668.000000	0.026602
2667.000000	0.026960
2666.000000	0.027319
2665.000000	0.027673
2664.000000	0.028021
2663.000000	0.028364
2662.000000	0.028707
2661.000000	0.029047
2660.000000	0.029373
2659.000000	0.029687
2658.000000	0.030003
2657.000000	0.030334
2656.000000	0.030676
2655.000000	0.031022
2654.000000	0.031374
2653.000000	0.031735
2652.000000	0.032090
2651.000000	0.032433
2650.000000	0.032771
2649.000000	0.033122
2648.000000	0.033484
2647.000000	0.033846
2646.000000	0.034207
2645.000000	0.034577
2644.000000	0.034957
2643.000000	0.035335
2642.000000	0.035709
2641.000000	0.036088
2640.000000	0.036477
2639.000000	0.036873
2638.000000	0.037266
2637.000000	0.037650
2636.000000	0.038022
2635.000000	0.038380
2634.000000	0.038731
2633.000000	0.039085
2632.000000	0.039443
2631.000000	0.039809
2630.000000	0.040189
2629.000000	0.040586
2628.000000	0.040991
2627.000000	0.041385
2626.000000	0.041767
2625.000000	0.042146
2624.000000	0.042532
2623.000000	0.042926
2622.000000	0.043326
2621.000000	0.043731
2620.000000	0.044133
2619.000000	0.044524
2618.000000	0.044909
2617.000000	0.045297
2616.000000	0.045689
2615.000000	0.046083
2614.000000	0.046483
2613.000000	0.046896
2612.000000	0.047315
2611.000000	0.047729
2610.000000	0.048136
2609.000000	0.048543
2608.000000	0.048947
2607.000000	0.049341
2606.000000	0.049732
2605.000000	0.050136
2604.000000	0.050558
2603.000000	0.050982
2602.000000	0.051385
2601.000000	0.051761
2600.000000	0.052128
2599.000000	0.052509
2598.000000	0.052917
2597.000000	0.053337
2596.000000	0.053740
2595.000000	0.054111
2594.000000	0.054463
2593.000000	0.054825
2592.000000	0.055207
2591.000000	0.055595
2590.000000	0.055975
2589.000000	0.056340
2588.000000	0.056692
2587.000000	0.057037
2586.000000	0.057381
2585.000000	0.057724
2584.000000	0.058068
2583.000000	0.058411
2582.000000	0.058757
2581.000000	0.059107
2580.000000	0.059460
2579.000000	0.059816
2578.000000	0.060178
2577.000000	0.060544
2576.000000	0.060911
2575.000000	0.061276
2574.000000	0.061640
2573.000000	0.061988
2572.000000	0.062301
2571.000000	0.062580
2570.000000	0.062852
2569.000000	0.063154
2568.000000	0.063494
2567.000000	0.063860
2566.000000	0.064233
2565.000000	0.064590
2564.000000	0.064912
2563.000000	0.065206
2562.000000	0.065501
2561.000000	0.065815
2560.000000	0.066141
2559.000000	0.066464
2558.000000	0.066790
2557.000000	0.067130
2556.000000	0.067477
2555.000000	0.067813
2554.000000	0.068140
2553.000000	0.068475
2552.000000	0.068819
2551.000000	0.069157
2550.000000	0.069477
2549.000000	0.069784
2548.000000	0.070088
2547.000000	0.070392
2546.000000	0.070691
2545.000000	0.070988
2544.000000	0.071288
2543.000000	0.071597
2542.000000	0.071924
2541.000000	0.072271
2540.000000	0.072621
2539.000000	0.072951
2538.000000	0.073245
2537.000000	0.073512
2536.000000	0.073775
2535.000000	0.074060
2534.000000	0.074379
2533.000000	0.074719
2532.000000	0.075053
2531.000000	0.075367
2530.000000	0.075671
2529.000000	0.075986
2528.000000	0.076319
2527.000000	0.076664
2526.000000	0.077003
2525.000000	0.077317
2524.000000	0.077590
2523.000000	0.077833
2522.000000	0.078078
2521.000000	0.078361
2520.000000	0.078686
2519.000000	0.079039
2518.000000	0.079399
2517.000000	0.079748
2516.000000	0.080070
2515.000000	0.080361
2514.000000	0.080643
2513.000000	0.080951
2512.000000	0.081301
2511.000000	0.081684
2510.000000	0.082065
2509.000000	0.082410
2508.000000	0.082705
2507.000000	0.082959
2506.000000	0.083203
2505.000000	0.083469
2504.000000	0.083777
2503.000000	0.084127
2502.000000	0.084512
2501.000000	0.084911
2500.000000	0.085296
2499.000000	0.085645
2498.000000	0.085954
2497.000000	0.086233
2496.000000	0.086504
2495.000000	0.086790
2494.000000	0.087103
2493.000000	0.087440
2492.000000	0.087789
2491.000000	0.088137
2490.000000	0.088471
2489.000000	0.088777
2488.000000	0.089054
2487.000000	0.089315
2486.000000	0.089576
2485.000000	0.089839
2484.000000	0.090094
2483.000000	0.090340
2482.000000	0.090583
2481.000000	0.090817
2480.000000	0.091030
2479.000000	0.091208
2478.000000	0.091345
2477.000000	0.091428
2476.000000	0.091448
2475.000000	0.091418
2474.000000	0.091373
2473.000000	0.091341
2472.000000	0.091324
2471.000000	0.091313
2470.000000	0.091303
2469.000000	0.091286
2468.000000	0.091246
2467.000000	0.091164
2466.000000	0.091035
2465.000000	0.090870
2464.000000	0.090689
2463.000000	0.090506
2462.000000	0.090323
2461.000000	0.090131
2460.000000	0.089924
2459.000000	0.089706
2458.000000	0.089491
2457.000000	0.089289
2456.000000	0.089109
2455.000000	0.088948
2454.000000	0.088797
2453.000000	0.088632
2452.000000	0.088436
2451.000000	0.088221
2450.000000	0.088017
2449.000000	0.087838
2448.000000	0.087669
2447.000000	0.087496
2446.000000	0.087326
2445.000000	0.087176
2444.000000	0.087052
2443.000000	0.086955
2442.000000	0.086889
2441.000000	0.086859
2440.000000	0.086862
2439.000000	0.086886
2438.000000	0.086930
2437.000000	0.087001
2436.000000	0.087092
2435.000000	0.087185
2434.000000	0.087266
2433.000000	0.087345
2432.000000	0.087450
2431.000000	0.087601
2430.000000	0.087796
2429.000000	0.088003
2428.000000	0.088185
2427.000000	0.088316
2426.000000	0.088394
2425.000000	0.088444
2424.000000	0.088511
2423.000000	0.088620
2422.000000	0.088750
2421.000000	0.088849
2420.000000	0.088885
2419.000000	0.088879
2418.000000	0.088861
2417.000000	0.088829
2416.000000	0.088761
2415.000000	0.088650
2414.000000	0.088502
2413.000000	0.088309
2412.000000	0.088049
2411.000000	0.087729
2410.000000	0.087386
2409.000000	0.087052
2408.000000	0.086720
2407.000000	0.086358
2406.000000	0.085937
2405.000000	0.085455
2404.000000	0.084935
2403.000000	0.084414
2402.000000	0.083914
2401.000000	0.083418
2400.000000	0.082887
2399.000000	0.082295
2398.000000	0.081654
2397.000000	0.080980
2396.000000	0.080284
2395.000000	0.079588
2394.000000	0.078928
2393.000000	0.078321
2392.000000	0.077742
2391.000000	0.077144
2390.000000	0.076506
2389.000000	0.075845
2388.000000	0.075184
2387.000000	0.074530
2386.000000	0.073874
2385.000000	0.073207
2384.000000	0.072530
2383.000000	0.071865
2382.000000	0.071228
2381.000000	0.070608
2380.000000	0.069965
2379.000000	0.069277
2378.000000	0.068566
2377.000000	0.067873
2376.000000	0.067212
2375.000000	0.066571
2374.000000	0.065947
2373.000000	0.065356
2372.000000	0.064799
2371.000000	0.064255
2370.000000	0.063694
2369.000000	0.063085
2368.000000	0.062419
2367.000000	0.061721
2366.000000	0.061047
2365.000000	0.060420
2364.000000	0.059816
2363.000000	0.059209
2362.000000	0.058617
2361.000000	0.058065
2360.000000	0.057533
2359.000000	0.056976
2358.000000	0.056380
2357.000000	0.055774
2356.000000	0.055184
2355.000000	0.054625
2354.000000	0.054087
2353.000000	0.053543
2352.000000	0.052969
2351.000000	0.052387
2350.000000	0.051833
2349.000000	0.051312
2348.000000	0.050798
2347.000000	0.050265
2346.000000	0.049717
2345.000000	0.049179
2344.000000	0.048651
2343.000000	0.048116
2342.000000	0.047577
2341.000000	0.047061
2340.000000	0.046585
2339.000000	0.046140
2338.000000	0.045691
2337.000000	0.045206
2336.000000	0.044674
2335.000000	0.044122
2334.000000	0.043592
2333.000000	0.043096
2332.000000	0.042613
2331.000000	0.042135
2330.000000	0.041695
2329.000000	0.041308
2328.000000	0.040928
2327.000000	0.040487
2326.000000	0.039973
2325.000000	0.039434
2324.000000	0.038926
2323.000000	0.038471
2322.000000	0.038063
2321.000000	0.037677
2320.000000	0.037271
2319.000000	0.036826
2318.000000	0.036374
2317.000000	0.035964
2316.000000	0.035604
2315.000000	0.035257
2314.000000	0.034901
2313.000000	0.034543
2312.000000	0.034186
2311.000000	0.033812
2310.000000	0.033414
2309.000000	0.033014
2308.000000	0.032628
2307.000000	0.032249
2306.000000	0.031871
2305.000000	0.031503
2304.000000	0.031145
2303.000000	0.030791
2302.000000	0.030444
2301.000000	0.030120
2300.000000	0.029814
2299.000000	0.029502
2298.000000	0.029167
2297.000000	0.028821
2296.000000	0.028481
2295.000000	0.028155
2294.000000	0.027859
2293.000000	0.027603
2292.000000	0.027368
2291.000000	0.027114
2290.000000	0.026824
2289.000000	0.026521
2288.000000	0.026239
2287.000000	0.025980
2286.000000	0.025730
2285.000000	0.025475
2284.000000	0.025206
2283.000000	0.024932
2282.000000	0.024679
2281.000000	0.024467
2280.000000	0.024278
2279.000000	0.024072
2278.000000	0.023832
2277.000000	0.023568
2276.000000	0.023286
2275.000000	0.022987
2274.000000	0.022687
2273.000000	0.022420
2272.000000	0.022208
2271.000000	0.022051
2270.000000	0.021935
2269.000000	0.021828
2268.000000	0.021687
2267.000000	0.021504
2266.000000	0.021313
2265.000000	0.021139
2264.000000	0.020959
2263.000000	0.020742
2262.000000	0.020504
2261.000000	0.020272
2260.000000	0.020031
2259.000000	0.019756
2258.000000	0.019484
2257.000000	0.019272
2256.000000	0.019121
2255.000000	0.018983
2254.000000	0.018847
2253.000000	0.018745
2252.000000	0.018690
2251.000000	0.018653
2250.000000	0.018600
2249.000000	0.018498
2248.000000	0.018306
2247.000000	0.018039
2246.000000	0.017792
2245.000000	0.017657
2244.000000	0.017609
2243.000000	0.017556
2242.000000	0.017456
2241.000000	0.017328
2240.000000	0.017177
2239.000000	0.017004
2238.000000	0.016868
2237.000000	0.016834
2236.000000	0.016866
2235.000000	0.016848
2234.000000	0.016724
2233.000000	0.016527
2232.000000	0.016295
2231.000000	0.016035
2230.000000	0.015791
2229.000000	0.015624
2228.000000	0.015530
2227.000000	0.015443
2226.000000	0.015345
2225.000000	0.015287
2224.000000	0.015289
2223.000000	0.015303
2222.000000	0.015273
2221.000000	0.015187
2220.000000	0.015052
2219.000000	0.014893
2218.000000	0.014760
2217.000000	0.014683
2216.000000	0.014623
2215.000000	0.014538
2214.000000	0.014463
2213.000000	0.014451
2212.000000	0.014457
2211.000000	0.014381
2210.000000	0.014195
2209.000000	0.013962
2208.000000	0.013742
2207.000000	0.013557
2206.000000	0.013436
2205.000000	0.013386
2204.000000	0.013354
2203.000000	0.013299
2202.000000	0.013264
2201.000000	0.013294
2200.000000	0.013330
2199.000000	0.013277
2198.000000	0.013152
2197.000000	0.013038
2196.000000	0.012949
2195.000000	0.012856
2194.000000	0.012797
2193.000000	0.012832
2192.000000	0.012917
2191.000000	0.012941
2190.000000	0.012882
2189.000000	0.012797
2188.000000	0.012683
2187.000000	0.012506
2186.000000	0.012314
2185.000000	0.012185
2184.000000	0.012076
2183.000000	0.011873
2182.000000	0.011590
2181.000000	0.011346
2180.000000	0.011171
2179.000000	0.011009
2178.000000	0.010881
2177.000000	0.010889
2176.000000	0.011025
2175.000000	0.011168
2174.000000	0.011260
2173.000000	0.011351
2172.000000	0.011449
2171.000000	0.011472
2170.000000	0.011361
2169.000000	0.011137
2168.000000	0.010848
2167.000000	0.010570
2166.000000	0.010444
2165.000000	0.010559
2164.000000	0.010779
2163.000000	0.010841
2162.000000	0.010630
2161.000000	0.010258
2160.000000	0.009899
2159.000000	0.009644
2158.000000	0.009508
2157.000000	0.009429
2156.000000	0.009327
2155.000000	0.009259
2154.000000	0.009394
2153.000000	0.009750
2152.000000	0.010068
2151.000000	0.010098
2150.000000	0.009895
2149.000000	0.009700
2148.000000	0.009623
2147.000000	0.009597
2146.000000	0.009571
2145.000000	0.009561
2144.000000	0.009570
2143.000000	0.009591
2142.000000	0.009661
2141.000000	0.009781
2140.000000	0.009846
2139.000000	0.009770
2138.000000	0.009627
2137.000000	0.009555
2136.000000	0.009567
2135.000000	0.009588
2134.000000	0.009603
2133.000000	0.009636
2132.000000	0.009657
2131.000000	0.009630
2130.000000	0.009605
2129.000000	0.009648
2128.000000	0.009710
2127.000000	0.009684
2126.000000	0.009562
2125.000000	0.009444
2124.000000	0.009396
2123.000000	0.009397
2122.000000	0.009422
2121.000000	0.009471
2120.000000	0.009538
2119.000000	0.009607
2118.000000	0.009680
2117.000000	0.009745
2116.000000	0.009741
2115.000000	0.009633
2114.000000	0.009478
2113.000000	0.009353
2112.000000	0.009250
2111.000000	0.009132
2110.000000	0.009029
2109.000000	0.009006
2108.000000	0.009049
2107.000000	0.009096
2106.000000	0.009139
2105.000000	0.009195
2104.000000	0.009225
2103.000000	0.009182
2102.000000	0.009122
2101.000000	0.009133
2100.000000	0.009186
2099.000000	0.009166
2098.000000	0.009046
2097.000000	0.008917
2096.000000	0.008839
2095.000000	0.008790
2094.000000	0.008737
2093.000000	0.008670
2092.000000	0.008582
2091.000000	0.008488
2090.000000	0.008467
2089.000000	0.008572
2088.000000	0.008727
2087.000000	0.008811
2086.000000	0.008811
2085.000000	0.008796
2084.000000	0.008782
2083.000000	0.008731
2082.000000	0.008672
2081.000000	0.008674
2080.000000	0.008728
2079.000000	0.008764
2078.000000	0.008780
2077.000000	0.008825
2076.000000	0.008870
2075.000000	0.008831
2074.000000	0.008735
2073.000000	0.008699
2072.000000	0.008745
2071.000000	0.008772
2070.000000	0.008709
2069.000000	0.008590
2068.000000	0.008448
2067.000000	0.008300
2066.000000	0.008220
2065.000000	0.008295
2064.000000	0.008477
2063.000000	0.008612
2062.000000	0.008619
2061.000000	0.008541
2060.000000	0.008419
2059.000000	0.008257
2058.000000	0.008095
2057.000000	0.007989
2056.000000	0.007933
2055.000000	0.007903
2054.000000	0.007957
2053.000000	0.008149
2052.000000	0.008366
2051.000000	0.008411
2050.000000	0.008253
2049.000000	0.008053
2048.000000	0.007933
2047.000000	0.007887
2046.000000	0.007917
2045.000000	0.008031
2044.000000	0.008126
2043.000000	0.008072
2042.000000	0.007924
2041.000000	0.007855
2040.000000	0.007894
2039.000000	0.007935
2038.000000	0.007960
2037.000000	0.008006
2036.000000	0.007951
2035.000000	0.007648
2034.000000	0.007272
2033.000000	0.007199
2032.000000	0.007502
2031.000000	0.007872
2030.000000	0.008031
2029.000000	0.007972
2028.000000	0.007787
2027.000000	0.007564
2026.000000	0.007440
2025.000000	0.007508
2024.000000	0.007632
2023.000000	0.007604
2022.000000	0.007451
2021.000000	0.007351
2020.000000	0.007318
2019.000000	0.007228
2018.000000	0.007102
2017.000000	0.007081
2016.000000	0.007152
2015.000000	0.007190
2014.000000	0.007232
2013.000000	0.007411
2012.000000	0.007663
2011.000000	0.007793
2010.000000	0.007793
2009.000000	0.007824
2008.000000	0.007893
2007.000000	0.007860
2006.000000	0.007745
2005.000000	0.007715
2004.000000	0.007795
2003.000000	0.007859
2002.000000	0.007893
2001.000000	0.007990
2000.000000	0.008113
1999.000000	0.008111
1998.000000	0.007958
1997.000000	0.007777
1996.000000	0.007607
1995.000000	0.007382
1994.000000	0.007131
1993.000000	0.006987
1992.000000	0.006979
1991.000000	0.007027
1990.000000	0.007153
1989.000000	0.007448
1988.000000	0.007815
1987.000000	0.008018
1986.000000	0.007993
1985.000000	0.007915
1984.000000	0.007910
1983.000000	0.007928
1982.000000	0.007901
1981.000000	0.007831
1980.000000	0.007684
1979.000000	0.007430
1978.000000	0.007205
1977.000000	0.007196
1976.000000	0.007331
1975.000000	0.007381
1974.000000	0.007327
1973.000000	0.007354
1972.000000	0.007522
1971.000000	0.007707
1970.000000	0.007826
1969.000000	0.007884
1968.000000	0.007856
1967.000000	0.007731
1966.000000	0.007636
1965.000000	0.007683
1964.000000	0.007749
1963.000000	0.007642
1962.000000	0.007413
1961.000000	0.007284
1960.000000	0.007330
1959.000000	0.007453
1958.000000	0.007593
1957.000000	0.007749
1956.000000	0.007836
1955.000000	0.007763
1954.000000	0.007607
1953.000000	0.007519
1952.000000	0.007507
1951.000000	0.007481
1950.000000	0.007446
1949.000000	0.007471
1948.000000	0.007514
1947.000000	0.007486
1946.000000	0.007428
1945.000000	0.007445
1944.000000	0.007502
1943.000000	0.007478
1942.000000	0.007393
1941.000000	0.007384
1940.000000	0.007474
1939.000000	0.007572
1938.000000	0.007643
1937.000000	0.007699
1936.000000	0.007697
1935.000000	0.007611
1934.000000	0.007545
1933.000000	0.007614
1932.000000	0.007755
1931.000000	0.007817
1930.000000	0.007808
1929.000000	0.007853
1928.000000	0.007968
1927.000000	0.008037
1926.000000	0.008008
1925.000000	0.007936
1924.000000	0.007846
1923.000000	0.007711
1922.000000	0.007564
1921.000000	0.007484
1920.000000	0.007469
1919.000000	0.007457
1918.000000	0.007455
1917.000000	0.007514
1916.000000	0.007607
1915.000000	0.007654
1914.000000	0.007665
1913.000000	0.007697
1912.000000	0.007742
1911.000000	0.007747
1910.000000	0.007738
1909.000000	0.007772
1908.000000	0.007815
1907.000000	0.007791
1906.000000	0.007731
1905.000000	0.007740
1904.000000	0.007824
1903.000000	0.007896
1902.000000	0.007919
1901.000000	0.007917
1900.000000	0.007881
1899.000000	0.007779
1898.000000	0.007663
1897.000000	0.007631
1896.000000	0.007691
1895.000000	0.007767
1894.000000	0.007823
1893.000000	0.007872
1892.000000	0.007877
1891.000000	0.007789
1890.000000	0.007659
1889.000000	0.007607
1888.000000	0.007656
1887.000000	0.007737
1886.000000	0.007829
1885.000000	0.007946
1884.000000	0.008039
1883.000000	0.008032
1882.000000	0.007955
1881.000000	0.007909
1880.000000	0.007921
1879.000000	0.007934
1878.000000	0.007932
1877.000000	0.007944
1876.000000	0.007949
1875.000000	0.007897
1874.000000	0.007816
1873.000000	0.007785
1872.000000	0.007809
1871.000000	0.007827
1870.000000	0.007822
1869.000000	0.007831
1868.000000	0.007845
1867.000000	0.007824
1866.000000	0.007797
1865.000000	0.007822
1864.000000	0.007880
1863.000000	0.007910
1862.000000	0.007917
1861.000000	0.007948
1860.000000	0.007977
1859.000000	0.007944
1858.000000	0.007885
1857.000000	0.007900
1856.000000	0.007987
1855.000000	0.008046
1854.000000	0.008032
1853.000000	0.007987
1852.000000	0.007932
1851.000000	0.007856
1850.000000	0.007798
1849.000000	0.007816
1848.000000	0.007874
1847.000000	0.007870
1846.000000	0.007794
1845.000000	0.007736
1844.000000	0.007736
1843.000000	0.007739
1842.000000	0.007737
1841.000000	0.007773
1840.000000	0.007829
1839.000000	0.007840
1838.000000	0.007809
1837.000000	0.007810
1836.000000	0.007869
1835.000000	0.007937
1834.000000	0.007978
1833.000000	0.008001
1832.000000	0.007994
1831.000000	0.007929
1830.000000	0.007852
1829.000000	0.007858
1828.000000	0.007933
1827.000000	0.007972
1826.000000	0.007948
1825.000000	0.007911
1824.000000	0.007884
1823.000000	0.007847
1822.000000	0.007827
1821.000000	0.007871
1820.000000	0.007949
1819.000000	0.007988
1818.000000	0.007989
1817.000000	0.008015
1816.000000	0.008058
1815.000000	0.008056
1814.000000	0.008019
1813.000000	0.008016
1812.000000	0.008054
1811.000000	0.008069
1810.000000	0.008046
1809.000000	0.008030
1808.000000	0.008028
1807.000000	0.007997
1806.000000	0.007947
1805.000000	0.007938
1804.000000	0.007977
1803.000000	0.008010
1802.000000	0.008013
1801.000000	0.008019
1800.000000	0.008035
1799.000000	0.008032
1798.000000	0.008032
1797.000000	0.008075
1796.000000	0.008129
1795.000000	0.008123
1794.000000	0.008074
1793.000000	0.008077
1792.000000	0.008155
1791.000000	0.008231
1790.000000	0.008266
1789.000000	0.008294
1788.000000	0.008324
1787.000000	0.008328
1786.000000	0.008313
1785.000000	0.008324
1784.000000	0.008357
1783.000000	0.008366
1782.000000	0.008363
1781.000000	0.008399
1780.000000	0.008461
1779.000000	0.008485
1778.000000	0.008473
1777.000000	0.008480
1776.000000	0.008492
1775.000000	0.008435
1774.000000	0.008323
1773.000000	0.008271
1772.000000	0.008326
1771.000000	0.008418
1770.000000	0.008511
1769.000000	0.008626
1768.000000	0.008747
1767.000000	0.008800
1766.000000	0.008786
1765.000000	0.008780
1764.000000	0.008805
1763.000000	0.008803
1762.000000	0.008764
1761.000000	0.008763
1760.000000	0.008831
1759.000000	0.008909
1758.000000	0.008969
1757.000000	0.009040
1756.000000	0.009110
1755.000000	0.009126
1754.000000	0.009103
1753.000000	0.009122
1752.000000	0.009206
1751.000000	0.009281
1750.000000	0.009326
1749.000000	0.009419
1748.000000	0.009561
1747.000000	0.009671
1746.000000	0.009760
1745.000000	0.009915
1744.000000	0.010119
1743.000000	0.010257
1742.000000	0.010317
1741.000000	0.010432
1740.000000	0.010650
1739.000000	0.010853
1738.000000	0.010975
1737.000000	0.011083
1736.000000	0.011219
1735.000000	0.011334
1734.000000	0.011380
1733.000000	0.011469
1732.000000	0.011699
1731.000000	0.011983
1730.000000	0.012243
1729.000000	0.012505
1728.000000	0.012768
1727.000000	0.012966
1726.000000	0.013104
1725.000000	0.013279
1724.000000	0.013511
1723.000000	0.013714
1722.000000	0.013866
1721.000000	0.014047
1720.000000	0.014266
1719.000000	0.014419
1718.000000	0.014479
1717.000000	0.014639
1716.000000	0.015017
1715.000000	0.015470
1714.000000	0.015889
1713.000000	0.016310
1712.000000	0.016737
1711.000000	0.017106
1710.000000	0.017432
1709.000000	0.017836
1708.000000	0.018377
1707.000000	0.018988
1706.000000	0.019656
1705.000000	0.020456
1704.000000	0.021344
1703.000000	0.022241
1702.000000	0.023394
1701.000000	0.025379
1700.000000	0.028063
1699.000000	0.030512
1698.000000	0.032624
1697.000000	0.035127
1696.000000	0.038299
1695.000000	0.041477
1694.000000	0.044014
1693.000000	0.046073
1692.000000	0.047963
1691.000000	0.049732
1690.000000	0.051366
1689.000000	0.052880
1688.000000	0.054223
1687.000000	0.055321
1686.000000	0.056341
1685.000000	0.057666
1684.000000	0.059319
1683.000000	0.060910
1682.000000	0.062327
1681.000000	0.063783
1680.000000	0.065349
1679.000000	0.066890
1678.000000	0.068393
1677.000000	0.070089
1676.000000	0.072108
1675.000000	0.074161
1674.000000	0.075953
1673.000000	0.077651
1672.000000	0.079532
1671.000000	0.081634
1670.000000	0.083884
1669.000000	0.086220
1668.000000	0.088498
1667.000000	0.090554
1666.000000	0.092478
1665.000000	0.094568
1664.000000	0.096977
1663.000000	0.099502
1662.000000	0.101875
1661.000000	0.104151
1660.000000	0.106475
1659.000000	0.108792
1658.000000	0.111010
1657.000000	0.113160
1656.000000	0.115349
1655.000000	0.117717
1654.000000	0.120555
1653.000000	0.123750
1652.000000	0.126541
1651.000000	0.128717
1650.000000	0.130804
1649.000000	0.133199
1648.000000	0.135983
1647.000000	0.138815
1646.000000	0.141283
1645.000000	0.143478
1644.000000	0.145653
1643.000000	0.147822
1642.000000	0.149933
1641.000000	0.152044
1640.000000	0.154156
1639.000000	0.156142
1638.000000	0.158006
1637.000000	0.160014
1636.000000	0.162238
1635.000000	0.164271
1634.000000	0.165940
1633.000000	0.167605
1632.000000	0.169484
1631.000000	0.171447
1630.000000	0.173376
1629.000000	0.175370
1628.000000	0.177484
1627.000000	0.179570
1626.000000	0.181616
1625.000000	0.183921
1624.000000	0.186668
1623.000000	0.189536
1622.000000	0.192147
1621.000000	0.194617
1620.000000	0.197220
1619.000000	0.199948
1618.000000	0.202636
1617.000000	0.205113
1616.000000	0.207085
1615.000000	0.208247
1614.000000	0.208567
1613.000000	0.208175
1612.000000	0.206987
1611.000000	0.204640
1610.000000	0.200942
1609.000000	0.196144
1608.000000	0.190623
1607.000000	0.184558
1606.000000	0.178060
1605.000000	0.171348
1604.000000	0.164588
1603.000000	0.157798
1602.000000	0.151026
1601.000000	0.144456
1600.000000	0.138256
1599.000000	0.132447
1598.000000	0.126977
1597.000000	0.121828
1596.000000	0.117016
1595.000000	0.112539
1594.000000	0.108382
1593.000000	0.104540
1592.000000	0.101015
1591.000000	0.097801
1590.000000	0.094888
1589.000000	0.092263
1588.000000	0.089915
1587.000000	0.087814
1586.000000	0.085908
1585.000000	0.084143
1584.000000	0.082506
1583.000000	0.081013
1582.000000	0.079669
1581.000000	0.078473
1580.000000	0.077432
1579.000000	0.076530
1578.000000	0.075710
1577.000000	0.074900
1576.000000	0.074144
1575.000000	0.073643
1574.000000	0.073473
1573.000000	0.073483
1572.000000	0.073524
1571.000000	0.073597
1570.000000	0.073750
1569.000000	0.073970
1568.000000	0.074229
1567.000000	0.074563
1566.000000	0.075030
1565.000000	0.075597
1564.000000	0.076142
1563.000000	0.076582
1562.000000	0.076964
1561.000000	0.077439
1560.000000	0.078166
1559.000000	0.078949
1558.000000	0.079646
1557.000000	0.080277
1556.000000	0.080851
1555.000000	0.081441
1554.000000	0.082061
1553.000000	0.082689
1552.000000	0.083306
1551.000000	0.083906
1550.000000	0.084470
1549.000000	0.084959
1548.000000	0.085375
1547.000000	0.085785
1546.000000	0.086254
1545.000000	0.086725
1544.000000	0.087074
1543.000000	0.087279
1542.000000	0.087449
1541.000000	0.087682
1540.000000	0.087958
1539.000000	0.088281
1538.000000	0.088669
1537.000000	0.089121
1536.000000	0.089589
1535.000000	0.089999
1534.000000	0.090309
1533.000000	0.090491
1532.000000	0.090563
1531.000000	0.090591
1530.000000	0.090645
1529.000000	0.090739
1528.000000	0.090791
1527.000000	0.090704
1526.000000	0.090475
1525.000000	0.090168
1524.000000	0.089810
1523.000000	0.089380
1522.000000	0.088887
1521.000000	0.088420
1520.000000	0.088058
1519.000000	0.087773
1518.000000	0.087461
1517.000000	0.086973
1516.000000	0.086178
1515.000000	0.085052
1514.000000	0.083632
1513.000000	0.081937
1512.000000	0.079986
1511.000000	0.077907
1510.000000	0.075869
1509.000000	0.073884
1508.000000	0.071709
1507.000000	0.069145
1506.000000	0.066749
1505.000000	0.065120
1504.000000	0.064120
1503.000000	0.063401
1502.000000	0.062762
1501.000000	0.062208
1500.000000	0.061783
1499.000000	0.061420
1498.000000	0.061076
1497.000000	0.060834
1496.000000	0.060753
1495.000000	0.060786
1494.000000	0.060944
1493.000000	0.061310
1492.000000	0.061911
1491.000000	0.062701
1490.000000	0.063684
1489.000000	0.064934
1488.000000	0.066408
1487.000000	0.067979
1486.000000	0.069635
1485.000000	0.071436
1484.000000	0.073385
1483.000000	0.075477
1482.000000	0.077779
1481.000000	0.080294
1480.000000	0.082874
1479.000000	0.085434
1478.000000	0.088110
1477.000000	0.091024
1476.000000	0.094033
1475.000000	0.096978
1474.000000	0.100053
1473.000000	0.103489
1472.000000	0.106965
1471.000000	0.109958
1470.000000	0.112473
1469.000000	0.114820
1468.000000	0.117149
1467.000000	0.119501
1466.000000	0.121974
1465.000000	0.124556
1464.000000	0.126959
1463.000000	0.128966
1462.000000	0.130733
1461.000000	0.132495
1460.000000	0.134305
1459.000000	0.136206
1458.000000	0.138439
1457.000000	0.141002
1456.000000	0.143277
1455.000000	0.144950
1454.000000	0.146414
1453.000000	0.147942
1452.000000	0.149413
1451.000000	0.150685
1450.000000	0.151851
1449.000000	0.153041
1448.000000	0.154146
1447.000000	0.155031
1446.000000	0.155788
1445.000000	0.156540
1444.000000	0.157221
1443.000000	0.157740
1442.000000	0.158145
1441.000000	0.158485
1440.000000	0.158693
1439.000000	0.158720
1438.000000	0.158594
1437.000000	0.158182
1436.000000	0.157241
1435.000000	0.155895
1434.000000	0.154497
1433.000000	0.153082
1432.000000	0.151402
1431.000000	0.149316
1430.000000	0.146952
1429.000000	0.144493
1428.000000	0.142010
1427.000000	0.139550
1426.000000	0.137120
1425.000000	0.134618
1424.000000	0.131988
1423.000000	0.129411
1422.000000	0.127065
1421.000000	0.124826
1420.000000	0.122380
1419.000000	0.119661
1418.000000	0.117036
1417.000000	0.114761
1416.000000	0.112710
1415.000000	0.110718
1414.000000	0.108743
1413.000000	0.106783
1412.000000	0.104841
1411.000000	0.102956
1410.000000	0.101168
1409.000000	0.099473
1408.000000	0.097866
1407.000000	0.096364
1406.000000	0.094928
1405.000000	0.093465
1404.000000	0.091974
1403.000000	0.090569
1402.000000	0.089314
1401.000000	0.088139
1400.000000	0.086965
1399.000000	0.085821
1398.000000	0.084787
1397.000000	0.083863
1396.000000	0.083013
1395.000000	0.082235
1394.000000	0.081524
1393.000000	0.080867
1392.000000	0.080291
1391.000000	0.079843
1390.000000	0.079502
1389.000000	0.079178
1388.000000	0.078812
1387.000000	0.078417
1386.000000	0.078017
1385.000000	0.077614
1384.000000	0.077238
1383.000000	0.076938
1382.000000	0.076709
1381.000000	0.076504
1380.000000	0.076321
1379.000000	0.076194
1378.000000	0.076114
1377.000000	0.076036
1376.000000	0.075961
1375.000000	0.075930
1374.000000	0.075927
1373.000000	0.075888
1372.000000	0.075779
1371.000000	0.075601
1370.000000	0.075308
1369.000000	0.074828
1368.000000	0.074176
1367.000000	0.073460
1366.000000	0.072753
1365.000000	0.072040
1364.000000	0.071302
1363.000000	0.070570
1362.000000	0.069888
1361.000000	0.069270
1360.000000	0.068722
1359.000000	0.068250
1358.000000	0.067823
1357.000000	0.067394
1356.000000	0.066980
1355.000000	0.066642
1354.000000	0.066392
1353.000000	0.066180
1352.000000	0.065980
1351.000000	0.065806
1350.000000	0.065658
1349.000000	0.065514
1348.000000	0.065385
1347.000000	0.065307
1346.000000	0.065264
1345.000000	0.065198
1344.000000	0.065096
1343.000000	0.065005
1342.000000	0.064956
1341.000000	0.064924
1340.000000	0.064882
1339.000000	0.064839
1338.000000	0.064788
1337.000000	0.064694
1336.000000	0.064546
1335.000000	0.064365
1334.000000	0.064158
1333.000000	0.063919
1332.000000	0.063665
1331.000000	0.063408
1330.000000	0.063120
1329.000000	0.062767
1328.000000	0.062370
1327.000000	0.061980
1326.000000	0.061599
1325.000000	0.061183
1324.000000	0.060724
1323.000000	0.060264
1322.000000	0.059822
1321.000000	0.059375
1320.000000	0.058926
1319.000000	0.058502
1318.000000	0.058105
1317.000000	0.057707
1316.000000	0.057309
1315.000000	0.056946
1314.000000	0.056613
1313.000000	0.056268
1312.000000	0.055897
1311.000000	0.055538
1310.000000	0.055216
1309.000000	0.054915
1308.000000	0.054627
1307.000000	0.054358
1306.000000	0.054099
1305.000000	0.053825
1304.000000	0.053543
1303.000000	0.053288
1302.000000	0.053070
1301.000000	0.052867
1300.000000	0.052678
1299.000000	0.052524
1298.000000	0.052400
1297.000000	0.052278
1296.000000	0.052158
1295.000000	0.052060
1294.000000	0.051977
1293.000000	0.051884
1292.000000	0.051791
1291.000000	0.051742
1290.000000	0.051740
1289.000000	0.051743
1288.000000	0.051725
1287.000000	0.051695
1286.000000	0.051657
1285.000000	0.051588
1284.000000	0.051491
1283.000000	0.051394
1282.000000	0.051312
1281.000000	0.051233
1280.000000	0.051162
1279.000000	0.051118
1278.000000	0.051101
1277.000000	0.051086
1276.000000	0.051067
1275.000000	0.051062
1274.000000	0.051076
1273.000000	0.051105
1272.000000	0.051172
1271.000000	0.051306
1270.000000	0.051502
1269.000000	0.051739
1268.000000	0.052022
1267.000000	0.052364
1266.000000	0.052730
1265.000000	0.053065
1264.000000	0.053361
1263.000000	0.053663
1262.000000	0.053989
1261.000000	0.054318
1260.000000	0.054634
1259.000000	0.054933
1258.000000	0.055197
1257.000000	0.055409
1256.000000	0.055595
1255.000000	0.055801
1254.000000	0.056029
1253.000000	0.056250
1252.000000	0.056465
1251.000000	0.056703
1250.000000	0.056964
1249.000000	0.057218
1248.000000	0.057459
1247.000000	0.057716
1246.000000	0.058000
1245.000000	0.058293
1244.000000	0.058592
1243.000000	0.058910
1242.000000	0.059247
1241.000000	0.059580
1240.000000	0.059906
1239.000000	0.060239
1238.000000	0.060575
1237.000000	0.060897
1236.000000	0.061205
1235.000000	0.061525
1234.000000	0.061860
1233.000000	0.062201
1232.000000	0.062551
1231.000000	0.062922
1230.000000	0.063297
1229.000000	0.063652
1228.000000	0.063989
1227.000000	0.064327
1226.000000	0.064656
1225.000000	0.064949
1224.000000	0.065207
1223.000000	0.065460
1222.000000	0.065707
1221.000000	0.065911
1220.000000	0.066053
1219.000000	0.066148
1218.000000	0.066217
1217.000000	0.066256
1216.000000	0.066255
1215.000000	0.066212
1214.000000	0.066109
1213.000000	0.065924
1212.000000	0.065665
1211.000000	0.065371
1210.000000	0.065072
1209.000000	0.064772
1208.000000	0.064454
1207.000000	0.064089
1206.000000	0.063636
1205.000000	0.063079
1204.000000	0.062456
1203.000000	0.061827
1202.000000	0.061214
1201.000000	0.060596
1200.000000	0.059967
1199.000000	0.059338
1198.000000	0.058707
1197.000000	0.058055
1196.000000	0.057388
1195.000000	0.056733
1194.000000	0.056095
1193.000000	0.055453
1192.000000	0.054805
1191.000000	0.054175
1190.000000	0.053575
1189.000000	0.052999
1188.000000	0.052456
1187.000000	0.051973
1186.000000	0.051555
1185.000000	0.051191
1184.000000	0.050899
1183.000000	0.050720
1182.000000	0.050667
1181.000000	0.050714
1180.000000	0.050849
1179.000000	0.051091
1178.000000	0.051440
1177.000000	0.051866
1176.000000	0.052341
1175.000000	0.052849
1174.000000	0.053356
1173.000000	0.053818
1172.000000	0.054223
1171.000000	0.054589
1170.000000	0.054918
1169.000000	0.055182
1168.000000	0.055368
1167.000000	0.055493
1166.000000	0.055569
1165.000000	0.055590
1164.000000	0.055552
1163.000000	0.055459
1162.000000	0.055295
1161.000000	0.055045
1160.000000	0.054718
1159.000000	0.054338
1158.000000	0.053902
1157.000000	0.053388
1156.000000	0.052801
1155.000000	0.052176
1154.000000	0.051538
1153.000000	0.050901
1152.000000	0.050284
1151.000000	0.049703
1150.000000	0.049134
1149.000000	0.048545
1148.000000	0.047958
1147.000000	0.047432
1146.000000	0.046982
1145.000000	0.046568
1144.000000	0.046172
1143.000000	0.045820
1142.000000	0.045526
1141.000000	0.045268
1140.000000	0.045030
1139.000000	0.044822
1138.000000	0.044644
1137.000000	0.044471
1136.000000	0.044300
1135.000000	0.044145
1134.000000	0.044002
1133.000000	0.043843
1132.000000	0.043666
1131.000000	0.043495
1130.000000	0.043336
1129.000000	0.043170
1128.000000	0.043003
1127.000000	0.042864
1126.000000	0.042751
1125.000000	0.042627
1124.000000	0.042491
1123.000000	0.042391
1122.000000	0.042353
1121.000000	0.042354
1120.000000	0.042369
1119.000000	0.042401
1118.000000	0.042455
1117.000000	0.042515
1116.000000	0.042586
1115.000000	0.042709
1114.000000	0.042915
1113.000000	0.043194
1112.000000	0.043505
1111.000000	0.043811
1110.000000	0.044086
1109.000000	0.044341
1108.000000	0.044619
1107.000000	0.044951
1106.000000	0.045304
1105.000000	0.045631
1104.000000	0.045946
1103.000000	0.046319
1102.000000	0.046777
1101.000000	0.047275
1100.000000	0.047765
1099.000000	0.048238
1098.000000	0.048703
1097.000000	0.049165
1096.000000	0.049639
1095.000000	0.050138
1094.000000	0.050658
1093.000000	0.051189
1092.000000	0.051753
1091.000000	0.052373
1090.000000	0.053020
1089.000000	0.053629
1088.000000	0.054187
1087.000000	0.054746
1086.000000	0.055354
1085.000000	0.056004
1084.000000	0.056652
1083.000000	0.057260
1082.000000	0.057805
1081.000000	0.058290
1080.000000	0.058758
1079.000000	0.059254
1078.000000	0.059782
1077.000000	0.060305
1076.000000	0.060814
1075.000000	0.061345
1074.000000	0.061935
1073.000000	0.062575
1072.000000	0.063227
1071.000000	0.063854
1070.000000	0.064450
1069.000000	0.065039
1068.000000	0.065650
1067.000000	0.066271
1066.000000	0.066848
1065.000000	0.067347
1064.000000	0.067792
1063.000000	0.068234
1062.000000	0.068675
1061.000000	0.069074
1060.000000	0.069397
1059.000000	0.069632
1058.000000	0.069782
1057.000000	0.069857
1056.000000	0.069880
1055.000000	0.069867
1054.000000	0.069809
1053.000000	0.069706
1052.000000	0.069581
1051.000000	0.069451
1050.000000	0.069272
1049.000000	0.068971
1048.000000	0.068536
1047.000000	0.068015
1046.000000	0.067451
1045.000000	0.066833
1044.000000	0.066145
1043.000000	0.065392
1042.000000	0.064583
1041.000000	0.063713
1040.000000	0.062780
1039.000000	0.061817
1038.000000	0.060869
1037.000000	0.059977
1036.000000	0.059153
1035.000000	0.058375
1034.000000	0.057590
1033.000000	0.056764
1032.000000	0.055917
1031.000000	0.055091
1030.000000	0.054290
1029.000000	0.053493
1028.000000	0.052713
1027.000000	0.052004
1026.000000	0.051398
1025.000000	0.050870
1024.000000	0.050391
1023.000000	0.049953
1022.000000	0.049562
1021.000000	0.049224
1020.000000	0.048954
1019.000000	0.048755
1018.000000	0.048593
1017.000000	0.048418
1016.000000	0.048216
1015.000000	0.048004
1014.000000	0.047800
1013.000000	0.047624
1012.000000	0.047506
1011.000000	0.047452
1010.000000	0.047412
1009.000000	0.047328
1008.000000	0.047216
1007.000000	0.047147
1006.000000	0.047153
1005.000000	0.047187
1004.000000	0.047186
1003.000000	0.047122
1002.000000	0.046991
1001.000000	0.046812
1000.000000	0.046638
999.000000	0.046521
998.000000	0.046462
997.000000	0.046411
996.000000	0.046328
995.000000	0.046216
994.000000	0.046077
993.000000	0.045913
992.000000	0.045747
991.000000	0.045634
990.000000	0.045597
989.000000	0.045606
988.000000	0.045613
987.000000	0.045597
986.000000	0.045556
985.000000	0.045493
984.000000	0.045431
983.000000	0.045412
982.000000	0.045463
981.000000	0.045573
980.000000	0.045712
979.000000	0.045856
978.000000	0.045991
977.000000	0.046121
976.000000	0.046266
975.000000	0.046425
974.000000	0.046558
973.000000	0.046634
972.000000	0.046672
971.000000	0.046726
970.000000	0.046807
969.000000	0.046886
968.000000	0.046950
967.000000	0.047025
966.000000	0.047136
965.000000	0.047274
964.000000	0.047412
963.000000	0.047525
962.000000	0.047588
961.000000	0.047593
960.000000	0.047570
959.000000	0.047564
958.000000	0.047582
957.000000	0.047589
956.000000	0.047557
955.000000	0.047501
954.000000	0.047441
953.000000	0.047371
952.000000	0.047273
951.000000	0.047139
950.000000	0.046984
949.000000	0.046838
948.000000	0.046734
947.000000	0.046683
946.000000	0.046662
945.000000	0.046651
944.000000	0.046660
943.000000	0.046691
942.000000	0.046708
941.000000	0.046670
940.000000	0.046614
939.000000	0.046632
938.000000	0.046758
937.000000	0.046935
936.000000	0.047080
935.000000	0.047174
934.000000	0.047241
933.000000	0.047286
932.000000	0.047289
931.000000	0.047242
930.000000	0.047161
929.000000	0.047073
928.000000	0.046992
927.000000	0.046909
926.000000	0.046798
925.000000	0.046635
924.000000	0.046431
923.000000	0.046217
922.000000	0.046018
921.000000	0.045843
920.000000	0.045683
919.000000	0.045512
918.000000	0.045299
917.000000	0.045034
916.000000	0.044752
915.000000	0.044488
914.000000	0.044240
913.000000	0.043983
912.000000	0.043724
911.000000	0.043505
910.000000	0.043357
909.000000	0.043279
908.000000	0.043254
907.000000	0.043264
906.000000	0.043283
905.000000	0.043295
904.000000	0.043313
903.000000	0.043360
902.000000	0.043428
901.000000	0.043485
900.000000	0.043519
899.000000	0.043538
898.000000	0.043544
897.000000	0.043523
896.000000	0.043484
895.000000	0.043455
894.000000	0.043451
893.000000	0.043468
892.000000	0.043507
891.000000	0.043558
890.000000	0.043580
889.000000	0.043521
888.000000	0.043389
887.000000	0.043256
886.000000	0.043197
885.000000	0.043219
884.000000	0.043278
883.000000	0.043326
882.000000	0.043340
881.000000	0.043328
880.000000	0.043325
879.000000	0.043365
878.000000	0.043446
877.000000	0.043528
876.000000	0.043563
875.000000	0.043530
874.000000	0.043445
873.000000	0.043354
872.000000	0.043310
871.000000	0.043332
870.000000	0.043394
869.000000	0.043466
868.000000	0.043531
867.000000	0.043569
866.000000	0.043550
865.000000	0.043488
864.000000	0.043456
863.000000	0.043499
862.000000	0.043574
861.000000	0.043609
860.000000	0.043607
859.000000	0.043631
858.000000	0.043694
857.000000	0.043743
856.000000	0.043736
855.000000	0.043694
854.000000	0.043656
853.000000	0.043640
852.000000	0.043663
851.000000	0.043751
850.000000	0.043900
849.000000	0.044052
848.000000	0.044144
847.000000	0.044153
846.000000	0.044099
845.000000	0.044019
844.000000	0.043962
843.000000	0.043971
842.000000	0.044049
841.000000	0.044161
840.000000	0.044279
839.000000	0.044417
838.000000	0.044597
837.000000	0.044818
836.000000	0.045057
835.000000	0.045296
834.000000	0.045533
833.000000	0.045765
832.000000	0.045989
831.000000	0.046198
830.000000	0.046394
829.000000	0.046592
828.000000	0.046818
827.000000	0.047081
826.000000	0.047362
825.000000	0.047638
824.000000	0.047902
823.000000	0.048149
822.000000	0.048355
821.000000	0.048515
820.000000	0.048660
819.000000	0.048835
818.000000	0.049052
817.000000	0.049295
816.000000	0.049559
815.000000	0.049850
814.000000	0.050171
813.000000	0.050518
812.000000	0.050890
811.000000	0.051279
810.000000	0.051660
809.000000	0.052005
808.000000	0.052312
807.000000	0.052606
806.000000	0.052905
805.000000	0.053215
804.000000	0.053533
803.000000	0.053853
802.000000	0.054172
801.000000	0.054496
800.000000	0.054836
799.000000	0.055177
798.000000	0.055495
797.000000	0.055797
796.000000	0.056126
795.000000	0.056512
794.000000	0.056932
793.000000	0.057345
792.000000	0.057748
791.000000	0.058161
790.000000	0.058584
789.000000	0.059000
788.000000	0.059409
787.000000	0.059824
786.000000	0.060248
785.000000	0.060672
784.000000	0.061099
783.000000	0.061535
782.000000	0.061977
781.000000	0.062428
780.000000	0.062908
779.000000	0.063443
778.000000	0.064018
777.000000	0.064580
776.000000	0.065078
775.000000	0.065504
774.000000	0.065898
773.000000	0.066313
772.000000	0.066785
771.000000	0.067295
770.000000	0.067793
769.000000	0.068247
768.000000	0.068674
767.000000	0.069101
766.000000	0.069525
765.000000	0.069923
764.000000	0.070285
763.000000	0.070627
762.000000	0.070956
761.000000	0.071276
760.000000	0.071597
759.000000	0.071940
758.000000	0.072318
757.000000	0.072736
756.000000	0.073192
755.000000	0.073677
754.000000	0.074170
753.000000	0.074650
752.000000	0.075105
751.000000	0.075512
750.000000	0.075833
749.000000	0.076054
748.000000	0.076198
747.000000	0.076306
746.000000	0.076400
745.000000	0.076478
744.000000	0.076539
743.000000	0.076572
742.000000	0.076554
741.000000	0.076483
740.000000	0.076411
739.000000	0.076411
738.000000	0.076514
737.000000	0.076689
736.000000	0.076900
735.000000	0.077151
734.000000	0.077460
733.000000	0.077830
732.000000	0.078242
731.000000	0.078670
730.000000	0.079082
729.000000	0.079460
728.000000	0.079825
727.000000	0.080247
726.000000	0.080795
725.000000	0.081471
724.000000	0.082215
723.000000	0.082961
722.000000	0.083698
721.000000	0.084454
720.000000	0.085245
719.000000	0.086048
718.000000	0.086818
717.000000	0.087544
716.000000	0.088263
715.000000	0.089041
714.000000	0.089932
713.000000	0.090938
712.000000	0.092018
711.000000	0.093127
710.000000	0.094237
709.000000	0.095352
708.000000	0.096504
707.000000	0.097741
706.000000	0.099083
705.000000	0.100485
704.000000	0.101845
703.000000	0.103059
702.000000	0.104058
701.000000	0.104786
700.000000	0.105216
699.000000	0.105384
698.000000	0.105385
697.000000	0.105291
696.000000	0.105115
695.000000	0.104874
694.000000	0.104639
693.000000	0.104488
692.000000	0.104426
691.000000	0.104404
690.000000	0.104405
689.000000	0.104459
688.000000	0.104571
687.000000	0.104699
686.000000	0.104810
685.000000	0.104921
684.000000	0.105059
683.000000	0.105218
682.000000	0.105365
681.000000	0.105485
680.000000	0.105579
679.000000	0.105656
678.000000	0.105730
677.000000	0.105827
676.000000	0.105974
675.000000	0.106170
674.000000	0.106391
673.000000	0.106593
672.000000	0.106705
671.000000	0.106676
670.000000	0.106540
669.000000	0.106451
668.000000	0.106597
667.000000	0.107082
666.000000	0.107648
665.000000	0.108042
664.000000	0.108289
663.000000	0.108463
662.000000	0.108608
661.000000	0.108777
660.000000	0.109015
659.000000	0.109299
658.000000	0.109542
657.000000	0.109699
656.000000	0.109843
655.000000	0.110083
654.000000	0.110439
653.000000	0.110808
652.000000	0.111074
651.000000	0.111240
650.000000	0.111451
649.000000	0.111850
648.000000	0.112431
647.000000	0.113049
646.000000	0.113576
645.000000	0.114002
644.000000	0.114386
643.000000	0.114778
642.000000	0.115185
641.000000	0.115602
640.000000	0.116022
639.000000	0.116458
638.000000	0.116950
637.000000	0.117512
636.000000	0.118078
635.000000	0.118552
634.000000	0.118934
633.000000	0.119331
632.000000	0.119806
631.000000	0.120296
630.000000	0.120702
629.000000	0.121023
628.000000	0.121334
627.000000	0.121672
626.000000	0.121996
625.000000	0.122239
624.000000	0.122365
623.000000	0.122407
622.000000	0.122439
621.000000	0.122500
620.000000	0.122547
619.000000	0.122524
618.000000	0.122466
617.000000	0.122474
616.000000	0.122572
615.000000	0.122674
614.000000	0.122701
613.000000	0.122672
612.000000	0.122653
611.000000	0.122702
610.000000	0.122865
609.000000	0.123153
608.000000	0.123477
607.000000	0.123685
606.000000	0.123720
605.000000	0.123700
604.000000	0.123783
603.000000	0.123997
602.000000	0.124247
601.000000	0.124443
600.000000	0.124580
599.000000	0.124726
598.000000	0.124963
597.000000	0.125316
596.000000	0.125703
595.000000	0.125988
594.000000	0.126123
593.000000	0.126211
592.000000	0.126404
591.000000	0.126763
590.000000	0.127223
589.000000	0.127670
588.000000	0.128037
587.000000	0.128363
586.000000	0.128765
585.000000	0.129304
584.000000	0.129889
583.000000	0.130373
582.000000	0.130730
581.000000	0.131048
580.000000	0.131380
579.000000	0.131694
578.000000	0.131997
577.000000	0.132376
576.000000	0.132890
575.000000	0.133520
574.000000	0.134245
573.000000	0.135082
572.000000	0.135983
571.000000	0.136830
570.000000	0.137559
569.000000	0.138218
568.000000	0.138854
567.000000	0.139456
566.000000	0.140065
565.000000	0.140772
564.000000	0.141544
563.000000	0.142199
562.000000	0.142636
561.000000	0.142967
560.000000	0.143366
559.000000	0.143916
558.000000	0.144660
557.000000	0.145627
556.000000	0.146692
555.000000	0.147591
554.000000	0.148200
553.000000	0.148693
552.000000	0.149303
551.000000	0.150062
550.000000	0.150888
549.000000	0.151762
548.000000	0.152679
547.000000	0.153544
546.000000	0.154284
545.000000	0.154971
544.000000	0.155708
543.000000	0.156481
542.000000	0.157259
541.000000	0.158096
540.000000	0.159050
539.000000	0.160086
538.000000	0.161161
537.000000	0.162278
536.000000	0.163353
535.000000	0.164205
534.000000	0.164797
533.000000	0.165354
532.000000	0.166091
531.000000	0.166965
530.000000	0.167812
529.000000	0.168597
528.000000	0.169382
527.000000	0.170204
526.000000	0.171071
525.000000	0.171977
524.000000	0.172825
523.000000	0.173489
522.000000	0.173991
521.000000	0.174448
520.000000	0.174841
519.000000	0.175041
518.000000	0.175144
517.000000	0.175465
516.000000	0.176082
515.000000	0.176728
514.000000	0.177242
513.000000	0.177783
512.000000	0.178473
511.000000	0.179128
510.000000	0.179561
509.000000	0.179843
508.000000	0.180089
507.000000	0.180252
506.000000	0.180342
505.000000	0.180563
504.000000	0.181011
503.000000	0.181499
502.000000	0.181867
501.000000	0.182240
500.000000	0.182733
499.000000	0.183180
498.000000	0.183394
497.000000	0.183462
496.000000	0.183587
495.000000	0.183807
494.000000	0.184074
493.000000	0.184369
492.000000	0.184623
491.000000	0.184736
490.000000	0.184860
489.000000	0.185340
488.000000	0.186206
487.000000	0.187018
486.000000	0.187383
485.000000	0.187390
484.000000	0.187331
483.000000	0.187312
482.000000	0.187361
481.000000	0.187579
480.000000	0.187935
479.000000	0.188217
478.000000	0.188417
477.000000	0.188822
476.000000	0.189505
475.000000	0.190081
474.000000	0.190224
473.000000	0.190068
472.000000	0.189871
471.000000	0.189653
470.000000	0.189553
469.000000	0.190030
468.000000	0.191261
467.000000	0.192706
466.000000	0.193687
465.000000	0.194134
464.000000	0.194329
463.000000	0.194337
462.000000	0.194187
461.000000	0.194179
460.000000	0.194519
459.000000	0.194945
458.000000	0.195107
457.000000	0.195182
456.000000	0.195581
455.000000	0.196293
454.000000	0.196999
453.000000	0.197449
452.000000	0.197549
451.000000	0.197425
450.000000	0.197469
449.000000	0.197988
448.000000	0.198740
447.000000	0.199183
446.000000	0.199317
445.000000	0.199725
444.000000	0.200620
443.000000	0.201460
442.000000	0.201815
441.000000	0.201995
440.000000	0.202363
439.000000	0.202738
438.000000	0.202864
437.000000	0.202893
436.000000	0.203048
435.000000	0.203292
434.000000	0.203641
433.000000	0.204263
432.000000	0.204958
431.000000	0.205154
430.000000	0.204849
429.000000	0.204859
428.000000	0.205685
427.000000	0.206822
426.000000	0.207535
425.000000	0.207688
424.000000	0.207364
423.000000	0.206498
422.000000	0.205473
421.000000	0.205227
420.000000	0.206115
419.000000	0.207002
418.000000	0.206693
417.000000	0.205922
416.000000	0.205721
415.000000	0.205983
414.000000	0.206261
413.000000	0.206367
412.000000	0.206028
411.000000	0.204883
410.000000	0.203402
409.000000	0.202822
408.000000	0.203535
407.000000	0.204692
406.000000	0.205769
405.000000	0.207218
404.000000	0.208841
403.000000	0.209205
402.000000	0.207683
401.000000	0.205629
400.000000	0.204353
