PE IR       SUBTECH     SPECTRUM    ASCII       PEDS        4.00        
   -1
4_8_24 BW ECS outer 3.ASC
24/04/08
18:18:26.00
24/04/08
18:18:36.00
Yarger Lab
Sample 093 By YargerLab Date Monday, April 08 2024
400.000000
#HDR
-1
-1
#GR
cm-1
A
1.0
0.0
4500.000000
-1.000000
4101
8
0.060937
0.008172
#DATA
4500.000000	0.009902
4499.000000	0.009894
4498.000000	0.009901
4497.000000	0.009913
4496.000000	0.009926
4495.000000	0.009937
4494.000000	0.009949
4493.000000	0.009965
4492.000000	0.009988
4491.000000	0.010008
4490.000000	0.010006
4489.000000	0.009976
4488.000000	0.009934
4487.000000	0.009900
4486.000000	0.009877
4485.000000	0.009855
4484.000000	0.009830
4483.000000	0.009806
4482.000000	0.009794
4481.000000	0.009803
4480.000000	0.009841
4479.000000	0.009902
4478.000000	0.009966
4477.000000	0.010014
4476.000000	0.010039
4475.000000	0.010045
4474.000000	0.010036
4473.000000	0.010019
4472.000000	0.010008
4471.000000	0.010014
4470.000000	0.010035
4469.000000	0.010062
4468.000000	0.010086
4467.000000	0.010100
4466.000000	0.010094
4465.000000	0.010072
4464.000000	0.010049
4463.000000	0.010036
4462.000000	0.010028
4461.000000	0.010012
4460.000000	0.009985
4459.000000	0.009957
4458.000000	0.009937
4457.000000	0.009936
4456.000000	0.009962
4455.000000	0.010004
4454.000000	0.010040
4453.000000	0.010053
4452.000000	0.010047
4451.000000	0.010037
4450.000000	0.010031
4449.000000	0.010026
4448.000000	0.010019
4447.000000	0.010006
4446.000000	0.009981
4445.000000	0.009948
4444.000000	0.009919
4443.000000	0.009901
4442.000000	0.009889
4441.000000	0.009878
4440.000000	0.009874
4439.000000	0.009881
4438.000000	0.009899
4437.000000	0.009918
4436.000000	0.009938
4435.000000	0.009958
4434.000000	0.009974
4433.000000	0.009984
4432.000000	0.009989
4431.000000	0.009990
4430.000000	0.009989
4429.000000	0.009989
4428.000000	0.010001
4427.000000	0.010028
4426.000000	0.010057
4425.000000	0.010070
4424.000000	0.010061
4423.000000	0.010037
4422.000000	0.010011
4421.000000	0.009997
4420.000000	0.010008
4419.000000	0.010046
4418.000000	0.010095
4417.000000	0.010133
4416.000000	0.010149
4415.000000	0.010142
4414.000000	0.010118
4413.000000	0.010084
4412.000000	0.010053
4411.000000	0.010031
4410.000000	0.010018
4409.000000	0.010007
4408.000000	0.009995
4407.000000	0.009985
4406.000000	0.009980
4405.000000	0.009982
4404.000000	0.009995
4403.000000	0.010022
4402.000000	0.010052
4401.000000	0.010072
4400.000000	0.010081
4399.000000	0.010081
4398.000000	0.010077
4397.000000	0.010072
4396.000000	0.010073
4395.000000	0.010090
4394.000000	0.010120
4393.000000	0.010149
4392.000000	0.010164
4391.000000	0.010157
4390.000000	0.010127
4389.000000	0.010088
4388.000000	0.010061
4387.000000	0.010056
4386.000000	0.010064
4385.000000	0.010067
4384.000000	0.010065
4383.000000	0.010069
4382.000000	0.010089
4381.000000	0.010122
4380.000000	0.010155
4379.000000	0.010174
4378.000000	0.010169
4377.000000	0.010146
4376.000000	0.010120
4375.000000	0.010105
4374.000000	0.010106
4373.000000	0.010117
4372.000000	0.010133
4371.000000	0.010147
4370.000000	0.010151
4369.000000	0.010145
4368.000000	0.010137
4367.000000	0.010134
4366.000000	0.010133
4365.000000	0.010125
4364.000000	0.010109
4363.000000	0.010094
4362.000000	0.010087
4361.000000	0.010090
4360.000000	0.010103
4359.000000	0.010121
4358.000000	0.010133
4357.000000	0.010136
4356.000000	0.010136
4355.000000	0.010139
4354.000000	0.010141
4353.000000	0.010136
4352.000000	0.010124
4351.000000	0.010110
4350.000000	0.010102
4349.000000	0.010105
4348.000000	0.010124
4347.000000	0.010156
4346.000000	0.010190
4345.000000	0.010215
4344.000000	0.010227
4343.000000	0.010224
4342.000000	0.010205
4341.000000	0.010178
4340.000000	0.010155
4339.000000	0.010147
4338.000000	0.010150
4337.000000	0.010155
4336.000000	0.010154
4335.000000	0.010149
4334.000000	0.010146
4333.000000	0.010150
4332.000000	0.010166
4331.000000	0.010191
4330.000000	0.010211
4329.000000	0.010219
4328.000000	0.010216
4327.000000	0.010208
4326.000000	0.010199
4325.000000	0.010187
4324.000000	0.010175
4323.000000	0.010168
4322.000000	0.010167
4321.000000	0.010172
4320.000000	0.010179
4319.000000	0.010181
4318.000000	0.010173
4317.000000	0.010155
4316.000000	0.010137
4315.000000	0.010129
4314.000000	0.010133
4313.000000	0.010141
4312.000000	0.010150
4311.000000	0.010157
4310.000000	0.010156
4309.000000	0.010144
4308.000000	0.010120
4307.000000	0.010092
4306.000000	0.010067
4305.000000	0.010053
4304.000000	0.010057
4303.000000	0.010076
4302.000000	0.010098
4301.000000	0.010112
4300.000000	0.010120
4299.000000	0.010130
4298.000000	0.010149
4297.000000	0.010174
4296.000000	0.010193
4295.000000	0.010195
4294.000000	0.010177
4293.000000	0.010147
4292.000000	0.010121
4291.000000	0.010104
4290.000000	0.010093
4289.000000	0.010084
4288.000000	0.010083
4287.000000	0.010095
4286.000000	0.010121
4285.000000	0.010150
4284.000000	0.010175
4283.000000	0.010189
4282.000000	0.010190
4281.000000	0.010181
4280.000000	0.010168
4279.000000	0.010154
4278.000000	0.010136
4277.000000	0.010110
4276.000000	0.010081
4275.000000	0.010064
4274.000000	0.010071
4273.000000	0.010104
4272.000000	0.010154
4271.000000	0.010207
4270.000000	0.010249
4269.000000	0.010273
4268.000000	0.010276
4267.000000	0.010262
4266.000000	0.010237
4265.000000	0.010216
4264.000000	0.010212
4263.000000	0.010225
4262.000000	0.010241
4261.000000	0.010249
4260.000000	0.010252
4259.000000	0.010258
4258.000000	0.010270
4257.000000	0.010279
4256.000000	0.010279
4255.000000	0.010267
4254.000000	0.010252
4253.000000	0.010238
4252.000000	0.010227
4251.000000	0.010213
4250.000000	0.010191
4249.000000	0.010163
4248.000000	0.010139
4247.000000	0.010126
4246.000000	0.010120
4245.000000	0.010123
4244.000000	0.010137
4243.000000	0.010169
4242.000000	0.010210
4241.000000	0.010244
4240.000000	0.010254
4239.000000	0.010235
4238.000000	0.010197
4237.000000	0.010158
4236.000000	0.010133
4235.000000	0.010126
4234.000000	0.010131
4233.000000	0.010136
4232.000000	0.010138
4231.000000	0.010140
4230.000000	0.010150
4229.000000	0.010172
4228.000000	0.010203
4227.000000	0.010231
4226.000000	0.010243
4225.000000	0.010234
4224.000000	0.010210
4223.000000	0.010179
4222.000000	0.010140
4221.000000	0.010098
4220.000000	0.010062
4219.000000	0.010046
4218.000000	0.010057
4217.000000	0.010088
4216.000000	0.010126
4215.000000	0.010157
4214.000000	0.010169
4213.000000	0.010164
4212.000000	0.010150
4211.000000	0.010142
4210.000000	0.010146
4209.000000	0.010161
4208.000000	0.010180
4207.000000	0.010198
4206.000000	0.010209
4205.000000	0.010217
4204.000000	0.010231
4203.000000	0.010253
4202.000000	0.010278
4201.000000	0.010294
4200.000000	0.010293
4199.000000	0.010274
4198.000000	0.010241
4197.000000	0.010205
4196.000000	0.010176
4195.000000	0.010162
4194.000000	0.010160
4193.000000	0.010166
4192.000000	0.010172
4191.000000	0.010177
4190.000000	0.010181
4189.000000	0.010191
4188.000000	0.010212
4187.000000	0.010239
4186.000000	0.010257
4185.000000	0.010254
4184.000000	0.010230
4183.000000	0.010194
4182.000000	0.010157
4181.000000	0.010128
4180.000000	0.010113
4179.000000	0.010113
4178.000000	0.010121
4177.000000	0.010124
4176.000000	0.010119
4175.000000	0.010112
4174.000000	0.010109
4173.000000	0.010116
4172.000000	0.010130
4171.000000	0.010145
4170.000000	0.010159
4169.000000	0.010173
4168.000000	0.010193
4167.000000	0.010220
4166.000000	0.010250
4165.000000	0.010276
4164.000000	0.010291
4163.000000	0.010293
4162.000000	0.010285
4161.000000	0.010278
4160.000000	0.010281
4159.000000	0.010292
4158.000000	0.010295
4157.000000	0.010276
4156.000000	0.010233
4155.000000	0.010179
4154.000000	0.010132
4153.000000	0.010112
4152.000000	0.010124
4151.000000	0.010164
4150.000000	0.010215
4149.000000	0.010255
4148.000000	0.010273
4147.000000	0.010265
4146.000000	0.010234
4145.000000	0.010191
4144.000000	0.010150
4143.000000	0.010122
4142.000000	0.010112
4141.000000	0.010119
4140.000000	0.010140
4139.000000	0.010169
4138.000000	0.010197
4137.000000	0.010210
4136.000000	0.010204
4135.000000	0.010183
4134.000000	0.010161
4133.000000	0.010147
4132.000000	0.010146
4131.000000	0.010156
4130.000000	0.010176
4129.000000	0.010201
4128.000000	0.010223
4127.000000	0.010234
4126.000000	0.010228
4125.000000	0.010212
4124.000000	0.010197
4123.000000	0.010188
4122.000000	0.010180
4121.000000	0.010171
4120.000000	0.010166
4119.000000	0.010174
4118.000000	0.010198
4117.000000	0.010232
4116.000000	0.010261
4115.000000	0.010277
4114.000000	0.010277
4113.000000	0.010268
4112.000000	0.010259
4111.000000	0.010249
4110.000000	0.010235
4109.000000	0.010213
4108.000000	0.010187
4107.000000	0.010166
4106.000000	0.010155
4105.000000	0.010153
4104.000000	0.010153
4103.000000	0.010149
4102.000000	0.010144
4101.000000	0.010145
4100.000000	0.010163
4099.000000	0.010193
4098.000000	0.010224
4097.000000	0.010246
4096.000000	0.010258
4095.000000	0.010267
4094.000000	0.010277
4093.000000	0.010284
4092.000000	0.010283
4091.000000	0.010271
4090.000000	0.010251
4089.000000	0.010232
4088.000000	0.010219
4087.000000	0.010212
4086.000000	0.010207
4085.000000	0.010203
4084.000000	0.010200
4083.000000	0.010200
4082.000000	0.010206
4081.000000	0.010219
4080.000000	0.010246
4079.000000	0.010286
4078.000000	0.010333
4077.000000	0.010371
4076.000000	0.010384
4075.000000	0.010369
4074.000000	0.010336
4073.000000	0.010299
4072.000000	0.010271
4071.000000	0.010252
4070.000000	0.010236
4069.000000	0.010221
4068.000000	0.010209
4067.000000	0.010208
4066.000000	0.010222
4065.000000	0.010251
4064.000000	0.010288
4063.000000	0.010325
4062.000000	0.010356
4061.000000	0.010379
4060.000000	0.010398
4059.000000	0.010413
4058.000000	0.010419
4057.000000	0.010406
4056.000000	0.010372
4055.000000	0.010324
4054.000000	0.010278
4053.000000	0.010250
4052.000000	0.010249
4051.000000	0.010268
4050.000000	0.010291
4049.000000	0.010299
4048.000000	0.010288
4047.000000	0.010266
4046.000000	0.010244
4045.000000	0.010229
4044.000000	0.010218
4043.000000	0.010209
4042.000000	0.010203
4041.000000	0.010202
4040.000000	0.010208
4039.000000	0.010221
4038.000000	0.010237
4037.000000	0.010250
4036.000000	0.010252
4035.000000	0.010237
4034.000000	0.010209
4033.000000	0.010183
4032.000000	0.010173
4031.000000	0.010184
4030.000000	0.010204
4029.000000	0.010223
4028.000000	0.010235
4027.000000	0.010241
4026.000000	0.010245
4025.000000	0.010247
4024.000000	0.010248
4023.000000	0.010250
4022.000000	0.010256
4021.000000	0.010267
4020.000000	0.010280
4019.000000	0.010290
4018.000000	0.010291
4017.000000	0.010281
4016.000000	0.010265
4015.000000	0.010247
4014.000000	0.010234
4013.000000	0.010231
4012.000000	0.010245
4011.000000	0.010270
4010.000000	0.010299
4009.000000	0.010321
4008.000000	0.010335
4007.000000	0.010345
4006.000000	0.010358
4005.000000	0.010371
4004.000000	0.010376
4003.000000	0.010369
4002.000000	0.010356
4001.000000	0.010344
4000.000000	0.010336
3999.000000	0.010328
3998.000000	0.010311
3997.000000	0.010284
3996.000000	0.010249
3995.000000	0.010217
3994.000000	0.010200
3993.000000	0.010204
3992.000000	0.010229
3991.000000	0.010261
3990.000000	0.010285
3989.000000	0.010293
3988.000000	0.010285
3987.000000	0.010264
3986.000000	0.010238
3985.000000	0.010214
3984.000000	0.010199
3983.000000	0.010198
3982.000000	0.010211
3981.000000	0.010230
3980.000000	0.010249
3979.000000	0.010263
3978.000000	0.010275
3977.000000	0.010288
3976.000000	0.010303
3975.000000	0.010319
3974.000000	0.010328
3973.000000	0.010321
3972.000000	0.010301
3971.000000	0.010277
3970.000000	0.010262
3969.000000	0.010260
3968.000000	0.010265
3967.000000	0.010266
3966.000000	0.010261
3965.000000	0.010256
3964.000000	0.010254
3963.000000	0.010256
3962.000000	0.010258
3961.000000	0.010256
3960.000000	0.010255
3959.000000	0.010258
3958.000000	0.010268
3957.000000	0.010278
3956.000000	0.010288
3955.000000	0.010296
3954.000000	0.010308
3953.000000	0.010323
3952.000000	0.010338
3951.000000	0.010345
3950.000000	0.010341
3949.000000	0.010332
3948.000000	0.010319
3947.000000	0.010303
3946.000000	0.010286
3945.000000	0.010269
3944.000000	0.010255
3943.000000	0.010246
3942.000000	0.010242
3941.000000	0.010241
3940.000000	0.010239
3939.000000	0.010230
3938.000000	0.010214
3937.000000	0.010201
3936.000000	0.010204
3935.000000	0.010233
3934.000000	0.010280
3933.000000	0.010321
3932.000000	0.010337
3931.000000	0.010324
3930.000000	0.010300
3929.000000	0.010285
3928.000000	0.010294
3927.000000	0.010327
3926.000000	0.010371
3925.000000	0.010399
3924.000000	0.010394
3923.000000	0.010364
3922.000000	0.010326
3921.000000	0.010294
3920.000000	0.010269
3919.000000	0.010249
3918.000000	0.010238
3917.000000	0.010232
3916.000000	0.010228
3915.000000	0.010227
3914.000000	0.010237
3913.000000	0.010254
3912.000000	0.010269
3911.000000	0.010272
3910.000000	0.010261
3909.000000	0.010239
3908.000000	0.010213
3907.000000	0.010188
3906.000000	0.010171
3905.000000	0.010159
3904.000000	0.010146
3903.000000	0.010133
3902.000000	0.010138
3901.000000	0.010175
3900.000000	0.010232
3899.000000	0.010278
3898.000000	0.010292
3897.000000	0.010274
3896.000000	0.010238
3895.000000	0.010199
3894.000000	0.010178
3893.000000	0.010190
3892.000000	0.010228
3891.000000	0.010260
3890.000000	0.010261
3889.000000	0.010243
3888.000000	0.010240
3887.000000	0.010261
3886.000000	0.010285
3885.000000	0.010285
3884.000000	0.010267
3883.000000	0.010262
3882.000000	0.010281
3881.000000	0.010303
3880.000000	0.010306
3879.000000	0.010287
3878.000000	0.010269
3877.000000	0.010269
3876.000000	0.010285
3875.000000	0.010295
3874.000000	0.010282
3873.000000	0.010256
3872.000000	0.010251
3871.000000	0.010280
3870.000000	0.010312
3869.000000	0.010311
3868.000000	0.010291
3867.000000	0.010288
3866.000000	0.010304
3865.000000	0.010312
3864.000000	0.010295
3863.000000	0.010266
3862.000000	0.010241
3861.000000	0.010222
3860.000000	0.010206
3859.000000	0.010192
3858.000000	0.010176
3857.000000	0.010160
3856.000000	0.010151
3855.000000	0.010164
3854.000000	0.010188
3853.000000	0.010192
3852.000000	0.010173
3851.000000	0.010158
3850.000000	0.010161
3849.000000	0.010166
3848.000000	0.010162
3847.000000	0.010145
3846.000000	0.010126
3845.000000	0.010116
3844.000000	0.010122
3843.000000	0.010141
3842.000000	0.010162
3841.000000	0.010177
3840.000000	0.010185
3839.000000	0.010183
3838.000000	0.010177
3837.000000	0.010169
3836.000000	0.010158
3835.000000	0.010146
3834.000000	0.010140
3833.000000	0.010147
3832.000000	0.010156
3831.000000	0.010154
3830.000000	0.010146
3829.000000	0.010146
3828.000000	0.010163
3827.000000	0.010181
3826.000000	0.010176
3825.000000	0.010148
3824.000000	0.010125
3823.000000	0.010136
3822.000000	0.010171
3821.000000	0.010181
3820.000000	0.010140
3819.000000	0.010086
3818.000000	0.010073
3817.000000	0.010107
3816.000000	0.010140
3815.000000	0.010134
3814.000000	0.010105
3813.000000	0.010087
3812.000000	0.010079
3811.000000	0.010056
3810.000000	0.010014
3809.000000	0.009980
3808.000000	0.009977
3807.000000	0.009999
3806.000000	0.010022
3805.000000	0.010043
3804.000000	0.010080
3803.000000	0.010138
3802.000000	0.010189
3801.000000	0.010192
3800.000000	0.010147
3799.000000	0.010088
3798.000000	0.010040
3797.000000	0.009999
3796.000000	0.009958
3795.000000	0.009930
3794.000000	0.009934
3793.000000	0.009970
3792.000000	0.010009
3791.000000	0.010020
3790.000000	0.010001
3789.000000	0.009974
3788.000000	0.009962
3787.000000	0.009973
3786.000000	0.009992
3785.000000	0.009999
3784.000000	0.009981
3783.000000	0.009950
3782.000000	0.009933
3781.000000	0.009941
3780.000000	0.009954
3779.000000	0.009945
3778.000000	0.009911
3777.000000	0.009879
3776.000000	0.009871
3775.000000	0.009885
3774.000000	0.009901
3773.000000	0.009910
3772.000000	0.009920
3771.000000	0.009932
3770.000000	0.009934
3769.000000	0.009918
3768.000000	0.009888
3767.000000	0.009858
3766.000000	0.009834
3765.000000	0.009814
3764.000000	0.009801
3763.000000	0.009806
3762.000000	0.009836
3761.000000	0.009871
3760.000000	0.009889
3759.000000	0.009890
3758.000000	0.009889
3757.000000	0.009883
3756.000000	0.009857
3755.000000	0.009814
3754.000000	0.009776
3753.000000	0.009764
3752.000000	0.009791
3751.000000	0.009857
3750.000000	0.009940
3749.000000	0.009992
3748.000000	0.009986
3747.000000	0.009949
3746.000000	0.009928
3745.000000	0.009939
3744.000000	0.009950
3743.000000	0.009953
3742.000000	0.009981
3741.000000	0.010038
3740.000000	0.010090
3739.000000	0.010116
3738.000000	0.010127
3737.000000	0.010129
3736.000000	0.010100
3735.000000	0.010027
3734.000000	0.009942
3733.000000	0.009886
3732.000000	0.009863
3731.000000	0.009854
3730.000000	0.009849
3729.000000	0.009859
3728.000000	0.009882
3727.000000	0.009900
3726.000000	0.009900
3725.000000	0.009887
3724.000000	0.009872
3723.000000	0.009849
3722.000000	0.009809
3721.000000	0.009759
3720.000000	0.009716
3719.000000	0.009691
3718.000000	0.009685
3717.000000	0.009685
3716.000000	0.009686
3715.000000	0.009701
3714.000000	0.009742
3713.000000	0.009800
3712.000000	0.009840
3711.000000	0.009838
3710.000000	0.009809
3709.000000	0.009785
3708.000000	0.009779
3707.000000	0.009780
3706.000000	0.009773
3705.000000	0.009762
3704.000000	0.009753
3703.000000	0.009746
3702.000000	0.009730
3701.000000	0.009702
3700.000000	0.009674
3699.000000	0.009663
3698.000000	0.009679
3697.000000	0.009710
3696.000000	0.009741
3695.000000	0.009767
3694.000000	0.009789
3693.000000	0.009799
3692.000000	0.009782
3691.000000	0.009746
3690.000000	0.009721
3689.000000	0.009723
3688.000000	0.009734
3687.000000	0.009729
3686.000000	0.009712
3685.000000	0.009702
3684.000000	0.009709
3683.000000	0.009735
3682.000000	0.009782
3681.000000	0.009842
3680.000000	0.009894
3679.000000	0.009921
3678.000000	0.009952
3677.000000	0.010023
3676.000000	0.010119
3675.000000	0.010180
3674.000000	0.010193
3673.000000	0.010203
3672.000000	0.010237
3671.000000	0.010272
3670.000000	0.010273
3669.000000	0.010244
3668.000000	0.010224
3667.000000	0.010230
3666.000000	0.010246
3665.000000	0.010257
3664.000000	0.010257
3663.000000	0.010254
3662.000000	0.010255
3661.000000	0.010254
3660.000000	0.010240
3659.000000	0.010214
3658.000000	0.010192
3657.000000	0.010190
3656.000000	0.010208
3655.000000	0.010233
3654.000000	0.010256
3653.000000	0.010279
3652.000000	0.010306
3651.000000	0.010334
3650.000000	0.010363
3649.000000	0.010390
3648.000000	0.010406
3647.000000	0.010404
3646.000000	0.010391
3645.000000	0.010378
3644.000000	0.010367
3643.000000	0.010345
3642.000000	0.010305
3641.000000	0.010256
3640.000000	0.010219
3639.000000	0.010210
3638.000000	0.010219
3637.000000	0.010229
3636.000000	0.010234
3635.000000	0.010232
3634.000000	0.010224
3633.000000	0.010214
3632.000000	0.010210
3631.000000	0.010229
3630.000000	0.010265
3629.000000	0.010283
3628.000000	0.010265
3627.000000	0.010239
3626.000000	0.010241
3625.000000	0.010272
3624.000000	0.010302
3623.000000	0.010307
3622.000000	0.010289
3621.000000	0.010267
3620.000000	0.010251
3619.000000	0.010240
3618.000000	0.010228
3617.000000	0.010219
3616.000000	0.010226
3615.000000	0.010254
3614.000000	0.010298
3613.000000	0.010345
3612.000000	0.010386
3611.000000	0.010421
3610.000000	0.010457
3609.000000	0.010485
3608.000000	0.010489
3607.000000	0.010468
3606.000000	0.010438
3605.000000	0.010415
3604.000000	0.010406
3603.000000	0.010409
3602.000000	0.010425
3601.000000	0.010459
3600.000000	0.010511
3599.000000	0.010572
3598.000000	0.010623
3597.000000	0.010651
3596.000000	0.010653
3595.000000	0.010643
3594.000000	0.010640
3593.000000	0.010657
3592.000000	0.010692
3591.000000	0.010736
3590.000000	0.010785
3589.000000	0.010836
3588.000000	0.010884
3587.000000	0.010920
3586.000000	0.010940
3585.000000	0.010941
3584.000000	0.010925
3583.000000	0.010905
3582.000000	0.010898
3581.000000	0.010911
3580.000000	0.010930
3579.000000	0.010936
3578.000000	0.010931
3577.000000	0.010934
3576.000000	0.010965
3575.000000	0.011026
3574.000000	0.011095
3573.000000	0.011149
3572.000000	0.011173
3571.000000	0.011176
3570.000000	0.011183
3569.000000	0.011216
3568.000000	0.011278
3567.000000	0.011349
3566.000000	0.011405
3565.000000	0.011442
3564.000000	0.011464
3563.000000	0.011478
3562.000000	0.011489
3561.000000	0.011494
3560.000000	0.011492
3559.000000	0.011489
3558.000000	0.011503
3557.000000	0.011539
3556.000000	0.011586
3555.000000	0.011622
3554.000000	0.011637
3553.000000	0.011635
3552.000000	0.011630
3551.000000	0.011637
3550.000000	0.011666
3549.000000	0.011713
3548.000000	0.011764
3547.000000	0.011808
3546.000000	0.011845
3545.000000	0.011878
3544.000000	0.011903
3543.000000	0.011922
3542.000000	0.011946
3541.000000	0.011986
3540.000000	0.012040
3539.000000	0.012091
3538.000000	0.012122
3537.000000	0.012133
3536.000000	0.012140
3535.000000	0.012165
3534.000000	0.012217
3533.000000	0.012285
3532.000000	0.012344
3531.000000	0.012371
3530.000000	0.012365
3529.000000	0.012346
3528.000000	0.012338
3527.000000	0.012356
3526.000000	0.012400
3525.000000	0.012455
3524.000000	0.012503
3523.000000	0.012540
3522.000000	0.012575
3521.000000	0.012614
3520.000000	0.012657
3519.000000	0.012696
3518.000000	0.012736
3517.000000	0.012781
3516.000000	0.012827
3515.000000	0.012864
3514.000000	0.012888
3513.000000	0.012905
3512.000000	0.012918
3511.000000	0.012931
3510.000000	0.012946
3509.000000	0.012961
3508.000000	0.012978
3507.000000	0.012997
3506.000000	0.013027
3505.000000	0.013069
3504.000000	0.013118
3503.000000	0.013163
3502.000000	0.013203
3501.000000	0.013246
3500.000000	0.013293
3499.000000	0.013341
3498.000000	0.013384
3497.000000	0.013425
3496.000000	0.013463
3495.000000	0.013500
3494.000000	0.013534
3493.000000	0.013563
3492.000000	0.013581
3491.000000	0.013587
3490.000000	0.013590
3489.000000	0.013608
3488.000000	0.013650
3487.000000	0.013715
3486.000000	0.013792
3485.000000	0.013866
3484.000000	0.013918
3483.000000	0.013940
3482.000000	0.013946
3481.000000	0.013961
3480.000000	0.013995
3479.000000	0.014041
3478.000000	0.014085
3477.000000	0.014127
3476.000000	0.014177
3475.000000	0.014242
3474.000000	0.014320
3473.000000	0.014393
3472.000000	0.014448
3471.000000	0.014481
3470.000000	0.014502
3469.000000	0.014526
3468.000000	0.014559
3467.000000	0.014598
3466.000000	0.014642
3465.000000	0.014689
3464.000000	0.014738
3463.000000	0.014783
3462.000000	0.014824
3461.000000	0.014863
3460.000000	0.014904
3459.000000	0.014939
3458.000000	0.014965
3457.000000	0.014984
3456.000000	0.015004
3455.000000	0.015038
3454.000000	0.015085
3453.000000	0.015131
3452.000000	0.015161
3451.000000	0.015172
3450.000000	0.015179
3449.000000	0.015201
3448.000000	0.015243
3447.000000	0.015300
3446.000000	0.015368
3445.000000	0.015444
3444.000000	0.015521
3443.000000	0.015587
3442.000000	0.015642
3441.000000	0.015693
3440.000000	0.015741
3439.000000	0.015776
3438.000000	0.015791
3437.000000	0.015793
3436.000000	0.015792
3435.000000	0.015799
3434.000000	0.015823
3433.000000	0.015876
3432.000000	0.015960
3431.000000	0.016057
3430.000000	0.016140
3429.000000	0.016192
3428.000000	0.016209
3427.000000	0.016205
3426.000000	0.016197
3425.000000	0.016205
3424.000000	0.016237
3423.000000	0.016293
3422.000000	0.016363
3421.000000	0.016435
3420.000000	0.016502
3419.000000	0.016562
3418.000000	0.016623
3417.000000	0.016688
3416.000000	0.016750
3415.000000	0.016800
3414.000000	0.016833
3413.000000	0.016848
3412.000000	0.016856
3411.000000	0.016868
3410.000000	0.016899
3409.000000	0.016956
3408.000000	0.017035
3407.000000	0.017121
3406.000000	0.017201
3405.000000	0.017265
3404.000000	0.017310
3403.000000	0.017342
3402.000000	0.017373
3401.000000	0.017414
3400.000000	0.017464
3399.000000	0.017512
3398.000000	0.017552
3397.000000	0.017584
3396.000000	0.017620
3395.000000	0.017665
3394.000000	0.017717
3393.000000	0.017771
3392.000000	0.017821
3391.000000	0.017866
3390.000000	0.017905
3389.000000	0.017940
3388.000000	0.017981
3387.000000	0.018035
3386.000000	0.018103
3385.000000	0.018168
3384.000000	0.018211
3383.000000	0.018231
3382.000000	0.018250
3381.000000	0.018288
3380.000000	0.018346
3379.000000	0.018413
3378.000000	0.018481
3377.000000	0.018552
3376.000000	0.018631
3375.000000	0.018712
3374.000000	0.018786
3373.000000	0.018847
3372.000000	0.018901
3371.000000	0.018953
3370.000000	0.019009
3369.000000	0.019069
3368.000000	0.019135
3367.000000	0.019207
3366.000000	0.019286
3365.000000	0.019364
3364.000000	0.019433
3363.000000	0.019494
3362.000000	0.019560
3361.000000	0.019642
3360.000000	0.019740
3359.000000	0.019844
3358.000000	0.019942
3357.000000	0.020027
3356.000000	0.020101
3355.000000	0.020170
3354.000000	0.020242
3353.000000	0.020318
3352.000000	0.020395
3351.000000	0.020472
3350.000000	0.020561
3349.000000	0.020668
3348.000000	0.020790
3347.000000	0.020909
3346.000000	0.021012
3345.000000	0.021097
3344.000000	0.021169
3343.000000	0.021235
3342.000000	0.021297
3341.000000	0.021356
3340.000000	0.021419
3339.000000	0.021495
3338.000000	0.021587
3337.000000	0.021685
3336.000000	0.021777
3335.000000	0.021866
3334.000000	0.021969
3333.000000	0.022090
3332.000000	0.022213
3331.000000	0.022317
3330.000000	0.022398
3329.000000	0.022471
3328.000000	0.022558
3327.000000	0.022667
3326.000000	0.022794
3325.000000	0.022926
3324.000000	0.023048
3323.000000	0.023157
3322.000000	0.023253
3321.000000	0.023336
3320.000000	0.023412
3319.000000	0.023496
3318.000000	0.023604
3317.000000	0.023732
3316.000000	0.023863
3315.000000	0.023982
3314.000000	0.024095
3313.000000	0.024215
3312.000000	0.024342
3311.000000	0.024463
3310.000000	0.024569
3309.000000	0.024660
3308.000000	0.024749
3307.000000	0.024853
3306.000000	0.024991
3305.000000	0.025171
3304.000000	0.025374
3303.000000	0.025567
3302.000000	0.025722
3301.000000	0.025839
3300.000000	0.025935
3299.000000	0.026030
3298.000000	0.026134
3297.000000	0.026242
3296.000000	0.026347
3295.000000	0.026449
3294.000000	0.026554
3293.000000	0.026673
3292.000000	0.026811
3291.000000	0.026967
3290.000000	0.027134
3289.000000	0.027299
3288.000000	0.027446
3287.000000	0.027566
3286.000000	0.027662
3285.000000	0.027741
3284.000000	0.027806
3283.000000	0.027857
3282.000000	0.027905
3281.000000	0.027965
3280.000000	0.028044
3279.000000	0.028127
3278.000000	0.028188
3277.000000	0.028216
3276.000000	0.028223
3275.000000	0.028232
3274.000000	0.028253
3273.000000	0.028281
3272.000000	0.028301
3271.000000	0.028306
3270.000000	0.028304
3269.000000	0.028299
3268.000000	0.028296
3267.000000	0.028291
3266.000000	0.028276
3265.000000	0.028243
3264.000000	0.028187
3263.000000	0.028119
3262.000000	0.028062
3261.000000	0.028029
3260.000000	0.028009
3259.000000	0.027976
3258.000000	0.027909
3257.000000	0.027806
3256.000000	0.027684
3255.000000	0.027568
3254.000000	0.027469
3253.000000	0.027385
3252.000000	0.027304
3251.000000	0.027225
3250.000000	0.027159
3249.000000	0.027110
3248.000000	0.027070
3247.000000	0.027025
3246.000000	0.026970
3245.000000	0.026905
3244.000000	0.026830
3243.000000	0.026743
3242.000000	0.026652
3241.000000	0.026567
3240.000000	0.026493
3239.000000	0.026431
3238.000000	0.026375
3237.000000	0.026317
3236.000000	0.026247
3235.000000	0.026163
3234.000000	0.026081
3233.000000	0.026019
3232.000000	0.025980
3231.000000	0.025948
3230.000000	0.025907
3229.000000	0.025856
3228.000000	0.025806
3227.000000	0.025766
3226.000000	0.025726
3225.000000	0.025673
3224.000000	0.025606
3223.000000	0.025539
3222.000000	0.025487
3221.000000	0.025444
3220.000000	0.025397
3219.000000	0.025347
3218.000000	0.025314
3217.000000	0.025304
3216.000000	0.025301
3215.000000	0.025284
3214.000000	0.025255
3213.000000	0.025226
3212.000000	0.025200
3211.000000	0.025168
3210.000000	0.025124
3209.000000	0.025078
3208.000000	0.025041
3207.000000	0.025012
3206.000000	0.024979
3205.000000	0.024934
3204.000000	0.024881
3203.000000	0.024836
3202.000000	0.024811
3201.000000	0.024798
3200.000000	0.024775
3199.000000	0.024729
3198.000000	0.024669
3197.000000	0.024615
3196.000000	0.024573
3195.000000	0.024536
3194.000000	0.024496
3193.000000	0.024459
3192.000000	0.024430
3191.000000	0.024411
3190.000000	0.024398
3189.000000	0.024380
3188.000000	0.024347
3187.000000	0.024300
3186.000000	0.024249
3185.000000	0.024205
3184.000000	0.024158
3183.000000	0.024094
3182.000000	0.024009
3181.000000	0.023920
3180.000000	0.023845
3179.000000	0.023787
3178.000000	0.023741
3177.000000	0.023701
3176.000000	0.023661
3175.000000	0.023619
3174.000000	0.023573
3173.000000	0.023523
3172.000000	0.023460
3171.000000	0.023385
3170.000000	0.023309
3169.000000	0.023255
3168.000000	0.023224
3167.000000	0.023194
3166.000000	0.023140
3165.000000	0.023066
3164.000000	0.022996
3163.000000	0.022945
3162.000000	0.022907
3161.000000	0.022859
3160.000000	0.022790
3159.000000	0.022711
3158.000000	0.022643
3157.000000	0.022594
3156.000000	0.022552
3155.000000	0.022503
3154.000000	0.022447
3153.000000	0.022392
3152.000000	0.022343
3151.000000	0.022296
3150.000000	0.022245
3149.000000	0.022192
3148.000000	0.022143
3147.000000	0.022101
3146.000000	0.022064
3145.000000	0.022025
3144.000000	0.021978
3143.000000	0.021918
3142.000000	0.021853
3141.000000	0.021793
3140.000000	0.021739
3139.000000	0.021685
3138.000000	0.021627
3137.000000	0.021573
3136.000000	0.021536
3135.000000	0.021515
3134.000000	0.021497
3133.000000	0.021470
3132.000000	0.021433
3131.000000	0.021399
3130.000000	0.021373
3129.000000	0.021343
3128.000000	0.021296
3127.000000	0.021232
3126.000000	0.021175
3125.000000	0.021147
3124.000000	0.021143
3123.000000	0.021142
3122.000000	0.021125
3121.000000	0.021090
3120.000000	0.021046
3119.000000	0.021005
3118.000000	0.020978
3117.000000	0.020968
3116.000000	0.020972
3115.000000	0.020984
3114.000000	0.021001
3113.000000	0.021021
3112.000000	0.021040
3111.000000	0.021054
3110.000000	0.021060
3109.000000	0.021059
3108.000000	0.021056
3107.000000	0.021051
3106.000000	0.021047
3105.000000	0.021047
3104.000000	0.021048
3103.000000	0.021049
3102.000000	0.021053
3101.000000	0.021068
3100.000000	0.021094
3099.000000	0.021121
3098.000000	0.021133
3097.000000	0.021119
3096.000000	0.021080
3095.000000	0.021037
3094.000000	0.021015
3093.000000	0.021031
3092.000000	0.021074
3091.000000	0.021125
3090.000000	0.021173
3089.000000	0.021223
3088.000000	0.021277
3087.000000	0.021323
3086.000000	0.021342
3085.000000	0.021332
3084.000000	0.021310
3083.000000	0.021303
3082.000000	0.021325
3081.000000	0.021373
3080.000000	0.021433
3079.000000	0.021493
3078.000000	0.021548
3077.000000	0.021597
3076.000000	0.021636
3075.000000	0.021661
3074.000000	0.021672
3073.000000	0.021676
3072.000000	0.021674
3071.000000	0.021666
3070.000000	0.021653
3069.000000	0.021644
3068.000000	0.021650
3067.000000	0.021678
3066.000000	0.021730
3065.000000	0.021800
3064.000000	0.021859
3063.000000	0.021874
3062.000000	0.021831
3061.000000	0.021751
3060.000000	0.021679
3059.000000	0.021647
3058.000000	0.021655
3057.000000	0.021677
3056.000000	0.021679
3055.000000	0.021650
3054.000000	0.021599
3053.000000	0.021550
3052.000000	0.021521
3051.000000	0.021512
3050.000000	0.021511
3049.000000	0.021500
3048.000000	0.021467
3047.000000	0.021410
3046.000000	0.021339
3045.000000	0.021272
3044.000000	0.021224
3043.000000	0.021194
3042.000000	0.021178
3041.000000	0.021167
3040.000000	0.021150
3039.000000	0.021120
3038.000000	0.021076
3037.000000	0.021026
3036.000000	0.020979
3035.000000	0.020938
3034.000000	0.020898
3033.000000	0.020862
3032.000000	0.020840
3031.000000	0.020843
3030.000000	0.020867
3029.000000	0.020893
3028.000000	0.020897
3027.000000	0.020867
3026.000000	0.020813
3025.000000	0.020755
3024.000000	0.020705
3023.000000	0.020664
3022.000000	0.020624
3021.000000	0.020581
3020.000000	0.020533
3019.000000	0.020484
3018.000000	0.020442
3017.000000	0.020420
3016.000000	0.020426
3015.000000	0.020458
3014.000000	0.020503
3013.000000	0.020548
3012.000000	0.020598
3011.000000	0.020665
3010.000000	0.020763
3009.000000	0.020883
3008.000000	0.021011
3007.000000	0.021136
3006.000000	0.021266
3005.000000	0.021405
3004.000000	0.021548
3003.000000	0.021688
3002.000000	0.021824
3001.000000	0.021957
3000.000000	0.022086
2999.000000	0.022206
2998.000000	0.022321
2997.000000	0.022438
2996.000000	0.022559
2995.000000	0.022677
2994.000000	0.022787
2993.000000	0.022889
2992.000000	0.022979
2991.000000	0.023058
2990.000000	0.023136
2989.000000	0.023232
2988.000000	0.023366
2987.000000	0.023564
2986.000000	0.023857
2985.000000	0.024268
2984.000000	0.024770
2983.000000	0.025268
2982.000000	0.025647
2981.000000	0.025831
2980.000000	0.025827
2979.000000	0.025700
2978.000000	0.025533
2977.000000	0.025381
2976.000000	0.025275
2975.000000	0.025232
2974.000000	0.025260
2973.000000	0.025341
2972.000000	0.025419
2971.000000	0.025433
2970.000000	0.025358
2969.000000	0.025216
2968.000000	0.025050
2967.000000	0.024892
2966.000000	0.024753
2965.000000	0.024635
2964.000000	0.024538
2963.000000	0.024451
2962.000000	0.024367
2961.000000	0.024279
2960.000000	0.024188
2959.000000	0.024097
2958.000000	0.024014
2957.000000	0.023946
2956.000000	0.023885
2955.000000	0.023815
2954.000000	0.023720
2953.000000	0.023612
2952.000000	0.023511
2951.000000	0.023427
2950.000000	0.023352
2949.000000	0.023273
2948.000000	0.023192
2947.000000	0.023122
2946.000000	0.023070
2945.000000	0.023036
2944.000000	0.023021
2943.000000	0.023026
2942.000000	0.023051
2941.000000	0.023090
2940.000000	0.023137
2939.000000	0.023192
2938.000000	0.023258
2937.000000	0.023336
2936.000000	0.023422
2935.000000	0.023506
2934.000000	0.023587
2933.000000	0.023662
2932.000000	0.023724
2931.000000	0.023760
2930.000000	0.023768
2929.000000	0.023758
2928.000000	0.023745
2927.000000	0.023724
2926.000000	0.023684
2925.000000	0.023617
2924.000000	0.023526
2923.000000	0.023414
2922.000000	0.023278
2921.000000	0.023115
2920.000000	0.022932
2919.000000	0.022746
2918.000000	0.022571
2917.000000	0.022422
2916.000000	0.022315
2915.000000	0.022264
2914.000000	0.022267
2913.000000	0.022304
2912.000000	0.022345
2911.000000	0.022369
2910.000000	0.022375
2909.000000	0.022370
2908.000000	0.022359
2907.000000	0.022339
2906.000000	0.022301
2905.000000	0.022248
2904.000000	0.022188
2903.000000	0.022128
2902.000000	0.022073
2901.000000	0.022025
2900.000000	0.021988
2899.000000	0.021964
2898.000000	0.021949
2897.000000	0.021937
2896.000000	0.021925
2895.000000	0.021914
2894.000000	0.021907
2893.000000	0.021908
2892.000000	0.021918
2891.000000	0.021932
2890.000000	0.021939
2889.000000	0.021931
2888.000000	0.021911
2887.000000	0.021897
2886.000000	0.021904
2885.000000	0.021927
2884.000000	0.021942
2883.000000	0.021926
2882.000000	0.021879
2881.000000	0.021820
2880.000000	0.021769
2879.000000	0.021733
2878.000000	0.021703
2877.000000	0.021666
2876.000000	0.021612
2875.000000	0.021542
2874.000000	0.021472
2873.000000	0.021415
2872.000000	0.021371
2871.000000	0.021334
2870.000000	0.021297
2869.000000	0.021257
2868.000000	0.021206
2867.000000	0.021137
2866.000000	0.021053
2865.000000	0.020969
2864.000000	0.020899
2863.000000	0.020835
2862.000000	0.020759
2861.000000	0.020670
2860.000000	0.020584
2859.000000	0.020519
2858.000000	0.020481
2857.000000	0.020461
2856.000000	0.020442
2855.000000	0.020402
2854.000000	0.020328
2853.000000	0.020215
2852.000000	0.020070
2851.000000	0.019902
2850.000000	0.019731
2849.000000	0.019581
2848.000000	0.019476
2847.000000	0.019426
2846.000000	0.019420
2845.000000	0.019433
2844.000000	0.019441
2843.000000	0.019421
2842.000000	0.019365
2841.000000	0.019283
2840.000000	0.019198
2839.000000	0.019131
2838.000000	0.019091
2837.000000	0.019074
2836.000000	0.019072
2835.000000	0.019076
2834.000000	0.019078
2833.000000	0.019071
2832.000000	0.019049
2831.000000	0.019011
2830.000000	0.018965
2829.000000	0.018924
2828.000000	0.018895
2827.000000	0.018873
2826.000000	0.018844
2825.000000	0.018808
2824.000000	0.018776
2823.000000	0.018761
2822.000000	0.018758
2821.000000	0.018754
2820.000000	0.018737
2819.000000	0.018707
2818.000000	0.018669
2817.000000	0.018625
2816.000000	0.018580
2815.000000	0.018544
2814.000000	0.018521
2813.000000	0.018511
2812.000000	0.018504
2811.000000	0.018489
2810.000000	0.018462
2809.000000	0.018422
2808.000000	0.018371
2807.000000	0.018317
2806.000000	0.018277
2805.000000	0.018264
2804.000000	0.018274
2803.000000	0.018286
2802.000000	0.018275
2801.000000	0.018236
2800.000000	0.018182
2799.000000	0.018138
2798.000000	0.018116
2797.000000	0.018111
2796.000000	0.018111
2795.000000	0.018110
2794.000000	0.018106
2793.000000	0.018099
2792.000000	0.018088
2791.000000	0.018065
2790.000000	0.018029
2789.000000	0.017984
2788.000000	0.017942
2787.000000	0.017916
2786.000000	0.017906
2785.000000	0.017899
2784.000000	0.017879
2783.000000	0.017841
2782.000000	0.017790
2781.000000	0.017740
2780.000000	0.017701
2779.000000	0.017683
2778.000000	0.017684
2777.000000	0.017696
2776.000000	0.017706
2775.000000	0.017705
2774.000000	0.017690
2773.000000	0.017665
2772.000000	0.017634
2771.000000	0.017601
2770.000000	0.017576
2769.000000	0.017563
2768.000000	0.017561
2767.000000	0.017561
2766.000000	0.017553
2765.000000	0.017536
2764.000000	0.017514
2763.000000	0.017494
2762.000000	0.017476
2761.000000	0.017458
2760.000000	0.017440
2759.000000	0.017422
2758.000000	0.017403
2757.000000	0.017381
2756.000000	0.017355
2755.000000	0.017325
2754.000000	0.017297
2753.000000	0.017275
2752.000000	0.017259
2751.000000	0.017248
2750.000000	0.017237
2749.000000	0.017222
2748.000000	0.017201
2747.000000	0.017181
2746.000000	0.017170
2745.000000	0.017170
2744.000000	0.017178
2743.000000	0.017185
2742.000000	0.017182
2741.000000	0.017162
2740.000000	0.017122
2739.000000	0.017072
2738.000000	0.017030
2737.000000	0.017007
2736.000000	0.017005
2735.000000	0.017012
2734.000000	0.017017
2733.000000	0.017010
2732.000000	0.016979
2731.000000	0.016921
2730.000000	0.016854
2729.000000	0.016803
2728.000000	0.016779
2727.000000	0.016772
2726.000000	0.016765
2725.000000	0.016754
2724.000000	0.016744
2723.000000	0.016736
2722.000000	0.016728
2721.000000	0.016714
2720.000000	0.016696
2719.000000	0.016683
2718.000000	0.016678
2717.000000	0.016680
2716.000000	0.016684
2715.000000	0.016681
2714.000000	0.016667
2713.000000	0.016642
2712.000000	0.016613
2711.000000	0.016589
2710.000000	0.016574
2709.000000	0.016562
2708.000000	0.016545
2707.000000	0.016519
2706.000000	0.016486
2705.000000	0.016453
2704.000000	0.016425
2703.000000	0.016406
2702.000000	0.016395
2701.000000	0.016388
2700.000000	0.016380
2699.000000	0.016367
2698.000000	0.016354
2697.000000	0.016346
2696.000000	0.016342
2695.000000	0.016336
2694.000000	0.016330
2693.000000	0.016324
2692.000000	0.016317
2691.000000	0.016304
2690.000000	0.016283
2689.000000	0.016256
2688.000000	0.016228
2687.000000	0.016205
2686.000000	0.016193
2685.000000	0.016189
2684.000000	0.016183
2683.000000	0.016173
2682.000000	0.016167
2681.000000	0.016176
2680.000000	0.016193
2679.000000	0.016198
2678.000000	0.016176
2677.000000	0.016139
2676.000000	0.016105
2675.000000	0.016088
2674.000000	0.016090
2673.000000	0.016104
2672.000000	0.016116
2671.000000	0.016113
2670.000000	0.016094
2669.000000	0.016073
2668.000000	0.016063
2667.000000	0.016060
2666.000000	0.016055
2665.000000	0.016046
2664.000000	0.016039
2663.000000	0.016037
2662.000000	0.016036
2661.000000	0.016025
2660.000000	0.016001
2659.000000	0.015968
2658.000000	0.015938
2657.000000	0.015918
2656.000000	0.015906
2655.000000	0.015891
2654.000000	0.015869
2653.000000	0.015847
2652.000000	0.015836
2651.000000	0.015834
2650.000000	0.015834
2649.000000	0.015831
2648.000000	0.015827
2647.000000	0.015824
2646.000000	0.015822
2645.000000	0.015821
2644.000000	0.015817
2643.000000	0.015805
2642.000000	0.015787
2641.000000	0.015777
2640.000000	0.015786
2639.000000	0.015803
2638.000000	0.015805
2637.000000	0.015781
2636.000000	0.015738
2635.000000	0.015696
2634.000000	0.015665
2633.000000	0.015649
2632.000000	0.015642
2631.000000	0.015634
2630.000000	0.015622
2629.000000	0.015609
2628.000000	0.015599
2627.000000	0.015583
2626.000000	0.015552
2625.000000	0.015514
2624.000000	0.015490
2623.000000	0.015491
2622.000000	0.015505
2621.000000	0.015517
2620.000000	0.015529
2619.000000	0.015544
2618.000000	0.015557
2617.000000	0.015557
2616.000000	0.015537
2615.000000	0.015503
2614.000000	0.015465
2613.000000	0.015428
2612.000000	0.015401
2611.000000	0.015388
2610.000000	0.015390
2609.000000	0.015402
2608.000000	0.015420
2607.000000	0.015433
2606.000000	0.015433
2605.000000	0.015416
2604.000000	0.015394
2603.000000	0.015382
2602.000000	0.015388
2601.000000	0.015408
2600.000000	0.015428
2599.000000	0.015429
2598.000000	0.015392
2597.000000	0.015317
2596.000000	0.015229
2595.000000	0.015169
2594.000000	0.015165
2593.000000	0.015211
2592.000000	0.015274
2591.000000	0.015317
2590.000000	0.015321
2589.000000	0.015296
2588.000000	0.015266
2587.000000	0.015250
2586.000000	0.015252
2585.000000	0.015264
2584.000000	0.015276
2583.000000	0.015279
2582.000000	0.015263
2581.000000	0.015219
2580.000000	0.015154
2579.000000	0.015087
2578.000000	0.015044
2577.000000	0.015037
2576.000000	0.015064
2575.000000	0.015111
2574.000000	0.015157
2573.000000	0.015184
2572.000000	0.015178
2571.000000	0.015139
2570.000000	0.015082
2569.000000	0.015025
2568.000000	0.014981
2567.000000	0.014952
2566.000000	0.014933
2565.000000	0.014919
2564.000000	0.014909
2563.000000	0.014907
2562.000000	0.014919
2561.000000	0.014942
2560.000000	0.014961
2559.000000	0.014959
2558.000000	0.014931
2557.000000	0.014895
2556.000000	0.014870
2555.000000	0.014865
2554.000000	0.014874
2553.000000	0.014885
2552.000000	0.014885
2551.000000	0.014867
2550.000000	0.014837
2549.000000	0.014814
2548.000000	0.014814
2547.000000	0.014828
2546.000000	0.014839
2545.000000	0.014838
2544.000000	0.014833
2543.000000	0.014832
2542.000000	0.014833
2541.000000	0.014828
2540.000000	0.014815
2539.000000	0.014803
2538.000000	0.014796
2537.000000	0.014790
2536.000000	0.014775
2535.000000	0.014737
2534.000000	0.014677
2533.000000	0.014620
2532.000000	0.014594
2531.000000	0.014605
2530.000000	0.014634
2529.000000	0.014660
2528.000000	0.014677
2527.000000	0.014683
2526.000000	0.014672
2525.000000	0.014637
2524.000000	0.014587
2523.000000	0.014545
2522.000000	0.014531
2521.000000	0.014556
2520.000000	0.014616
2519.000000	0.014694
2518.000000	0.014761
2517.000000	0.014792
2516.000000	0.014791
2515.000000	0.014783
2514.000000	0.014784
2513.000000	0.014786
2512.000000	0.014767
2511.000000	0.014721
2510.000000	0.014660
2509.000000	0.014605
2508.000000	0.014575
2507.000000	0.014581
2506.000000	0.014624
2505.000000	0.014679
2504.000000	0.014712
2503.000000	0.014694
2502.000000	0.014627
2501.000000	0.014544
2500.000000	0.014474
2499.000000	0.014428
2498.000000	0.014401
2497.000000	0.014396
2496.000000	0.014419
2495.000000	0.014463
2494.000000	0.014505
2493.000000	0.014522
2492.000000	0.014512
2491.000000	0.014490
2490.000000	0.014469
2489.000000	0.014456
2488.000000	0.014452
2487.000000	0.014451
2486.000000	0.014444
2485.000000	0.014423
2484.000000	0.014394
2483.000000	0.014375
2482.000000	0.014376
2481.000000	0.014382
2480.000000	0.014372
2479.000000	0.014339
2478.000000	0.014304
2477.000000	0.014292
2476.000000	0.014308
2475.000000	0.014333
2474.000000	0.014344
2473.000000	0.014335
2472.000000	0.014318
2471.000000	0.014313
2470.000000	0.014329
2469.000000	0.014360
2468.000000	0.014390
2467.000000	0.014407
2466.000000	0.014412
2465.000000	0.014414
2464.000000	0.014410
2463.000000	0.014384
2462.000000	0.014324
2461.000000	0.014248
2460.000000	0.014188
2459.000000	0.014158
2458.000000	0.014143
2457.000000	0.014126
2456.000000	0.014109
2455.000000	0.014109
2454.000000	0.014133
2453.000000	0.014169
2452.000000	0.014199
2451.000000	0.014206
2450.000000	0.014181
2449.000000	0.014130
2448.000000	0.014074
2447.000000	0.014038
2446.000000	0.014022
2445.000000	0.014012
2444.000000	0.013999
2443.000000	0.013988
2442.000000	0.013993
2441.000000	0.014018
2440.000000	0.014057
2439.000000	0.014091
2438.000000	0.014090
2437.000000	0.014040
2436.000000	0.013972
2435.000000	0.013936
2434.000000	0.013956
2433.000000	0.014002
2432.000000	0.014035
2431.000000	0.014045
2430.000000	0.014047
2429.000000	0.014047
2428.000000	0.014039
2427.000000	0.014020
2426.000000	0.013995
2425.000000	0.013968
2424.000000	0.013932
2423.000000	0.013884
2422.000000	0.013828
2421.000000	0.013771
2420.000000	0.013725
2419.000000	0.013703
2418.000000	0.013717
2417.000000	0.013762
2416.000000	0.013820
2415.000000	0.013876
2414.000000	0.013926
2413.000000	0.013961
2412.000000	0.013965
2411.000000	0.013929
2410.000000	0.013869
2409.000000	0.013817
2408.000000	0.013796
2407.000000	0.013798
2406.000000	0.013798
2405.000000	0.013776
2404.000000	0.013741
2403.000000	0.013722
2402.000000	0.013740
2401.000000	0.013787
2400.000000	0.013834
2399.000000	0.013857
2398.000000	0.013851
2397.000000	0.013831
2396.000000	0.013817
2395.000000	0.013813
2394.000000	0.013812
2393.000000	0.013804
2392.000000	0.013790
2391.000000	0.013776
2390.000000	0.013764
2389.000000	0.013749
2388.000000	0.013729
2387.000000	0.013708
2386.000000	0.013687
2385.000000	0.013664
2384.000000	0.013637
2383.000000	0.013609
2382.000000	0.013580
2381.000000	0.013554
2380.000000	0.013537
2379.000000	0.013540
2378.000000	0.013572
2377.000000	0.013620
2376.000000	0.013666
2375.000000	0.013698
2374.000000	0.013718
2373.000000	0.013729
2372.000000	0.013726
2371.000000	0.013704
2370.000000	0.013665
2369.000000	0.013619
2368.000000	0.013572
2367.000000	0.013537
2366.000000	0.013524
2365.000000	0.013539
2364.000000	0.013592
2363.000000	0.013671
2362.000000	0.013739
2361.000000	0.013742
2360.000000	0.013676
2359.000000	0.013590
2358.000000	0.013527
2357.000000	0.013489
2356.000000	0.013473
2355.000000	0.013499
2354.000000	0.013561
2353.000000	0.013608
2352.000000	0.013604
2351.000000	0.013571
2350.000000	0.013545
2349.000000	0.013538
2348.000000	0.013538
2347.000000	0.013530
2346.000000	0.013520
2345.000000	0.013540
2344.000000	0.013592
2343.000000	0.013641
2342.000000	0.013644
2341.000000	0.013602
2340.000000	0.013552
2339.000000	0.013529
2338.000000	0.013522
2337.000000	0.013499
2336.000000	0.013447
2335.000000	0.013384
2334.000000	0.013335
2333.000000	0.013305
2332.000000	0.013300
2331.000000	0.013320
2330.000000	0.013370
2329.000000	0.013432
2328.000000	0.013487
2327.000000	0.013506
2326.000000	0.013473
2325.000000	0.013396
2324.000000	0.013310
2323.000000	0.013252
2322.000000	0.013228
2321.000000	0.013224
2320.000000	0.013228
2319.000000	0.013243
2318.000000	0.013279
2317.000000	0.013323
2316.000000	0.013362
2315.000000	0.013377
2314.000000	0.013373
2313.000000	0.013354
2312.000000	0.013337
2311.000000	0.013330
2310.000000	0.013332
2309.000000	0.013322
2308.000000	0.013283
2307.000000	0.013221
2306.000000	0.013165
2305.000000	0.013136
2304.000000	0.013127
2303.000000	0.013108
2302.000000	0.013066
2301.000000	0.013016
2300.000000	0.012996
2299.000000	0.013025
2298.000000	0.013088
2297.000000	0.013142
2296.000000	0.013151
2295.000000	0.013109
2294.000000	0.013046
2293.000000	0.012992
2292.000000	0.012968
2291.000000	0.012974
2290.000000	0.013009
2289.000000	0.013058
2288.000000	0.013094
2287.000000	0.013084
2286.000000	0.013029
2285.000000	0.012978
2284.000000	0.012988
2283.000000	0.013068
2282.000000	0.013162
2281.000000	0.013209
2280.000000	0.013205
2279.000000	0.013184
2278.000000	0.013163
2277.000000	0.013128
2276.000000	0.013076
2275.000000	0.013041
2274.000000	0.013050
2273.000000	0.013088
2272.000000	0.013116
2271.000000	0.013107
2270.000000	0.013064
2269.000000	0.013006
2268.000000	0.012954
2267.000000	0.012929
2266.000000	0.012931
2265.000000	0.012946
2264.000000	0.012964
2263.000000	0.012990
2262.000000	0.013018
2261.000000	0.013011
2260.000000	0.012942
2259.000000	0.012846
2258.000000	0.012794
2257.000000	0.012812
2256.000000	0.012862
2255.000000	0.012882
2254.000000	0.012853
2253.000000	0.012793
2252.000000	0.012734
2251.000000	0.012704
2250.000000	0.012713
2249.000000	0.012748
2248.000000	0.012776
2247.000000	0.012772
2246.000000	0.012740
2245.000000	0.012699
2244.000000	0.012670
2243.000000	0.012650
2242.000000	0.012627
2241.000000	0.012585
2240.000000	0.012539
2239.000000	0.012526
2238.000000	0.012560
2237.000000	0.012611
2236.000000	0.012635
2235.000000	0.012630
2234.000000	0.012641
2233.000000	0.012691
2232.000000	0.012752
2231.000000	0.012778
2230.000000	0.012747
2229.000000	0.012677
2228.000000	0.012604
2227.000000	0.012564
2226.000000	0.012582
2225.000000	0.012656
2224.000000	0.012764
2223.000000	0.012878
2222.000000	0.012976
2221.000000	0.013036
2220.000000	0.013042
2219.000000	0.012995
2218.000000	0.012918
2217.000000	0.012833
2216.000000	0.012769
2215.000000	0.012754
2214.000000	0.012790
2213.000000	0.012825
2212.000000	0.012787
2211.000000	0.012654
2210.000000	0.012476
2209.000000	0.012341
2208.000000	0.012301
2207.000000	0.012349
2206.000000	0.012435
2205.000000	0.012517
2204.000000	0.012574
2203.000000	0.012602
2202.000000	0.012585
2201.000000	0.012516
2200.000000	0.012432
2199.000000	0.012392
2198.000000	0.012406
2197.000000	0.012427
2196.000000	0.012416
2195.000000	0.012404
2194.000000	0.012431
2193.000000	0.012482
2192.000000	0.012523
2191.000000	0.012580
2190.000000	0.012692
2189.000000	0.012820
2188.000000	0.012861
2187.000000	0.012789
2186.000000	0.012695
2185.000000	0.012671
2184.000000	0.012715
2183.000000	0.012763
2182.000000	0.012783
2181.000000	0.012784
2180.000000	0.012772
2179.000000	0.012740
2178.000000	0.012670
2177.000000	0.012547
2176.000000	0.012392
2175.000000	0.012272
2174.000000	0.012246
2173.000000	0.012281
2172.000000	0.012278
2171.000000	0.012183
2170.000000	0.012035
2169.000000	0.011899
2168.000000	0.011794
2167.000000	0.011708
2166.000000	0.011656
2165.000000	0.011684
2164.000000	0.011822
2163.000000	0.012041
2162.000000	0.012250
2161.000000	0.012328
2160.000000	0.012242
2159.000000	0.012120
2158.000000	0.012114
2157.000000	0.012220
2156.000000	0.012319
2155.000000	0.012352
2154.000000	0.012369
2153.000000	0.012420
2152.000000	0.012470
2151.000000	0.012461
2150.000000	0.012383
2149.000000	0.012272
2148.000000	0.012169
2147.000000	0.012101
2146.000000	0.012074
2145.000000	0.012063
2144.000000	0.012039
2143.000000	0.012010
2142.000000	0.012010
2141.000000	0.012053
2140.000000	0.012113
2139.000000	0.012185
2138.000000	0.012296
2137.000000	0.012436
2136.000000	0.012538
2135.000000	0.012546
2134.000000	0.012486
2133.000000	0.012419
2132.000000	0.012376
2131.000000	0.012348
2130.000000	0.012330
2129.000000	0.012323
2128.000000	0.012325
2127.000000	0.012336
2126.000000	0.012369
2125.000000	0.012425
2124.000000	0.012470
2123.000000	0.012471
2122.000000	0.012442
2121.000000	0.012424
2120.000000	0.012427
2119.000000	0.012424
2118.000000	0.012398
2117.000000	0.012362
2116.000000	0.012327
2115.000000	0.012287
2114.000000	0.012246
2113.000000	0.012237
2112.000000	0.012281
2111.000000	0.012351
2110.000000	0.012395
2109.000000	0.012386
2108.000000	0.012348
2107.000000	0.012321
2106.000000	0.012322
2105.000000	0.012338
2104.000000	0.012345
2103.000000	0.012333
2102.000000	0.012315
2101.000000	0.012307
2100.000000	0.012311
2099.000000	0.012311
2098.000000	0.012291
2097.000000	0.012252
2096.000000	0.012210
2095.000000	0.012188
2094.000000	0.012193
2093.000000	0.012220
2092.000000	0.012258
2091.000000	0.012309
2090.000000	0.012374
2089.000000	0.012430
2088.000000	0.012444
2087.000000	0.012409
2086.000000	0.012354
2085.000000	0.012301
2084.000000	0.012242
2083.000000	0.012161
2082.000000	0.012075
2081.000000	0.012019
2080.000000	0.012011
2079.000000	0.012045
2078.000000	0.012110
2077.000000	0.012190
2076.000000	0.012248
2075.000000	0.012241
2074.000000	0.012162
2073.000000	0.012044
2072.000000	0.011940
2071.000000	0.011888
2070.000000	0.011894
2069.000000	0.011934
2068.000000	0.011980
2067.000000	0.012023
2066.000000	0.012070
2065.000000	0.012109
2064.000000	0.012100
2063.000000	0.012019
2062.000000	0.011895
2061.000000	0.011794
2060.000000	0.011762
2059.000000	0.011814
2058.000000	0.011934
2057.000000	0.012078
2056.000000	0.012178
2055.000000	0.012180
2054.000000	0.012092
2053.000000	0.011972
2052.000000	0.011871
2051.000000	0.011806
2050.000000	0.011769
2049.000000	0.011748
2048.000000	0.011733
2047.000000	0.011722
2046.000000	0.011723
2045.000000	0.011738
2044.000000	0.011744
2043.000000	0.011706
2042.000000	0.011594
2041.000000	0.011405
2040.000000	0.011190
2039.000000	0.011072
2038.000000	0.011182
2037.000000	0.011528
2036.000000	0.011949
2035.000000	0.012248
2034.000000	0.012365
2033.000000	0.012366
2032.000000	0.012311
2031.000000	0.012182
2030.000000	0.011973
2029.000000	0.011761
2028.000000	0.011667
2027.000000	0.011742
2026.000000	0.011926
2025.000000	0.012090
2024.000000	0.012132
2023.000000	0.012057
2022.000000	0.011956
2021.000000	0.011892
2020.000000	0.011827
2019.000000	0.011683
2018.000000	0.011461
2017.000000	0.011256
2016.000000	0.011144
2015.000000	0.011111
2014.000000	0.011113
2013.000000	0.011141
2012.000000	0.011235
2011.000000	0.011424
2010.000000	0.011696
2009.000000	0.011981
2008.000000	0.012181
2007.000000	0.012240
2006.000000	0.012199
2005.000000	0.012156
2004.000000	0.012153
2003.000000	0.012133
2002.000000	0.012015
2001.000000	0.011808
2000.000000	0.011600
1999.000000	0.011464
1998.000000	0.011391
1997.000000	0.011339
1996.000000	0.011310
1995.000000	0.011343
1994.000000	0.011443
1993.000000	0.011542
1992.000000	0.011553
1991.000000	0.011470
1990.000000	0.011370
1989.000000	0.011333
1988.000000	0.011378
1987.000000	0.011482
1986.000000	0.011628
1985.000000	0.011789
1984.000000	0.011895
1983.000000	0.011863
1982.000000	0.011688
1981.000000	0.011473
1980.000000	0.011347
1979.000000	0.011346
1978.000000	0.011392
1977.000000	0.011388
1976.000000	0.011313
1975.000000	0.011198
1974.000000	0.011064
1973.000000	0.010918
1972.000000	0.010789
1971.000000	0.010734
1970.000000	0.010785
1969.000000	0.010919
1968.000000	0.011096
1967.000000	0.011298
1966.000000	0.011514
1965.000000	0.011687
1964.000000	0.011755
1963.000000	0.011721
1962.000000	0.011663
1961.000000	0.011642
1960.000000	0.011624
1959.000000	0.011525
1958.000000	0.011318
1957.000000	0.011069
1956.000000	0.010879
1955.000000	0.010813
1954.000000	0.010851
1953.000000	0.010909
1952.000000	0.010899
1951.000000	0.010809
1950.000000	0.010719
1949.000000	0.010723
1948.000000	0.010829
1947.000000	0.010962
1946.000000	0.011046
1945.000000	0.011073
1944.000000	0.011080
1943.000000	0.011095
1942.000000	0.011112
1941.000000	0.011117
1940.000000	0.011113
1939.000000	0.011124
1938.000000	0.011166
1937.000000	0.011221
1936.000000	0.011225
1935.000000	0.011126
1934.000000	0.010948
1933.000000	0.010789
1932.000000	0.010734
1931.000000	0.010782
1930.000000	0.010862
1929.000000	0.010909
1928.000000	0.010910
1927.000000	0.010891
1926.000000	0.010874
1925.000000	0.010873
1924.000000	0.010885
1923.000000	0.010901
1922.000000	0.010907
1921.000000	0.010894
1920.000000	0.010861
1919.000000	0.010821
1918.000000	0.010789
1917.000000	0.010778
1916.000000	0.010789
1915.000000	0.010804
1914.000000	0.010802
1913.000000	0.010781
1912.000000	0.010757
1911.000000	0.010750
1910.000000	0.010751
1909.000000	0.010738
1908.000000	0.010704
1907.000000	0.010671
1906.000000	0.010662
1905.000000	0.010684
1904.000000	0.010726
1903.000000	0.010780
1902.000000	0.010824
1901.000000	0.010824
1900.000000	0.010762
1899.000000	0.010667
1898.000000	0.010597
1897.000000	0.010581
1896.000000	0.010599
1895.000000	0.010615
1894.000000	0.010629
1893.000000	0.010663
1892.000000	0.010724
1891.000000	0.010792
1890.000000	0.010827
1889.000000	0.010799
1888.000000	0.010712
1887.000000	0.010602
1886.000000	0.010517
1885.000000	0.010486
1884.000000	0.010509
1883.000000	0.010554
1882.000000	0.010575
1881.000000	0.010549
1880.000000	0.010497
1879.000000	0.010473
1878.000000	0.010499
1877.000000	0.010535
1876.000000	0.010518
1875.000000	0.010435
1874.000000	0.010338
1873.000000	0.010272
1872.000000	0.010234
1871.000000	0.010200
1870.000000	0.010172
1869.000000	0.010182
1868.000000	0.010230
1867.000000	0.010282
1866.000000	0.010297
1865.000000	0.010261
1864.000000	0.010193
1863.000000	0.010119
1862.000000	0.010061
1861.000000	0.010015
1860.000000	0.009968
1859.000000	0.009918
1858.000000	0.009883
1857.000000	0.009881
1856.000000	0.009913
1855.000000	0.009967
1854.000000	0.010027
1853.000000	0.010075
1852.000000	0.010086
1851.000000	0.010055
1850.000000	0.010000
1849.000000	0.009948
1848.000000	0.009906
1847.000000	0.009870
1846.000000	0.009839
1845.000000	0.009815
1844.000000	0.009792
1843.000000	0.009770
1842.000000	0.009764
1841.000000	0.009786
1840.000000	0.009828
1839.000000	0.009860
1838.000000	0.009862
1837.000000	0.009831
1836.000000	0.009777
1835.000000	0.009707
1834.000000	0.009638
1833.000000	0.009590
1832.000000	0.009575
1831.000000	0.009595
1830.000000	0.009627
1829.000000	0.009647
1828.000000	0.009642
1827.000000	0.009616
1826.000000	0.009579
1825.000000	0.009552
1824.000000	0.009543
1823.000000	0.009543
1822.000000	0.009539
1821.000000	0.009532
1820.000000	0.009527
1819.000000	0.009519
1818.000000	0.009501
1817.000000	0.009471
1816.000000	0.009436
1815.000000	0.009406
1814.000000	0.009383
1813.000000	0.009366
1812.000000	0.009357
1811.000000	0.009349
1810.000000	0.009335
1809.000000	0.009312
1808.000000	0.009282
1807.000000	0.009252
1806.000000	0.009223
1805.000000	0.009184
1804.000000	0.009121
1803.000000	0.009038
1802.000000	0.008963
1801.000000	0.008922
1800.000000	0.008924
1799.000000	0.008953
1798.000000	0.008986
1797.000000	0.009001
1796.000000	0.008988
1795.000000	0.008958
1794.000000	0.008930
1793.000000	0.008908
1792.000000	0.008883
1791.000000	0.008857
1790.000000	0.008850
1789.000000	0.008861
1788.000000	0.008862
1787.000000	0.008832
1786.000000	0.008782
1785.000000	0.008744
1784.000000	0.008732
1783.000000	0.008743
1782.000000	0.008764
1781.000000	0.008772
1780.000000	0.008750
1779.000000	0.008702
1778.000000	0.008655
1777.000000	0.008630
1776.000000	0.008626
1775.000000	0.008636
1774.000000	0.008650
1773.000000	0.008655
1772.000000	0.008619
1771.000000	0.008534
1770.000000	0.008433
1769.000000	0.008354
1768.000000	0.008307
1767.000000	0.008291
1766.000000	0.008309
1765.000000	0.008348
1764.000000	0.008384
1763.000000	0.008386
1762.000000	0.008349
1761.000000	0.008299
1760.000000	0.008265
1759.000000	0.008250
1758.000000	0.008239
1757.000000	0.008221
1756.000000	0.008192
1755.000000	0.008172
1754.000000	0.008183
1753.000000	0.008227
1752.000000	0.008276
1751.000000	0.008297
1750.000000	0.008294
1749.000000	0.008295
1748.000000	0.008301
1747.000000	0.008300
1746.000000	0.008302
1745.000000	0.008326
1744.000000	0.008361
1743.000000	0.008379
1742.000000	0.008380
1741.000000	0.008396
1740.000000	0.008427
1739.000000	0.008438
1738.000000	0.008432
1737.000000	0.008448
1736.000000	0.008501
1735.000000	0.008552
1734.000000	0.008549
1733.000000	0.008505
1732.000000	0.008477
1731.000000	0.008472
1730.000000	0.008479
1729.000000	0.008494
1728.000000	0.008512
1727.000000	0.008529
1726.000000	0.008552
1725.000000	0.008594
1724.000000	0.008639
1723.000000	0.008655
1722.000000	0.008653
1721.000000	0.008684
1720.000000	0.008772
1719.000000	0.008888
1718.000000	0.008980
1717.000000	0.009023
1716.000000	0.009032
1715.000000	0.009024
1714.000000	0.009033
1713.000000	0.009109
1712.000000	0.009265
1711.000000	0.009473
1710.000000	0.009730
1709.000000	0.010056
1708.000000	0.010451
1707.000000	0.010899
1706.000000	0.011406
1705.000000	0.011979
1704.000000	0.012583
1703.000000	0.013208
1702.000000	0.013964
1701.000000	0.015027
1700.000000	0.016303
1699.000000	0.017419
1698.000000	0.018266
1697.000000	0.018983
1696.000000	0.019647
1695.000000	0.020229
1694.000000	0.020739
1693.000000	0.021252
1692.000000	0.021836
1691.000000	0.022505
1690.000000	0.023241
1689.000000	0.024009
1688.000000	0.024774
1687.000000	0.025533
1686.000000	0.026347
1685.000000	0.027303
1684.000000	0.028306
1683.000000	0.029147
1682.000000	0.029859
1681.000000	0.030580
1680.000000	0.031361
1679.000000	0.032170
1678.000000	0.032981
1677.000000	0.033838
1676.000000	0.034792
1675.000000	0.035811
1674.000000	0.036813
1673.000000	0.037776
1672.000000	0.038732
1671.000000	0.039710
1670.000000	0.040731
1669.000000	0.041785
1668.000000	0.042823
1667.000000	0.043794
1666.000000	0.044720
1665.000000	0.045688
1664.000000	0.046761
1663.000000	0.047890
1662.000000	0.048978
1661.000000	0.049995
1660.000000	0.050976
1659.000000	0.051926
1658.000000	0.052822
1657.000000	0.053651
1656.000000	0.054422
1655.000000	0.055160
1654.000000	0.055916
1653.000000	0.056685
1652.000000	0.057358
1651.000000	0.057856
1650.000000	0.058185
1649.000000	0.058438
1648.000000	0.058674
1647.000000	0.058877
1646.000000	0.059024
1645.000000	0.059155
1644.000000	0.059268
1643.000000	0.059320
1642.000000	0.059306
1641.000000	0.059266
1640.000000	0.059242
1639.000000	0.059231
1638.000000	0.059194
1637.000000	0.059096
1636.000000	0.058926
1635.000000	0.058725
1634.000000	0.058578
1633.000000	0.058512
1632.000000	0.058492
1631.000000	0.058480
1630.000000	0.058470
1629.000000	0.058490
1628.000000	0.058570
1627.000000	0.058711
1626.000000	0.058891
1625.000000	0.059099
1624.000000	0.059328
1623.000000	0.059547
1622.000000	0.059727
1621.000000	0.059872
1620.000000	0.059984
1619.000000	0.060027
1618.000000	0.059925
1617.000000	0.059620
1616.000000	0.059132
1615.000000	0.058528
1614.000000	0.057825
1613.000000	0.057005
1612.000000	0.056073
1611.000000	0.055059
1610.000000	0.053983
1609.000000	0.052847
1608.000000	0.051675
1607.000000	0.050513
1606.000000	0.049389
1605.000000	0.048285
1604.000000	0.047192
1603.000000	0.046125
1602.000000	0.045096
1601.000000	0.044099
1600.000000	0.043146
1599.000000	0.042264
1598.000000	0.041456
1597.000000	0.040692
1596.000000	0.039961
1595.000000	0.039281
1594.000000	0.038655
1593.000000	0.038056
1592.000000	0.037476
1591.000000	0.036941
1590.000000	0.036461
1589.000000	0.036009
1588.000000	0.035571
1587.000000	0.035177
1586.000000	0.034841
1585.000000	0.034536
1584.000000	0.034242
1583.000000	0.033986
1582.000000	0.033784
1581.000000	0.033612
1580.000000	0.033464
1579.000000	0.033369
1578.000000	0.033344
1577.000000	0.033351
1576.000000	0.033356
1575.000000	0.033393
1574.000000	0.033481
1573.000000	0.033578
1572.000000	0.033670
1571.000000	0.033814
1570.000000	0.034066
1569.000000	0.034394
1568.000000	0.034739
1567.000000	0.035116
1566.000000	0.035553
1565.000000	0.036033
1564.000000	0.036520
1563.000000	0.037009
1562.000000	0.037518
1561.000000	0.038088
1560.000000	0.038880
1559.000000	0.039965
1558.000000	0.041006
1557.000000	0.041837
1556.000000	0.042554
1555.000000	0.043313
1554.000000	0.044171
1553.000000	0.045049
1552.000000	0.045886
1551.000000	0.046732
1550.000000	0.047634
1549.000000	0.048529
1548.000000	0.049324
1547.000000	0.050021
1546.000000	0.050689
1545.000000	0.051356
1544.000000	0.051990
1543.000000	0.052582
1542.000000	0.053172
1541.000000	0.053786
1540.000000	0.054363
1539.000000	0.054846
1538.000000	0.055239
1537.000000	0.055531
1536.000000	0.055747
1535.000000	0.055955
1534.000000	0.056213
1533.000000	0.056504
1532.000000	0.056793
1531.000000	0.057082
1530.000000	0.057369
1529.000000	0.057636
1528.000000	0.057877
1527.000000	0.058111
1526.000000	0.058351
1525.000000	0.058578
1524.000000	0.058780
1523.000000	0.058993
1522.000000	0.059258
1521.000000	0.059557
1520.000000	0.059851
1519.000000	0.060138
1518.000000	0.060421
1517.000000	0.060671
1516.000000	0.060850
1515.000000	0.060937
1514.000000	0.060905
1513.000000	0.060717
1512.000000	0.060401
1511.000000	0.060045
1510.000000	0.059697
1509.000000	0.059304
1508.000000	0.058768
1507.000000	0.058020
1506.000000	0.057169
1505.000000	0.056426
1504.000000	0.055788
1503.000000	0.055157
1502.000000	0.054469
1501.000000	0.053699
1500.000000	0.052879
1499.000000	0.052060
1498.000000	0.051241
1497.000000	0.050387
1496.000000	0.049524
1495.000000	0.048719
1494.000000	0.047959
1493.000000	0.047168
1492.000000	0.046309
1491.000000	0.045418
1490.000000	0.044553
1489.000000	0.043731
1488.000000	0.042951
1487.000000	0.042201
1486.000000	0.041474
1485.000000	0.040776
1484.000000	0.040117
1483.000000	0.039501
1482.000000	0.038923
1481.000000	0.038389
1480.000000	0.037919
1479.000000	0.037524
1478.000000	0.037199
1477.000000	0.036955
1476.000000	0.036801
1475.000000	0.036722
1474.000000	0.036689
1473.000000	0.036672
1472.000000	0.036660
1471.000000	0.036658
1470.000000	0.036659
1469.000000	0.036646
1468.000000	0.036625
1467.000000	0.036626
1466.000000	0.036675
1465.000000	0.036772
1464.000000	0.036894
1463.000000	0.037020
1462.000000	0.037136
1461.000000	0.037245
1460.000000	0.037372
1459.000000	0.037566
1458.000000	0.037878
1457.000000	0.038305
1456.000000	0.038754
1455.000000	0.039133
1454.000000	0.039405
1453.000000	0.039588
1452.000000	0.039704
1451.000000	0.039759
1450.000000	0.039752
1449.000000	0.039682
1448.000000	0.039558
1447.000000	0.039395
1446.000000	0.039199
1445.000000	0.038960
1444.000000	0.038688
1443.000000	0.038403
1442.000000	0.038120
1441.000000	0.037828
1440.000000	0.037516
1439.000000	0.037171
1438.000000	0.036787
1437.000000	0.036392
1436.000000	0.036052
1435.000000	0.035798
1434.000000	0.035583
1433.000000	0.035355
1432.000000	0.035123
1431.000000	0.034922
1430.000000	0.034763
1429.000000	0.034638
1428.000000	0.034551
1427.000000	0.034502
1426.000000	0.034480
1425.000000	0.034486
1424.000000	0.034541
1423.000000	0.034647
1422.000000	0.034767
1421.000000	0.034886
1420.000000	0.035043
1419.000000	0.035277
1418.000000	0.035546
1417.000000	0.035803
1416.000000	0.036052
1415.000000	0.036313
1414.000000	0.036579
1413.000000	0.036829
1412.000000	0.037063
1411.000000	0.037286
1410.000000	0.037488
1409.000000	0.037659
1408.000000	0.037809
1407.000000	0.037959
1406.000000	0.038117
1405.000000	0.038277
1404.000000	0.038428
1403.000000	0.038562
1402.000000	0.038663
1401.000000	0.038727
1400.000000	0.038784
1399.000000	0.038872
1398.000000	0.038992
1397.000000	0.039122
1396.000000	0.039243
1395.000000	0.039355
1394.000000	0.039456
1393.000000	0.039541
1392.000000	0.039603
1391.000000	0.039636
1390.000000	0.039639
1389.000000	0.039628
1388.000000	0.039641
1387.000000	0.039704
1386.000000	0.039796
1385.000000	0.039868
1384.000000	0.039897
1383.000000	0.039881
1382.000000	0.039817
1381.000000	0.039691
1380.000000	0.039507
1379.000000	0.039289
1378.000000	0.039063
1377.000000	0.038836
1376.000000	0.038610
1375.000000	0.038391
1374.000000	0.038183
1373.000000	0.037985
1372.000000	0.037795
1371.000000	0.037606
1370.000000	0.037400
1369.000000	0.037167
1368.000000	0.036913
1367.000000	0.036647
1366.000000	0.036357
1365.000000	0.036032
1364.000000	0.035702
1363.000000	0.035421
1362.000000	0.035203
1361.000000	0.035017
1360.000000	0.034837
1359.000000	0.034669
1358.000000	0.034527
1357.000000	0.034414
1356.000000	0.034329
1355.000000	0.034271
1354.000000	0.034224
1353.000000	0.034171
1352.000000	0.034123
1351.000000	0.034105
1350.000000	0.034115
1349.000000	0.034128
1348.000000	0.034141
1347.000000	0.034174
1346.000000	0.034236
1345.000000	0.034307
1344.000000	0.034373
1343.000000	0.034433
1342.000000	0.034482
1341.000000	0.034515
1340.000000	0.034540
1339.000000	0.034564
1338.000000	0.034574
1337.000000	0.034552
1336.000000	0.034512
1335.000000	0.034480
1334.000000	0.034452
1333.000000	0.034404
1332.000000	0.034335
1331.000000	0.034269
1330.000000	0.034207
1329.000000	0.034128
1328.000000	0.034032
1327.000000	0.033954
1326.000000	0.033911
1325.000000	0.033884
1324.000000	0.033860
1323.000000	0.033848
1322.000000	0.033850
1321.000000	0.033851
1320.000000	0.033851
1319.000000	0.033866
1318.000000	0.033903
1317.000000	0.033948
1316.000000	0.034002
1315.000000	0.034077
1314.000000	0.034166
1313.000000	0.034239
1312.000000	0.034284
1311.000000	0.034314
1310.000000	0.034334
1309.000000	0.034331
1308.000000	0.034314
1307.000000	0.034313
1306.000000	0.034338
1305.000000	0.034369
1304.000000	0.034393
1303.000000	0.034418
1302.000000	0.034445
1301.000000	0.034454
1300.000000	0.034438
1299.000000	0.034411
1298.000000	0.034380
1297.000000	0.034339
1296.000000	0.034285
1295.000000	0.034233
1294.000000	0.034184
1293.000000	0.034127
1292.000000	0.034069
1291.000000	0.034034
1290.000000	0.034015
1289.000000	0.033985
1288.000000	0.033936
1287.000000	0.033897
1286.000000	0.033884
1285.000000	0.033876
1284.000000	0.033859
1283.000000	0.033845
1282.000000	0.033841
1281.000000	0.033840
1280.000000	0.033841
1279.000000	0.033859
1278.000000	0.033902
1277.000000	0.033954
1276.000000	0.034005
1275.000000	0.034063
1274.000000	0.034123
1273.000000	0.034172
1272.000000	0.034214
1271.000000	0.034280
1270.000000	0.034379
1269.000000	0.034492
1268.000000	0.034600
1267.000000	0.034708
1266.000000	0.034819
1265.000000	0.034926
1264.000000	0.035033
1263.000000	0.035158
1262.000000	0.035298
1261.000000	0.035441
1260.000000	0.035590
1259.000000	0.035763
1258.000000	0.035954
1257.000000	0.036142
1256.000000	0.036330
1255.000000	0.036543
1254.000000	0.036780
1253.000000	0.037010
1252.000000	0.037221
1251.000000	0.037428
1250.000000	0.037632
1249.000000	0.037815
1248.000000	0.037972
1247.000000	0.038123
1246.000000	0.038278
1245.000000	0.038426
1244.000000	0.038569
1243.000000	0.038721
1242.000000	0.038871
1241.000000	0.038989
1240.000000	0.039062
1239.000000	0.039111
1238.000000	0.039147
1237.000000	0.039166
1236.000000	0.039170
1235.000000	0.039167
1234.000000	0.039144
1233.000000	0.039078
1232.000000	0.038980
1231.000000	0.038884
1230.000000	0.038795
1229.000000	0.038684
1228.000000	0.038546
1227.000000	0.038407
1226.000000	0.038270
1225.000000	0.038099
1224.000000	0.037891
1223.000000	0.037688
1222.000000	0.037523
1221.000000	0.037381
1220.000000	0.037239
1219.000000	0.037097
1218.000000	0.036948
1217.000000	0.036772
1216.000000	0.036577
1215.000000	0.036403
1214.000000	0.036260
1213.000000	0.036104
1212.000000	0.035899
1211.000000	0.035663
1210.000000	0.035431
1209.000000	0.035211
1208.000000	0.034998
1207.000000	0.034798
1206.000000	0.034611
1205.000000	0.034420
1204.000000	0.034215
1203.000000	0.034001
1202.000000	0.033778
1201.000000	0.033539
1200.000000	0.033297
1199.000000	0.033077
1198.000000	0.032878
1197.000000	0.032682
1196.000000	0.032499
1195.000000	0.032353
1194.000000	0.032229
1193.000000	0.032081
1192.000000	0.031904
1191.000000	0.031745
1190.000000	0.031623
1189.000000	0.031513
1188.000000	0.031403
1187.000000	0.031325
1186.000000	0.031293
1185.000000	0.031275
1184.000000	0.031246
1183.000000	0.031219
1182.000000	0.031211
1181.000000	0.031219
1180.000000	0.031249
1179.000000	0.031325
1178.000000	0.031447
1177.000000	0.031601
1176.000000	0.031801
1175.000000	0.032076
1174.000000	0.032399
1173.000000	0.032693
1172.000000	0.032920
1171.000000	0.033105
1170.000000	0.033279
1169.000000	0.033447
1168.000000	0.033624
1167.000000	0.033841
1166.000000	0.034081
1165.000000	0.034285
1164.000000	0.034421
1163.000000	0.034510
1162.000000	0.034558
1161.000000	0.034538
1160.000000	0.034448
1159.000000	0.034338
1158.000000	0.034238
1157.000000	0.034132
1156.000000	0.034006
1155.000000	0.033878
1154.000000	0.033746
1153.000000	0.033585
1152.000000	0.033403
1151.000000	0.033244
1150.000000	0.033109
1149.000000	0.032949
1148.000000	0.032743
1147.000000	0.032534
1146.000000	0.032350
1145.000000	0.032163
1144.000000	0.031954
1143.000000	0.031758
1142.000000	0.031608
1141.000000	0.031501
1140.000000	0.031423
1139.000000	0.031373
1138.000000	0.031320
1137.000000	0.031219
1136.000000	0.031075
1135.000000	0.030948
1134.000000	0.030869
1133.000000	0.030809
1132.000000	0.030749
1131.000000	0.030700
1130.000000	0.030641
1129.000000	0.030528
1128.000000	0.030377
1127.000000	0.030266
1126.000000	0.030226
1125.000000	0.030198
1124.000000	0.030126
1123.000000	0.030030
1122.000000	0.029942
1121.000000	0.029855
1120.000000	0.029766
1119.000000	0.029698
1118.000000	0.029655
1117.000000	0.029600
1116.000000	0.029522
1115.000000	0.029458
1114.000000	0.029422
1113.000000	0.029380
1112.000000	0.029318
1111.000000	0.029263
1110.000000	0.029221
1109.000000	0.029174
1108.000000	0.029139
1107.000000	0.029166
1106.000000	0.029237
1105.000000	0.029270
1104.000000	0.029235
1103.000000	0.029198
1102.000000	0.029209
1101.000000	0.029242
1100.000000	0.029266
1099.000000	0.029302
1098.000000	0.029366
1097.000000	0.029440
1096.000000	0.029520
1095.000000	0.029634
1094.000000	0.029774
1093.000000	0.029905
1092.000000	0.030040
1091.000000	0.030237
1090.000000	0.030493
1089.000000	0.030728
1088.000000	0.030916
1087.000000	0.031125
1086.000000	0.031401
1085.000000	0.031708
1084.000000	0.032006
1083.000000	0.032307
1082.000000	0.032617
1081.000000	0.032906
1080.000000	0.033178
1079.000000	0.033473
1078.000000	0.033777
1077.000000	0.034021
1076.000000	0.034200
1075.000000	0.034399
1074.000000	0.034653
1073.000000	0.034879
1072.000000	0.035014
1071.000000	0.035104
1070.000000	0.035211
1069.000000	0.035323
1068.000000	0.035406
1067.000000	0.035461
1066.000000	0.035488
1065.000000	0.035459
1064.000000	0.035382
1063.000000	0.035311
1062.000000	0.035258
1061.000000	0.035176
1060.000000	0.035056
1059.000000	0.034955
1058.000000	0.034882
1057.000000	0.034775
1056.000000	0.034612
1055.000000	0.034461
1054.000000	0.034366
1053.000000	0.034269
1052.000000	0.034116
1051.000000	0.033931
1050.000000	0.033744
1049.000000	0.033540
1048.000000	0.033321
1047.000000	0.033135
1046.000000	0.032981
1045.000000	0.032790
1044.000000	0.032539
1043.000000	0.032302
1042.000000	0.032141
1041.000000	0.032035
1040.000000	0.031941
1039.000000	0.031851
1038.000000	0.031742
1037.000000	0.031580
1036.000000	0.031395
1035.000000	0.031269
1034.000000	0.031212
1033.000000	0.031134
1032.000000	0.030975
1031.000000	0.030780
1030.000000	0.030597
1029.000000	0.030408
1028.000000	0.030197
1027.000000	0.029990
1026.000000	0.029783
1025.000000	0.029526
1024.000000	0.029208
1023.000000	0.028896
1022.000000	0.028624
1021.000000	0.028365
1020.000000	0.028115
1019.000000	0.027931
1018.000000	0.027825
1017.000000	0.027719
1016.000000	0.027548
1015.000000	0.027335
1014.000000	0.027122
1013.000000	0.026924
1012.000000	0.026774
1011.000000	0.026717
1010.000000	0.026713
1009.000000	0.026647
1008.000000	0.026462
1007.000000	0.026223
1006.000000	0.026004
1005.000000	0.025811
1004.000000	0.025642
1003.000000	0.025517
1002.000000	0.025432
1001.000000	0.025347
1000.000000	0.025265
999.000000	0.025218
998.000000	0.025180
997.000000	0.025077
996.000000	0.024920
995.000000	0.024810
994.000000	0.024789
993.000000	0.024786
992.000000	0.024742
991.000000	0.024682
990.000000	0.024627
989.000000	0.024546
988.000000	0.024434
987.000000	0.024354
986.000000	0.024345
985.000000	0.024372
984.000000	0.024417
983.000000	0.024516
982.000000	0.024661
981.000000	0.024771
980.000000	0.024804
979.000000	0.024815
978.000000	0.024862
977.000000	0.024945
976.000000	0.025066
975.000000	0.025257
974.000000	0.025509
973.000000	0.025748
972.000000	0.025936
971.000000	0.026113
970.000000	0.026298
969.000000	0.026451
968.000000	0.026549
967.000000	0.026632
966.000000	0.026713
965.000000	0.026748
964.000000	0.026719
963.000000	0.026675
962.000000	0.026640
961.000000	0.026590
960.000000	0.026535
959.000000	0.026536
958.000000	0.026593
957.000000	0.026608
956.000000	0.026512
955.000000	0.026346
954.000000	0.026178
953.000000	0.026021
952.000000	0.025880
951.000000	0.025774
950.000000	0.025680
949.000000	0.025547
948.000000	0.025390
947.000000	0.025298
946.000000	0.025290
945.000000	0.025276
944.000000	0.025194
943.000000	0.025095
942.000000	0.025035
941.000000	0.024989
940.000000	0.024921
939.000000	0.024847
938.000000	0.024786
937.000000	0.024719
936.000000	0.024641
935.000000	0.024579
934.000000	0.024523
933.000000	0.024425
932.000000	0.024295
931.000000	0.024201
930.000000	0.024151
929.000000	0.024070
928.000000	0.023938
927.000000	0.023826
926.000000	0.023780
925.000000	0.023751
924.000000	0.023692
923.000000	0.023631
922.000000	0.023585
921.000000	0.023520
920.000000	0.023421
919.000000	0.023328
918.000000	0.023250
917.000000	0.023146
916.000000	0.023023
915.000000	0.022954
914.000000	0.022959
913.000000	0.022968
912.000000	0.022940
911.000000	0.022914
910.000000	0.022902
909.000000	0.022844
908.000000	0.022724
907.000000	0.022628
906.000000	0.022620
905.000000	0.022663
904.000000	0.022707
903.000000	0.022750
902.000000	0.022776
901.000000	0.022733
900.000000	0.022639
899.000000	0.022589
898.000000	0.022621
897.000000	0.022665
896.000000	0.022662
895.000000	0.022640
894.000000	0.022611
893.000000	0.022528
892.000000	0.022380
891.000000	0.022240
890.000000	0.022140
889.000000	0.022032
888.000000	0.021905
887.000000	0.021842
886.000000	0.021886
885.000000	0.021961
884.000000	0.021986
883.000000	0.021963
882.000000	0.021914
881.000000	0.021834
880.000000	0.021764
879.000000	0.021788
878.000000	0.021901
877.000000	0.021982
876.000000	0.021968
875.000000	0.021933
874.000000	0.021937
873.000000	0.021938
872.000000	0.021892
871.000000	0.021842
870.000000	0.021819
869.000000	0.021789
868.000000	0.021735
867.000000	0.021701
866.000000	0.021685
865.000000	0.021618
864.000000	0.021495
863.000000	0.021412
862.000000	0.021418
861.000000	0.021451
860.000000	0.021462
859.000000	0.021492
858.000000	0.021562
857.000000	0.021602
856.000000	0.021569
855.000000	0.021523
854.000000	0.021517
853.000000	0.021526
852.000000	0.021529
851.000000	0.021560
850.000000	0.021621
849.000000	0.021656
848.000000	0.021651
847.000000	0.021662
846.000000	0.021692
845.000000	0.021676
844.000000	0.021615
843.000000	0.021603
842.000000	0.021677
841.000000	0.021759
840.000000	0.021804
839.000000	0.021866
838.000000	0.021964
837.000000	0.022032
836.000000	0.022049
835.000000	0.022090
834.000000	0.022180
833.000000	0.022245
832.000000	0.022266
831.000000	0.022338
830.000000	0.022507
829.000000	0.022669
828.000000	0.022736
827.000000	0.022759
826.000000	0.022812
825.000000	0.022861
824.000000	0.022866
823.000000	0.022865
822.000000	0.022885
821.000000	0.022885
820.000000	0.022862
819.000000	0.022884
818.000000	0.022964
817.000000	0.023022
816.000000	0.023037
815.000000	0.023094
814.000000	0.023230
813.000000	0.023357
812.000000	0.023398
811.000000	0.023388
810.000000	0.023380
809.000000	0.023370
808.000000	0.023375
807.000000	0.023442
806.000000	0.023543
805.000000	0.023589
804.000000	0.023591
803.000000	0.023664
802.000000	0.023815
801.000000	0.023902
800.000000	0.023861
799.000000	0.023810
798.000000	0.023856
797.000000	0.023947
796.000000	0.023996
795.000000	0.024022
794.000000	0.024063
793.000000	0.024102
792.000000	0.024147
791.000000	0.024253
790.000000	0.024410
789.000000	0.024528
788.000000	0.024602
787.000000	0.024735
786.000000	0.024964
785.000000	0.025181
784.000000	0.025322
783.000000	0.025460
782.000000	0.025660
781.000000	0.025877
780.000000	0.026066
779.000000	0.026256
778.000000	0.026451
777.000000	0.026594
776.000000	0.026687
775.000000	0.026831
774.000000	0.027064
773.000000	0.027305
772.000000	0.027501
771.000000	0.027696
770.000000	0.027906
769.000000	0.028063
768.000000	0.028152
767.000000	0.028255
766.000000	0.028406
765.000000	0.028533
764.000000	0.028603
763.000000	0.028686
762.000000	0.028802
761.000000	0.028877
760.000000	0.028904
759.000000	0.028987
758.000000	0.029166
757.000000	0.029344
756.000000	0.029460
755.000000	0.029571
754.000000	0.029707
753.000000	0.029817
752.000000	0.029911
751.000000	0.030088
750.000000	0.030334
749.000000	0.030476
748.000000	0.030449
747.000000	0.030411
746.000000	0.030502
745.000000	0.030651
744.000000	0.030728
743.000000	0.030744
742.000000	0.030763
741.000000	0.030772
740.000000	0.030736
739.000000	0.030680
738.000000	0.030617
737.000000	0.030515
736.000000	0.030417
735.000000	0.030447
734.000000	0.030623
733.000000	0.030804
732.000000	0.030901
731.000000	0.030997
730.000000	0.031174
729.000000	0.031377
728.000000	0.031534
727.000000	0.031675
726.000000	0.031854
725.000000	0.032074
724.000000	0.032351
723.000000	0.032719
722.000000	0.033102
721.000000	0.033357
720.000000	0.033510
719.000000	0.033776
718.000000	0.034250
717.000000	0.034755
716.000000	0.035101
715.000000	0.035311
714.000000	0.035502
713.000000	0.035732
712.000000	0.036051
711.000000	0.036538
710.000000	0.037146
709.000000	0.037671
708.000000	0.038010
707.000000	0.038302
706.000000	0.038710
705.000000	0.039214
704.000000	0.039716
703.000000	0.040216
702.000000	0.040743
701.000000	0.041236
700.000000	0.041621
699.000000	0.041881
698.000000	0.041979
697.000000	0.041858
696.000000	0.041592
695.000000	0.041394
694.000000	0.041364
693.000000	0.041403
692.000000	0.041434
691.000000	0.041512
690.000000	0.041634
689.000000	0.041662
688.000000	0.041564
687.000000	0.041525
686.000000	0.041661
685.000000	0.041839
684.000000	0.041935
683.000000	0.042033
682.000000	0.042245
681.000000	0.042499
680.000000	0.042674
679.000000	0.042767
678.000000	0.042795
677.000000	0.042747
676.000000	0.042701
675.000000	0.042812
674.000000	0.043071
673.000000	0.043284
672.000000	0.043342
671.000000	0.043341
670.000000	0.043351
669.000000	0.043282
668.000000	0.043182
667.000000	0.043338
666.000000	0.043641
665.000000	0.043897
664.000000	0.044088
663.000000	0.044302
662.000000	0.044572
661.000000	0.044784
660.000000	0.044859
659.000000	0.044903
658.000000	0.045027
657.000000	0.045182
656.000000	0.045269
655.000000	0.045270
654.000000	0.045200
653.000000	0.045064
652.000000	0.044937
651.000000	0.044969
650.000000	0.045205
649.000000	0.045514
648.000000	0.045792
647.000000	0.046078
646.000000	0.046386
645.000000	0.046616
644.000000	0.046729
643.000000	0.046836
642.000000	0.046989
641.000000	0.047076
640.000000	0.047051
639.000000	0.047054
638.000000	0.047176
637.000000	0.047295
636.000000	0.047310
635.000000	0.047344
634.000000	0.047535
633.000000	0.047792
632.000000	0.047961
631.000000	0.048080
630.000000	0.048276
629.000000	0.048529
628.000000	0.048727
627.000000	0.048844
626.000000	0.048916
625.000000	0.048942
624.000000	0.048961
623.000000	0.049095
622.000000	0.049385
621.000000	0.049688
620.000000	0.049852
619.000000	0.049867
618.000000	0.049777
617.000000	0.049610
616.000000	0.049498
615.000000	0.049643
614.000000	0.050025
613.000000	0.050348
612.000000	0.050395
611.000000	0.050265
610.000000	0.050148
609.000000	0.050058
608.000000	0.049933
607.000000	0.049778
606.000000	0.049582
605.000000	0.049291
604.000000	0.049014
603.000000	0.049008
602.000000	0.049282
601.000000	0.049466
600.000000	0.049285
599.000000	0.048922
598.000000	0.048718
597.000000	0.048756
596.000000	0.048924
595.000000	0.049183
594.000000	0.049505
593.000000	0.049765
592.000000	0.049876
591.000000	0.049919
590.000000	0.049946
589.000000	0.049869
588.000000	0.049653
587.000000	0.049459
586.000000	0.049421
585.000000	0.049493
584.000000	0.049621
583.000000	0.049844
582.000000	0.050120
581.000000	0.050305
580.000000	0.050434
579.000000	0.050715
578.000000	0.051136
577.000000	0.051410
576.000000	0.051439
575.000000	0.051480
574.000000	0.051640
573.000000	0.051605
572.000000	0.051170
571.000000	0.050662
570.000000	0.050529
569.000000	0.050764
568.000000	0.051042
567.000000	0.051209
566.000000	0.051313
565.000000	0.051385
564.000000	0.051478
563.000000	0.051713
562.000000	0.052065
561.000000	0.052300
560.000000	0.052304
559.000000	0.052258
558.000000	0.052317
557.000000	0.052384
556.000000	0.052359
555.000000	0.052312
554.000000	0.052255
553.000000	0.052032
552.000000	0.051654
551.000000	0.051415
550.000000	0.051468
549.000000	0.051576
548.000000	0.051521
547.000000	0.051427
546.000000	0.051507
545.000000	0.051779
544.000000	0.052211
543.000000	0.052803
542.000000	0.053375
541.000000	0.053642
540.000000	0.053624
539.000000	0.053613
538.000000	0.053624
537.000000	0.053378
536.000000	0.052947
535.000000	0.052877
534.000000	0.053381
533.000000	0.053954
532.000000	0.054143
531.000000	0.054168
530.000000	0.054458
529.000000	0.054999
528.000000	0.055517
527.000000	0.055903
526.000000	0.056120
525.000000	0.056078
524.000000	0.055903
523.000000	0.055928
522.000000	0.056157
521.000000	0.056135
520.000000	0.055620
519.000000	0.054997
518.000000	0.054715
517.000000	0.054730
516.000000	0.054799
515.000000	0.054879
514.000000	0.054887
513.000000	0.054606
512.000000	0.054137
511.000000	0.053993
510.000000	0.054377
509.000000	0.054811
508.000000	0.054825
507.000000	0.054535
506.000000	0.054230
505.000000	0.053866
504.000000	0.053357
503.000000	0.052861
502.000000	0.052449
501.000000	0.051941
500.000000	0.051436
499.000000	0.051385
498.000000	0.051850
497.000000	0.052249
496.000000	0.052224
495.000000	0.052168
494.000000	0.052452
493.000000	0.052733
492.000000	0.052568
491.000000	0.052179
490.000000	0.051979
489.000000	0.051848
488.000000	0.051440
487.000000	0.050782
486.000000	0.050072
485.000000	0.049367
484.000000	0.048896
483.000000	0.049149
482.000000	0.050113
481.000000	0.050997
480.000000	0.051237
479.000000	0.051181
478.000000	0.051394
477.000000	0.051806
476.000000	0.052083
475.000000	0.052268
474.000000	0.052499
473.000000	0.052585
472.000000	0.052432
471.000000	0.052320
470.000000	0.052220
469.000000	0.051568
468.000000	0.050260
467.000000	0.049171
466.000000	0.049098
465.000000	0.049742
464.000000	0.050328
463.000000	0.050499
462.000000	0.050216
461.000000	0.049579
460.000000	0.049180
459.000000	0.049809
458.000000	0.051179
457.000000	0.051832
456.000000	0.051239
455.000000	0.050521
454.000000	0.050465
453.000000	0.050382
452.000000	0.049381
451.000000	0.047799
450.000000	0.046613
449.000000	0.046249
448.000000	0.046706
447.000000	0.047832
446.000000	0.048888
445.000000	0.048848
444.000000	0.047784
443.000000	0.047087
442.000000	0.047570
441.000000	0.048338
440.000000	0.048419
439.000000	0.048200
438.000000	0.048388
437.000000	0.048681
436.000000	0.048382
435.000000	0.047580
434.000000	0.046723
433.000000	0.045876
432.000000	0.045275
431.000000	0.045555
430.000000	0.046507
429.000000	0.046791
428.000000	0.045837
427.000000	0.044813
426.000000	0.044823
425.000000	0.045270
424.000000	0.045149
423.000000	0.044815
422.000000	0.045066
421.000000	0.045608
420.000000	0.045780
419.000000	0.045725
418.000000	0.045413
417.000000	0.043952
416.000000	0.041547
415.000000	0.039941
414.000000	0.040204
413.000000	0.041247
412.000000	0.041658
411.000000	0.041805
410.000000	0.042517
409.000000	0.043231
408.000000	0.043268
407.000000	0.043352
406.000000	0.044031
405.000000	0.044272
404.000000	0.043451
403.000000	0.042902
402.000000	0.043568
401.000000	0.043960
400.000000	0.042679
